0b007601 0b000601 10000 100 14351 24898 94757 95256
0b004b01 0b000001 10000 100 46394 24730 121607 122120
0b003101 0b002b01 10000 100 2558 100822 84866 85361
0b002001 0b002701 10000 100 56809 246510 88547 89236
0b000901 0b001901 10000 100 64195 154630 189514 137052
0b004201 0b004001 10000 100 72465 298969 101680 102375
0b000b01 0b005f01 10000 100 4323 371077 86354 86850
0b004501 0b004b01 10000 100 10313 411348 49602 50272
0b002601 0b002d01 10000 100 29876 441784 90766 66652
0b005001 0b001601 10000 100 2709 450362 85787 85482
0b005201 0b007a01 10000 100 3733 469872 86581 86340
0b007601 0b007201 10000 100 9251 523629 48715 49384
0b003901 0b005801 10000 100 227435 301176 273318 273903
0b007b01 0b000501 10000 100 196643 356347 247506 248079
0b000d01 0b005f01 10000 100 79541 484225 149715 149904
0b000d01 0b004b01 10000 100 1376 576217 83883 84377
0b004c01 0b001101 10000 100 20275 589081 107761 100226
0b004301 0b006f01 10000 100 68261 511072 196653 140458
0b001001 0b001d01 10000 100 79823 678174 107832 108530
0b000301 0b000e01 10000 100 3564 775926 43937 44604
0b006f01 0b003d01 10000 100 22487 747561 119305 102072
0b003601 0b001301 10000 100 7293 789437 88844 89341
0b001e01 0b003701 10000 100 53585 775981 128302 128141
0b005301 0b001a01 10000 100 11081 692957 229305 92525
0b002a01 0b002f01 10000 100 79861 832177 107863 108560
0b004601 0b005301 10000 100 84052 588369 352511 153705
0b005201 0b007a01 10001 100 49524 801373 182787 124739
0b002401 0b002d01 10000 100 42385 863446 137054 77159
0b001201 0b005501 10000 100 77763 638231 373865 148405
0b004e01 0b007f01 10000 100 7405 923730 94397 89431
0b001001 0b007401 10000 100 71000 937659 142204 142726
0b007a01 0b007301 10000 100 75047 1066155 103860 104556
0b002c01 0b006b01 10000 100 3481 1111075 85643 86138
0b001401 0b002001 10000 100 3823 1112254 86386 86412
0b005401 0b006201 10000 100 8351 1117800 90154 90226
0b003b01 0b000d01 10000 100 42816 1195898 118593 119104
0b007201 0b001e01 10000 100 50677 1215821 166993 125700
0b004a01 0b003401 10000 100 4318 1288884 102609 86846
0b007201 0b004e01 10000 100 71617 1214826 185216 143258
0b003201 0b003701 10000 100 39712 1332124 74224 74905
0b005801 0b006f01 10000 100 642924 840085 672805 622230
0b005c01 0b000e01 10000 100 42304 1353778 187947 118694
0b003a01 0b004d01 10000 100 8754 1473833 93892 90548
0b005301 0b004b01 10000 100 343170 1136946 462986 370945
0b007301 0b003a01 10000 100 38658 1503637 115738 115624
0b004d01 0b004e01 10000 100 192953 1458575 203062 203373
0b005a01 0b000201 10000 100 9953 1590718 99328 91546
0b001601 0b003301 10000 100 1154852 649087 1050478 1051433
0b004401 0b001d01 10000 100 65739 1659195 138145 138325
0b006501 0b001801 10000 100 7460 1717720 88978 89475
0b001d01 0b001701 10000 100 66233 1713638 98962 97159
0b006101 0b005601 10000 100 1216880 711646 1121322 1103436
0b002f01 0b005401 10000 100 65861 1589937 300570 138423
0b006f01 0b006e01 10000 100 21255 1893821 59854 59448
0b002101 0b005701 10000 100 23392 1853712 104274 102835
0b007901 0b003701 10000 100 32556 1864458 110725 110512
0b004c01 0b006c01 10000 100 75196 1865615 145751 146275
0b005401 0b000301 10000 100 193900 1746347 267405 245769
0b004101 0b007a01 10000 100 69782 2001061 141192 141713
0b002201 0b007d01 10000 100 17048 2133507 97844 97529
0b001b01 0b003d01 10000 100 50332 2119610 126110 125424
0b004601 0b002a01 10000 100 53326 2110004 171066 127934
0b002001 0b002401 10000 100 3625 2242051 46485 44653
0b004e01 0b002901 10000 100 79984 2075406 216498 150259
0b002401 0b004801 10000 100 23076 2215023 104199 102582
0b001501 0b000501 10000 100 40088 2255950 116334 116844
0b001d01 0b001c01 10000 100 23891 2337112 60959 61634
0b006801 0b007401 10000 100 57857 2062971 348503 131712
0b004701 0b005c01 10000 100 24237 2328327 103622 103549
0b004501 0b006f01 10000 100 5109 2358874 87880 87517
0b004e01 0b001201 10000 100 84203 2313364 214472 153826
0b001501 0b004401 10000 100 69328 2386199 202867 141350
0b003001 0b002501 10000 100 40743 2481945 135367 117368
0b001601 0b004001 10000 100 61141 2529257 133976 134493
0b000501 0b004101 10000 100 62743 2566796 135342 135813
0b002c01 0b006b01 10001 100 2372 2632340 84718 85212
0b007401 0b004401 10000 100 62226 2776766 136273 135400
0b001101 0b001301 10000 100 24220 2885900 61260 61936
0b001101 0b002901 10000 100 5565 2972353 87412 87882
0b001401 0b002101 10000 100 51101 2909321 152788 126077
0b003c01 0b004501 10000 100 9065 2983542 96570 90836
0b006701 0b006d01 10000 100 35766 3055395 71795 71595
0b007f01 0b004201 10000 100 36480 2984352 143022 113804
0b001b01 0b000a01 10000 100 40785 3081425 148010 117402
0b006d01 0b000601 10000 100 179108 3011558 236327 233398
0b002101 0b002901 10000 100 75828 3103519 162168 105180
0b000301 0b002201 10000 100 43187 3135051 142486 119439
0b001501 0b005301 10000 100 569529 2310324 969545 560711
0b007e01 0b007201 10000 100 1249170 1723083 1587828 1088936
0b002501 0b005e01 10000 100 76964 3068175 269980 147728
0b005001 0b001b01 10001 100 64232 3213017 191032 137081
0b002501 0b002d01 10000 100 3684548 185007 3250177 3130742
0b000701 0b006701 10000 100 306337 3091785 394768 340058
0b006601 0b001101 10000 100 10918 3309025 179214 92356
0b000701 0b005901 10000 100 56944 3281233 222506 130944
0b007501 0b001201 10000 100 154543 3155991 430096 212786
0b004d01 0b005c01 10000 100 42180 3396689 191966 118595
0b004601 0b003001 10000 100 3974931 29792 3585445 3415784
0b000c01 0b005401 10000 100 825290 2574560 1052662 775150
0b007a01 0b001e01 10000 100 146943 3295745 380844 206399
0b000a01 0b000701 10000 100 86154 3603829 113163 113864
0b003801 0b002301 10000 100 19147 3616380 106821 99285
0b003c01 0b006f01 10000 100 39516 3591349 146350 116348
0b007c01 0b006f01 10000 100 76068 3562680 246177 147011
0b004201 0b004e01 10000 100 474188 3270098 560659 439190
0b000601 0b004001 10000 100 54374 3729106 131842 128811
0b000401 0b007401 10000 100 509864 1729069 2169643 510675
0b000701 0b003d01 10000 100 72465 3772202 147816 143975
0b007901 0b007f01 10000 100 74687 3883315 104110 104229
0b003f01 0b001801 10000 100 50672 3846383 163026 125696
0b006e01 0b003601 10000 100 3034 3860415 168736 85780
0b002701 0b006801 10000 100 7392 3559632 508491 89420
0b004b01 0b007a01 10000 100 27657 3969127 106878 106400
0b005601 0b004601 10000 100 57445 3904090 179459 131383
0b005801 0b002001 10000 100 46816 3841957 243819 122457
0b000601 0b000d01 10000 100 182598 3859360 245084 194705
0b006c01 0b005c01 10000 100 4425 4032206 89447 86932
0b003901 0b006501 10000 100 105399 3789866 366653 171589
0b001101 0b002601 10000 100 45894 4079616 149189 121681
0b000901 0b001401 10000 100 766384 2558954 1711766 725760
0b007b01 0b004e01 10000 100 3538 4186378 104938 86184
0b000701 0b004e01 10000 100 2826 4203818 87622 85576
0b000801 0b001f01 10000 100 25704 4221612 105169 104761
0b000001 0b003201 10000 100 7515 4276405 89310 89519
0b001301 0b002301 10000 100 23861 4391198 113716 103210
0b004401 0b003301 10000 100 50947 4471233 138659 125916
0b001c01 0b003201 10000 100 18100 4504831 115639 98409
0b003c01 0b004301 10000 100 229959 3950659 748290 275999
0b005d01 0b005b01 10000 100 1199422 2734215 1982981 1047217
0b002f01 0b003e01 10000 100 470749 3918786 804858 477885
0b005001 0b003201 10000 100 180286 3913048 825421 234379
0b002801 0b005301 10000 100 28779 4644178 120269 107336
0b004d01 0b003401 10000 100 225287 4310470 459022 272108
0b004401 0b000801 10000 100 15547 4663996 106722 96252
0b006401 0b007701 10000 100 43368 4638949 142651 119584
0b005b01 0b007901 10000 100 68052 4646454 199560 140291
0b007901 0b004201 10000 100 29188 4774663 124356 107702
0b003f01 0b000101 10000 100 3722 4808033 112863 86331
0b000101 0b001f01 10000 100 43024 4719333 203633 119308
0b002c01 0b001401 10000 100 7046 4759990 238808 89144
0b006901 0b002b01 10000 100 28014 4903942 129352 106724
0b000301 0b000b01 10000 100 76248 4944048 104858 105555
0b005e01 0b001301 10000 100 12248 4958324 94028 93497
0b006301 0b002b01 10000 100 999 4865524 209669 84037
0b002201 0b006201 10000 100 17953 5023169 114453 98253
0b006b01 0b007601 10000 100 24798 4927388 224522 103998
0b002301 0b002b01 10000 100 2944499 2632921 2534905 2510287
0b000801 0b000401 10000 100 39905 4980782 275634 75060
0b000101 0b007201 10000 100 1645562 2326240 2982562 1462856
0b005201 0b006c01 10000 100 69087 4865806 447951 141157
0b007e01 0b001701 10000 100 51717 4946536 383656 126570
0b004601 0b007701 10000 100 53669 5194538 150074 128208
0b002201 0b003e01 10000 100 1569342 2490245 2890036 1398961
0b007401 0b005701 10000 100 261481 4506633 875907 302445
0b006b01 0b003001 10000 100 21974 5273130 118876 101624
0b004a01 0b004401 10000 100 1414458 4163416 1229486 1227502
0b001101 0b007001 10000 100 60908 5255254 183973 134268
0b001401 0b000401 10000 100 50779 5020573 420263 125781
0b001201 0b003301 10000 100 63033 5186349 286736 136084
0b007801 0b005101 10000 100 332783 4978877 585852 362213
0b007901 0b002b01 10000 100 14525 5369784 203345 95396
0b002f01 0b004d01 10000 100 40921 5317664 262420 117511
0b007201 0b000f01 10000 100 195196 5316806 265767 246883
0b004301 0b007401 10000 100 36001 5298205 289124 113421
0b007401 0b007801 10000 100 1348235 3838044 1775499 1171989
0b001401 0b001201 10000 100 65803 5500060 120222 96776
0b002401 0b007801 10000 100 529025 4624782 1073441 526772
0b003101 0b004a01 10000 100 196414 5335646 436635 247896
0b004101 0b001a01 10000 100 717932 4407556 1374331 685116
0b003201 0b001201 10000 100 68839 5664662 173281 140920
0b002201 0b003001 10000 100 23633 5740037 104496 103028
0b005e01 0b004601 10000 100 39335 5822211 138476 116204
0b005d01 0b002801 10000 100 23 5857799 118282 83256
0b001601 0b002f01 10000 100 8506 6032352 94013 90350
0b001701 0b007301 10000 100 131798 5690298 463633 193707
0b000501 0b000801 10000 100 19049 6100613 56933 57607
0b005a01 0b003501 10000 100 1496906 4052427 2177757 1338209
0b000601 0b002901 10000 100 87887 6053778 189253 156888
0b001101 0b005d01 10000 100 12882 6145173 163406 94004
0b004f01 0b001201 10000 100 188974 5745607 575445 241636
0b001b01 0b006e01 10000 100 7006 6231337 91518 89112
0b003901 0b006401 10000 100 12705 6107280 228093 93863
0b004b01 0b001801 10000 100 40908 6136121 213634 117500
0b003801 0b000901 10000 100 1356 6099696 275920 84361
0b002601 0b001401 10000 100 1348512 3730152 2708101 1213811
0b004c01 0b000c01 10000 100 1396714 4182588 2310877 1254216
0b000801 0b006f01 10000 100 2912 6441338 85251 85644
0b006c01 0b004c01 10000 100 3189276 3679905 2895837 2757116
0b005101 0b000f01 10000 100 27274 6421715 162968 106094
0b005c01 0b007e01 10000 100 1073 6572506 84434 84135
0b000301 0b004501 10000 100 9811 6581288 97603 91432
0b001001 0b000101 10000 100 40887 6447917 261061 117484
0b005001 0b007801 10000 100 388924 4646154 2152975 409276
0b005001 0b001b01 10000 100 2102982 758990 6048745 1846340
0b001101 0b004b01 10000 100 1038964 5247877 1706014 954268
0b006f01 0b005b01 10000 100 2917973 864958 6152605 2529629
0b001601 0b001a01 10000 100 138248 6817184 224113 157536
0b003a01 0b005201 10000 100 6779 6531501 550810 88892
0b004c01 0b006801 10000 100 71575 6787077 332173 143224
0b004e01 0b002e01 10000 100 83296 6709118 422479 153062
0b002601 0b004001 10000 100 854371 5620445 1539757 799528
0b002001 0b005801 10000 100 4772096 811372 6350413 4084160
0b002c01 0b004301 10000 100 73353 6917164 294379 144724
0b000f01 0b002801 10000 100 52765 7075228 150396 127447
0b001b01 0b006601 10000 100 22734 7184586 156849 102270
0b002601 0b003f01 10000 100 22060 7193007 169946 101731
0b007101 0b002e01 10000 100 172150 6802154 580152 227563
0b005b01 0b007201 10000 100 46068 7320968 148064 121859
0b000901 0b000201 10000 100 7940851 81074 7391548 6699215
0b007401 0b005601 10000 100 6820 7410708 91380 88924
0b005001 0b003801 10000 100 661833 3871905 3646979 638087
0b005001 0b003701 10000 100 278861 6164171 1364171 317002
0b001801 0b002201 10000 100 3362923 1944723 5592386 2902677
0b002001 0b003101 10000 100 45155 7410946 159201 121090
0b001c01 0b000101 10000 100 12976 7455245 131103 94080
0b003201 0b006d01 10000 100 10361 7541659 95603 91911
0b001a01 0b006b01 10000 100 42463 7512922 124399 118821
0b005501 0b002901 10000 100 6547 7535098 109527 88706
0b006401 0b000401 10000 100 2603121 2731964 4988767 2265690
0b001801 0b002401 10000 100 65603 7492312 233647 138216
0b006601 0b001f01 10000 100 51323 7652196 129092 126255
0b005801 0b003501 10000 100 159278 7504913 280490 216766
0b007801 0b000801 10000 100 24812 7684149 132447 104009
0b004001 0b007701 10000 100 304570 6715020 1101603 338568
0b007601 0b005d01 10000 100 2606810 3757021 4059827 2268756
0b003d01 0b002d01 10000 100 859552 5406227 2458131 803865
0b002101 0b002e01 10000 100 5262946 3108599 4774230 4454056
0b003801 0b003e01 10000 100 22434 7796203 120662 60430
0b000801 0b006501 10000 100 77363 7696860 314131 148085
0b001c01 0b004d01 10000 100 17096 7942846 107042 97568
0b006001 0b005d01 10000 100 21338 7934528 134532 101115
0b002201 0b006001 10001 100 5779 8006301 98521 88053
0b007f01 0b002701 10000 100 217211 7631748 477567 265340
0b006801 0b002801 10000 100 1251220 4839305 3276568 1132252
0b003d01 0b004b01 10000 100 23108 8004168 121349 102608
0b005601 0b007d01 10000 100 1307360 2795888 5410741 1179315
0b001501 0b002101 10000 100 27798 8149227 108740 106513
0b001801 0b005301 10000 100 3347240 2175139 6103398 2889555
0b002901 0b001c01 10000 100 51469 7853360 439835 126372
0b000701 0b000101 10000 100 5008810 3964804 4380494 4240993
0b002101 0b000101 10000 100 1444 8319843 85137 84432
0b001001 0b004001 10000 100 76263 8271338 184032 147167
0b004201 0b006f01 10000 100 444624 7847801 672710 455987
0b002a01 0b000501 10000 100 5338 8165207 384347 87700
0b001101 0b006b01 10000 100 25816 8445338 133829 104851
0b005901 0b000201 10000 100 50174 8183367 421211 125297
0b007a01 0b003801 10000 100 34210 7972191 673747 111912
0b004b01 0b007201 10000 100 2625343 3547339 5172949 2284312
0b001b01 0b006401 10000 100 76853 8478726 242411 147639
0b002c01 0b000001 10000 100 919703 6649841 2149066 854290
0b006b01 0b007601 10001 100 1055606 6875395 1944570 968235
0b004001 0b001b01 10000 100 77409 8682763 150957 148122
0b002c01 0b005d01 10000 100 1538312 5801225 3040420 1372947
0b006001 0b006a01 10000 100 1154667 7136751 1720449 1009685
0b004b01 0b004501 10000 100 66000 8764746 99166 96934
0b000a01 0b002e01 10000 100 29283 8564979 320569 107778
0b004a01 0b003001 10000 100 73064 8590239 346968 144492
0b005c01 0b002c01 10000 100 17726 8717205 226137 98072
0b000c01 0b003101 10000 100 1805034 6924810 2031661 1596577
0b005901 0b006901 10000 100 1555375 5055290 3970597 1387250
0b006701 0b006301 10000 100 46340 8919359 124546 80476
0b004501 0b002f01 10000 100 583722 7807754 1246857 572603
0b002701 0b002b01 10000 100 1056262 8176326 926110 927198
0b006901 0b000d01 10000 100 2176 9131209 87038 85056
0b006b01 0b007801 10000 100 1175663 7441938 1840739 1068888
0b001201 0b004201 10000 100 3955226 2918224 6374814 3399291
0b004401 0b003701 10000 100 5787 8826241 540263 88060
0b003201 0b003c01 10000 100 65211 9262814 114885 96303
0b000f01 0b001e01 10000 100 178632 8856722 539737 232979
0b000101 0b007d01 10000 100 6819 9315647 94147 88924
0b000b01 0b002701 10000 100 9994 9241126 189608 91579
0b006a01 0b007f01 10000 100 179543 8966269 533180 233746
0b000a01 0b000d01 10000 100 55906 9360707 151485 88475
0b000501 0b004a01 10000 100 77883 9311229 228831 148501
0b004f01 0b001c01 10000 100 193966 9092600 461759 245822
0b005001 0b005f01 10000 100 120017 9326951 245109 142260
0b006701 0b006601 10000 100 57991 9549263 142092 90220
0b003501 0b007801 10000 100 86594 9543845 236596 155816
0b004f01 0b007e01 10000 100 19435 9617452 182563 99516
0b007701 0b006c01 10000 100 73814 9651581 161797 145092
0b007a01 0b003701 10000 100 44438 9690014 139942 120478
0b005101 0b004e01 10000 100 590 9700025 132502 83710
0b007d01 0b007001 10000 100 1783 9789661 42897 43103
0b004501 0b006b01 10000 100 13376 9767733 136180 94438
0b004801 0b007301 10000 100 117543 9659162 249871 181765
0b006301 0b006001 10000 100 1908958 6941585 2987447 1642072
0b005f01 0b006b01 10000 100 48311 9734345 199166 123730
0b002d01 0b006e01 10000 100 29638 9837696 177931 108062
0b004001 0b004a01 10000 100 6042 10008155 46401 46702
0b003a01 0b006a01 10000 100 1386331 6885509 3184698 1245525
0b004301 0b001501 10000 100 22012 9956946 121401 101692
0b005001 0b005801 10000 100 4775374 2458635 7625577 4045297
0b005e01 0b005501 10000 100 22863 10022500 62214 60773
0b000201 0b006d01 10000 100 1058398 8659429 1449912 970584
0b002b01 0b007901 10000 100 94771 9715770 396926 162664
0b004a01 0b007601 10000 100 6297 10032688 91410 88506
0b000f01 0b004f01 10000 100 914169 7849302 2293405 849671
0b004201 0b006801 10000 100 43401 9676721 477848 119610
0b002801 0b003d01 10000 100 16430 10006078 170630 96996
0b006f01 0b007101 10000 100 633 10094667 84816 83744
0b000101 0b001f01 10001 100 80 10196781 81331 83302
0b003d01 0b002d01 10001 100 2972392 6779537 3525746 2575276
0b000301 0b005301 10000 100 50104 10209598 161737 125241
0b001601 0b000701 10000 100 11071 10333552 95908 92517
0b003701 0b004c01 10000 100 28235 10339294 146775 106901
0b000b01 0b003901 10000 100 45487 10346307 149595 121356
0b006d01 0b005401 10000 100 5107 10426306 95316 87516
0b007b01 0b007001 10000 100 2088 10500375 43195 43385
0b006c01 0b004a01 10000 100 8502 10301076 247667 90347
0b003f01 0b006901 10000 100 42299 10376415 187822 118690
0b005d01 0b002401 10000 100 39154 10352582 212952 116059
0b003c01 0b001501 10000 100 150340 10351436 217696 209270
0b003901 0b002301 10000 100 801273 8764263 1810487 755015
0b004701 0b000b01 10000 100 20287 10456878 119421 100236
0b002a01 0b000801 10000 100 20451 10487320 126003 100367
0b004901 0b003a01 10000 100 2716 10573068 86786 85488
0b000f01 0b007a01 10000 100 4161490 4312450 6378878 3572212
0b005001 0b001601 10001 100 22492 10566878 179831 102076
0b002801 0b003f01 10000 100 330795 10149093 604715 360546
0b003b01 0b003901 10000 100 848064 9309719 1491653 752652
0b003301 0b007f01 10000 100 68507 10654392 183840 140655
0b005b01 0b001e01 10000 100 2331 10839650 86444 85180
0b001e01 0b006b01 10000 100 44485 10805094 159106 120516
0b002201 0b006901 10000 100 23830 10836967 128752 103185
0b005201 0b001e01 10000 100 3205405 3142673 7844857 2770634
0b003a01 0b005701 10000 100 47311 10919043 215700 122892
0b007f01 0b006501 10000 100 133041 10899334 280684 194778
0b002d01 0b006201 10000 100 1128214 9221753 1988292 1029124
0b006701 0b007c01 10000 100 199748 10596633 630442 250678
0b000701 0b006a01 10000 100 30557 11118475 122266 108836
0b000c01 0b000b01 10000 100 1044603 9561799 1695952 917410
0b006101 0b007b01 10000 100 9385 11166806 103188 91092
0b004101 0b006301 10000 100 42829 11023181 247921 119114
0b001301 0b006601 10000 100 734220 10223270 1066104 698800
0b002301 0b007b01 10000 100 3861 11404433 107649 86442
0b000401 0b007901 10000 100 9187 11426503 95292 90933
0b006a01 0b003001 10000 100 48484 11338190 237674 123868
0b003801 0b000501 10000 100 2928153 6518962 5067957 2538196
0b002a01 0b004a01 10000 100 27723 11413459 186079 106453
0b002101 0b000001 10000 100 979043 10132527 1495439 904066
0b004901 0b004c01 10000 100 57349 11571828 92059 89706
0b006901 0b007601 10000 100 1821893 5176766 6527024 1610679
0b002e01 0b003a01 10000 100 25798 11691098 118905 104836
0b007e01 0b001c01 10000 100 23264 11667587 177307 102732
0b005701 0b003101 10000 100 23793 11726221 137419 103156
0b005801 0b006b01 10000 100 57250 11389447 474954 131227
0b000301 0b001401 10000 100 11078 11681863 182928 92523
0b000401 0b000901 10000 100 20858 11846248 59282 59092
0b006e01 0b001201 10000 100 4173678 2817773 9090979 3582424
0b003301 0b000201 10000 100 23883 11585731 328632 103228
0b005201 0b005501 10000 100 25397 11879358 74810 62916
0b000101 0b003601 10000 100 184761 11662098 298840 238112
0b000501 0b001301 10000 100 1917014 7787441 4202220 1690462
0b005d01 0b003c01 10000 100 23126 11838446 156830 102622
0b002501 0b006701 10000 100 66191 11853705 182024 138725
0b005d01 0b000201 10000 100 7304 11917343 147876 89350
0b004601 0b003101 10000 100 23823 11930203 135978 103180
0b000901 0b002e01 10000 100 9662 11967309 100932 91313
0b007d01 0b007701 10000 100 111303 11914420 187384 134943
0b005c01 0b007d01 10000 100 27914 11881984 247060 106606
0b002801 0b003d01 10001 100 44155 11988429 144543 120252
0b000d01 0b000801 10000 100 8833 12116024 52050 49012
0b004601 0b002a01 10001 100 63783 11991821 191927 136684
0b005101 0b007901 10000 100 4283379 658872 11534321 3674408
0b000c01 0b004201 10000 100 29880 12093097 109232 108256
0b003701 0b002201 10000 100 60325 12038502 191888 133802
0b002901 0b004b01 10000 100 257928 11885805 395099 299449
0b006a01 0b003001 10001 100 37743 12094751 210182 114853
0b003a01 0b003c01 10000 100 1668080 9196853 3141246 1440153
0b003e01 0b006801 10000 100 101043 11352017 990705 167951
0b005901 0b005301 10000 100 49207 12194710 152482 82885
0b001b01 0b002401 10000 100 54305 12210297 155362 128756
0b003801 0b002901 10000 100 1617813 9269434 3099621 1439581
0b003201 0b006701 10000 100 1929 11932515 443687 84820
0b005c01 0b002c01 10001 100 30801 12245228 168855 109031
0b006601 0b006401 10000 100 128853 12301787 154234 149636
0b004301 0b006001 10000 100 1296951 9936139 2522000 1170565
0b002201 0b006801 10000 100 1640 12385495 105653 84588
0b004b01 0b004001 10000 100 2133797 10555964 1959370 1830583
0b004501 0b005701 10000 100 77829 11927386 614412 148458
0b003c01 0b005901 10000 100 32058 12217938 356793 110113
0b005901 0b000e01 10000 100 843981 10009745 2588336 790794
0b004b01 0b003201 10000 100 140705 11978584 619858 201178
0b005701 0b001001 10000 100 40435 12239237 380936 117122
0b000f01 0b002601 10000 100 22760 12403807 246242 102291
0b000001 0b001601 10000 100 7523 12668717 93119 89525
0b004801 0b004e01 10000 100 2865 12812152 43340 44007
0b005c01 0b004701 10000 100 26571 12712607 156729 105493
0b000101 0b007301 10000 100 17575 12610919 267778 97951
0b001001 0b003301 10000 100 11797 12758878 274431 93098
0b003001 0b007e01 10000 100 34144 12594602 464706 111859
0b004201 0b003301 10000 100 27154 12912471 147583 105998
0b002a01 0b001e01 10000 100 28337 12910445 189520 106983
0b002801 0b005301 10001 100 1274789 10638173 2486647 1151991
0b006c01 0b004a01 10001 100 754238 11347025 1796327 715582
0b003c01 0b002e01 10000 100 4006 13073788 86619 86596
0b005401 0b004b01 10000 100 24508 12884061 279573 103766
0b005701 0b003801 10000 100 22943 12993209 244524 102437
0b004301 0b004201 10000 100 26143 13184083 91005 63551
0b000701 0b005e01 10000 100 23510 13170943 126364 102929
0b000c01 0b004101 10000 100 2447393 8604892 4709581 2135117
0b007501 0b005801 10000 100 28580 12569433 748259 107177
0b001d01 0b004201 10000 100 30115 13186990 156618 108482
0b007001 0b000401 10000 100 6297323 1705804 11657798 5362901
0b001f01 0b007901 10000 100 913355 12053204 1349063 848981
0b002101 0b006401 10000 100 36401 13340468 133569 113741
0b000301 0b001f01 10000 100 3205 13418077 88122 85917
0b006101 0b004301 10000 100 23918 12984590 530498 103256
0b007201 0b000401 10000 100 31310 13431700 129337 109476
0b001001 0b001901 10000 100 21070 13490287 75556 59300
0b000501 0b005501 10000 100 45417 13427379 141218 121300
0b005d01 0b002301 10000 100 34785 13211218 370006 112372
0b007101 0b000901 10000 100 29223 13493793 156781 107730
0b000101 0b005201 10000 100 27967 13545524 114505 106648
0b007c01 0b005c01 10000 100 491518 12424182 1262752 495307
0b005601 0b007301 10001 100 180217 13054575 635270 234324
0b000f01 0b006b01 10000 100 26652 13482831 209443 105558
0b004401 0b007f01 10000 100 215158 12717024 982369 263620
0b007101 0b001101 10000 100 7046 13532671 187914 89144
0b007901 0b000301 10000 100 1300557 11647942 2143326 1173604
0b005b01 0b004d01 10000 100 2269 13635429 163128 85130
0b001501 0b001801 10000 100 172678 13310335 549116 186385
0b003801 0b005901 10000 100 179028 13182354 688395 233334
0b006d01 0b007901 10000 100 67543 13448185 425839 139845
0b006b01 0b007401 10000 100 27651 13636134 240345 106396
0b000901 0b001d01 10000 100 12607 13683241 196674 93784
0b006f01 0b006b01 10000 100 5243900 7994691 5987280 4438089
0b006401 0b002601 10000 100 1963284 2916959 11116468 1729244
0b005601 0b007001 10000 100 5730 14151154 97132 88014
0b005901 0b005701 10000 100 1657 14214378 43746 43002
0b000801 0b004601 10000 100 69374 13883645 378221 141387
0b006b01 0b001301 10000 100 66393 14085457 249991 138887
0b005201 0b004d01 10000 100 62358 14154755 198514 135505
0b001401 0b001701 10000 100 68572 14271702 102618 99107
0b000d01 0b007f01 10000 100 4774770 5969148 8443955 4086376
0b003401 0b001c01 10000 100 917201 10745726 3691550 852212
0b002c01 0b004b01 10000 100 47386 14153985 315837 122952
0b001701 0b001601 10000 100 138971 14316515 222093 158114
0b004101 0b001601 10000 100 59995 14269859 280404 133500
0b000a01 0b001b01 10000 100 21688 13964940 606077 101395
0b007f01 0b006d01 10000 100 53587 14418064 197882 128143
0b002601 0b005001 10000 100 3569314 6494096 8128743 3075739
0b001a01 0b005501 10000 100 126933 14413518 210014 189623
0b004401 0b005401 10000 100 25880 14210680 417494 104902
0b006501 0b005901 10000 100 1226236 11645379 3012949 1111305
0b001201 0b000901 10000 100 904904 13491792 1185516 841875
0b007701 0b001d01 10000 100 9931 14221668 510124 91528
0b005301 0b007301 10000 100 188261 14438812 366331 241066
0b002101 0b004801 10000 100 2302877 10124459 4688680 2013936
0b005e01 0b006301 10000 100 13840 14671975 150266 94809
0b005701 0b000401 10000 100 29441 14530030 302595 107904
0b000901 0b001901 10001 100 1389088 11901492 2950099 1247846
0b005b01 0b000201 10000 100 2648803 7719504 7158713 2303964
0b001901 0b005101 10000 100 71809 14619480 278807 143412
0b001001 0b004f01 10000 100 28330 14426746 492955 106977
0b000701 0b004201 10000 100 2860 14783345 161018 85603
0b007d01 0b006601 10000 100 598 14827583 136252 83716
0b002701 0b000f01 10000 100 8341 14783532 191228 90218
0b000301 0b005b01 10000 100 78456 14838345 161672 148998
0b003901 0b006701 10000 100 20492 14902134 101233 100400
0b003701 0b000c01 10000 100 25513 14877872 155312 104608
0b001901 0b002001 10000 100 27951 14791405 256151 106636
0b003701 0b006d01 10000 100 5865 14971952 95664 88122
0b002501 0b006b01 10000 100 776532 13232879 1841354 734262
0b002901 0b000901 10000 100 16405 14910193 226279 96976
0b002601 0b001501 10000 100 1237781 12631165 2558918 1120964
0b003801 0b007101 10000 100 17945 14972994 218883 98247
0b003701 0b003401 10000 100 8897483 7395880 7808686 7501269
0b005701 0b005901 10000 100 1615 15168071 42920 42968
0b000b01 0b002301 10000 100 71078 15011457 369439 142827
0b002701 0b007c01 10000 100 14290 14782401 635196 95208
0b002201 0b000601 10000 100 22849 15061386 385231 102362
0b005901 0b002a01 10000 100 24921 15124021 325715 104096
0b002701 0b005a01 10000 100 10191 15328924 139768 91775
0b001401 0b003f01 10000 100 79939 15225776 307596 150223
0b006601 0b003701 10000 100 2505137 2915438 12624209 2183540
0b004101 0b001601 10001 100 71634 15225958 324584 143272
0b004301 0b006c01 10000 100 17544 15393750 187171 97926
0b006901 0b006b01 10000 100 260577 15324534 259314 260084
0b004401 0b003b01 10000 100 1082870 11259630 4399343 991083
0b007601 0b001601 10000 100 10996 15514086 175002 92419
0b007a01 0b002901 10000 100 284792 14677017 1089400 321977
0b000201 0b005601 10000 100 542436 15018422 748590 538000
0b004101 0b001501 10000 100 1437293 12758782 3015555 1288253
0b002601 0b004301 10000 100 3931464 8292095 7550334 3379360
0b007a01 0b000401 10000 100 923204 11209045 4637126 857244
0b007501 0b007701 10000 100 929174 14463596 1411503 820651
0b007901 0b001801 10000 100 47595 15557425 336768 123119
0b005301 0b001e01 10000 100 59751 15722945 201361 133304
0b004b01 0b001c01 10000 100 35298 15789632 148239 112820
0b000201 0b005401 10000 100 19322 15853540 102338 99425
0b001801 0b003b01 10000 100 946 15771709 193067 83995
0b003901 0b000201 10000 100 13732 15868378 138224 94723
0b005501 0b004701 10000 100 5637 15955478 91646 87940
0b006701 0b003201 10000 100 5703021 8217983 7881591 4864650
0b004001 0b005e01 10000 100 27399 15983526 119128 106194
0b007501 0b005c01 10000 100 20096 15998574 118727 100083
0b005f01 0b004601 10000 100 3384998 3503695 12633855 2921182
0b001301 0b004d01 10000 100 324612 15161490 983059 355369
0b005801 0b004d01 10000 100 58988 15985491 160147 132656
0b000101 0b000801 10000 100 1329166 14190509 1962867 1156004
0b002f01 0b001e01 10000 100 78719 15951796 212890 149208
0b001c01 0b005501 10000 100 732 16137629 93014 83824
0b002501 0b003a01 10000 100 552653 15008714 1257137 546557
0b006001 0b000601 10000 100 29037 16102973 170646 107581
0b004d01 0b000501 10000 100 1463709 14200769 2144050 1310384
0b005901 0b002901 10000 100 524948 14188526 2163179 523318
0b007601 0b001001 10000 100 18625 15975877 385856 98829
0b000f01 0b004101 10000 100 1525394 10574903 5875576 1362113
0b003901 0b004c01 10000 100 65838 16040932 421147 138404
0b001001 0b003701 10000 100 4888542 6448160 10092655 4181771
0b002201 0b003d01 10000 100 62095 16297700 267791 135295
0b005001 0b005201 10000 100 1505 16561083 42906 42880
0b006f01 0b003001 10000 100 24941 16308052 312359 104112
0b002c01 0b000d01 10000 100 1554486 14059923 2578991 1386500
0b002b01 0b006c01 10000 100 78227 16461457 212467 148815
0b002701 0b003101 10000 100 7290 16587179 94540 89339
0b002101 0b003201 10000 100 4841 16571330 116011 87264
0b000a01 0b006b01 10000 100 46438 16134316 564215 122155
0b001001 0b006f01 10000 100 6899 16308943 401050 88988
0b007b01 0b002601 10000 100 949007 12374169 4357510 878885
0b003001 0b002301 10000 100 68143 16233513 555941 140364
0b007801 0b000001 10000 100 1389314 11633559 5170240 1248027
0b002c01 0b003601 10000 100 4553 16700070 130998 87034
0b004401 0b002401 10000 100 1902472 12354774 4477720 1678252
0b000801 0b002301 10000 100 988103 14725378 2109619 911660
0b001e01 0b007901 10000 100 16249 16644360 193689 96852
0b007501 0b002701 10000 100 58810 16696552 142763 132513
0b003f01 0b001d01 10000 100 52478 16750887 170306 127217
0b003801 0b007c01 10000 100 57173 16726770 200287 131165
0b007901 0b000b01 10000 100 24019 16830586 119291 103375
0b006501 0b006701 10000 100 2562 16912762 43146 43764
0b004b01 0b002a01 10000 100 70187 16633300 404673 142076
0b005001 0b007701 10000 100 2996595 11461910 5579291 2595560
0b001601 0b007b01 10000 100 182418 16687547 388943 236161
0b002a01 0b001801 10000 100 3572 17089003 91036 86211
0b004701 0b001d01 10000 100 20867 17120820 104998 100700
0b005301 0b000301 10000 100 19035 16646930 678239 99196
0b003801 0b006801 10000 100 4870320 628485 16748887 4166502
0b001201 0b006701 10000 100 176848 16664129 724312 231475
0b002401 0b003a01 10000 100 21725 16945495 455938 101424
0b005601 0b002801 10000 100 82035 17157541 279197 152015
0b004e01 0b003201 10000 100 1510037 13802198 3754676 1349252
0b005601 0b003a01 10000 100 62827 17208199 370949 135880
0b004301 0b000901 10000 100 54429 17342201 248914 128855
0b006d01 0b004401 10000 100 25799 17161126 509781 104837
0b002a01 0b006b01 10000 100 22597 17522647 161614 102160
0b004301 0b004201 10001 100 1248 17424334 264543 42675
0b001e01 0b000501 10000 100 2139722 12979315 4714335 1877153
0b000f01 0b003e01 10000 100 37760 17557581 193751 114867
0b004201 0b001401 10000 100 176817 17046317 708122 231450
0b004c01 0b000f01 10000 100 1039104 15911696 1864003 954419
0b002801 0b007801 10000 100 1151449 14647940 3246018 1048596
0b000101 0b002d01 10000 100 2547 17795129 160852 85352
0b006601 0b004201 10000 100 1261628 14180847 3775486 1140963
0b002801 0b004c01 10000 100 1758379 14543004 3449932 1557448
0b000701 0b004901 10000 100 6266 17822354 203755 88481
0b001801 0b006801 10000 100 1506775 6221961 11838032 1346488
0b007001 0b006801 10000 100 548906 15842221 2245064 543406
0b001c01 0b007801 10000 100 856 18021124 123971 83923
0b005c01 0b002a01 10000 100 66568 17829074 334543 139027
0b005c01 0b006001 10000 100 18350 17947531 229218 98609
0b002001 0b002e01 10000 100 28732 18194205 90245 65699
0b001d01 0b003101 10000 100 8122 18085018 215087 90043
0b004f01 0b001c01 10001 100 46434 18026585 303314 122152
0b004e01 0b002101 10000 100 73822 18267090 148979 145099
0b005001 0b000e01 10000 100 1963812 12388390 6043979 1729667
0b004d01 0b004301 10000 100 2154956 14093863 4349673 1848316
0b000901 0b006401 10000 100 395209 17050682 1430217 414573
0b005601 0b007501 10000 100 57232 18037873 446738 131212
0b006e01 0b000f01 10000 100 505478 17351721 1163089 507012
0b005701 0b001801 10000 100 56090 18382731 148494 130260
0b002c01 0b005c01 10000 100 43659 18441618 168093 119816
0b001c01 0b002a01 10000 100 22362 18312622 311310 101972
0b000101 0b007a01 10000 100 1667 18507511 119173 84610
0b002f01 0b000701 10000 100 36451 18513177 116938 113781
0b006501 0b000e01 10000 100 1288 18295079 356856 84307
0b000201 0b002e01 10000 100 7132 18558197 96413 89212
0b006e01 0b005601 10000 100 904781 16941396 1718759 841776
0b004701 0b003601 10000 100 66265 18081387 579335 138784
0b002701 0b005f01 10000 100 46000 18549727 139347 121766
0b001501 0b006c01 10000 100 3040225 11723710 6993154 2632154
0b000501 0b001501 10000 100 88928 18366176 382200 157760
0b000001 0b007401 10000 100 674687 17392936 1365744 648869
0b001001 0b003701 10001 100 1191020 15665737 3099648 1081788
0b000901 0b004201 10000 100 110013 18544709 299589 175472
0b000401 0b004201 10000 100 1755451 13462060 5460361 1554991
0b004f01 0b004d01 10000 100 216552 18500395 452811 223174
0b003301 0b007601 10000 100 2156635 13660365 5307624 1891336
0b001701 0b005d01 10000 100 1336765 13604587 5386547 1203952
0b007301 0b004901 10000 100 4312 18904549 89062 86841
0b004901 0b001801 10000 100 2048467 12309885 6690920 1800655
0b004d01 0b003c01 10000 100 408674 18062351 982380 425844
0b007d01 0b002201 10000 100 74439 18935072 169834 145631
0b002601 0b001001 10000 100 9092 19052191 176828 90857
0b003401 0b001a01 10000 100 25648 19060678 195604 104716
0b006b01 0b002401 10000 100 197225 18769917 579378 248583
0b000801 0b003601 10000 100 362240 18213937 1162635 386931
0b007e01 0b006201 10000 100 380977 17538716 1882988 402612
0b007101 0b007b01 10000 100 74556 19320014 109756 104124
0b002a01 0b002301 10000 100 4955226 7473932 11962279 4196091
0b000c01 0b006001 10000 100 1521677 17215917 2231645 1358986
0b007001 0b004101 10000 100 3259696 5494006 13959847 2816140
0b004001 0b000a01 10000 100 269354 18897639 623873 309051
0b006e01 0b005d01 10000 100 26526 19479582 108177 105457
0b005201 0b000901 10000 100 13284 19367950 232850 94364
0b003201 0b002b01 10000 100 2864174 12641351 6966672 2484555
0b001301 0b000701 10001 100 7586 19446977 166713 89576
0b000701 0b005401 10000 100 9609 19411736 203814 91271
0b003b01 0b000901 10000 100 7759 19491424 138753 89714
0b005c01 0b004001 10000 100 40567 19440256 231546 117228
0b005901 0b006501 10000 100 4975410 3035269 16648659 4254606
0b002201 0b007301 10000 100 30990 19444041 266441 109182
0b002001 0b002601 10000 100 27125 19574495 221058 64375
0b005601 0b003201 10000 100 25049 19536395 260002 104237
0b005c01 0b007001 10000 100 5127 19636266 176730 87532
0b003501 0b002201 10000 100 1590422 17063955 2753575 1416632
0b001301 0b001c01 10000 100 10334 19801825 75136 50289
0b007c01 0b001101 10000 100 22049 19599373 296206 101722
0b003401 0b007701 10000 100 32114 19779769 116499 110158
0b005501 0b004901 10000 100 35098 19774037 175766 112660
0b007f01 0b006401 10000 100 716594 18168618 1781435 684008
0b006e01 0b004201 10000 100 3770127 12446855 7586382 3244108
0b001101 0b001a01 10000 100 53811 19942320 92638 86722
0b007f01 0b005201 10000 100 20313 19865170 176640 100256
0b000201 0b001f01 10000 100 72929 19846528 228820 144346
0b007f01 0b001f01 10000 100 28316 19876430 230681 106966
0b000701 0b004901 10001 100 14338 19720108 400451 95246
0b002601 0b002501 10000 100 37073 20006040 117335 72717
0b006d01 0b001701 10000 100 72632 19664584 515022 144108
0b006c01 0b006801 10000 100 1760650 9058058 11123048 1517742
0b005001 0b006601 10000 100 1758069 17098307 3126281 1557200
0b003501 0b005201 10000 100 181029 19931542 364955 235012
0b002f01 0b004101 10000 100 6270 20132045 268020 88484
0b005e01 0b002801 10000 100 48395 20120231 292330 123797
0b006d01 0b001f01 10000 100 64680 19942921 482166 137440
0b000901 0b003001 10000 100 166895 20052976 386300 223128
0b002d01 0b006801 10000 100 28015 20205264 275589 106725
0b001901 0b005501 10000 100 568290 18654458 1835665 559681
0b005001 0b005e01 10000 100 42490 20424324 82332 77243
0b004801 0b004201 10000 100 2801 20494466 45324 43956
0b002d01 0b000001 10000 100 228538 20180307 371824 274824
0b005301 0b004801 10000 100 5813 20361377 196837 88080
0b000f01 0b001d01 10000 100 3209 20250575 334622 85920
0b007401 0b004d01 10000 100 4674084 12362666 8285390 4001987
0b004801 0b007501 10000 100 134839 20414392 282216 196255
0b002401 0b006c01 10000 100 400296 19514327 1235861 418835
0b002101 0b003f01 10000 100 75274 20538657 220662 146337
0b002e01 0b001b01 10000 100 1575113 16784572 4159289 1403808
0b001301 0b001d01 10000 100 72716 20696616 284469 102576
0b000a01 0b003301 10000 100 168169 20677485 309920 224224
0b007701 0b004f01 10000 100 7105365 3779328 17214317 6040362
0b006c01 0b000601 10000 100 1538123 17962725 3037810 1372796
0b006b01 0b002601 10000 100 16587 20610516 428044 97122
0b000201 0b001101 10000 100 8531 20913377 135613 90370
0b000b01 0b004b01 10000 100 23084 20922749 130810 102588
0b004001 0b004f01 10000 100 1977111 18425018 2639191 1699244
0b006d01 0b005901 10000 100 36881 20884679 201334 114125
0b006901 0b004a01 10000 100 2965 20913529 205794 85687
0b000801 0b004e01 10000 100 323251 19945508 1184805 354242
0b001a01 0b002801 10000 100 55364 21040767 176066 129641
0b004601 0b001201 10000 100 1246 21148372 137112 84273
0b005d01 0b005c01 10000 100 142022 21087385 233668 160708
0b001a01 0b005a01 10000 100 73651 20904252 435986 144962
0b001301 0b004301 10000 100 9012 21170330 171688 90793
0b000f01 0b001601 10000 100 2435 20984360 382201 85263
0b005701 0b003301 10000 100 2173 20965771 413548 85053
0b005e01 0b006801 10000 100 1738587 3242912 18218062 1540847
0b004a01 0b002901 10000 100 28307 21243428 226635 106959
0b005601 0b007301 10000 100 4747574 10400868 11088154 4063582
0b006601 0b007201 10000 100 9909 21365089 186079 91511
0b003801 0b003c01 10000 100 1794836 19475983 2080948 1546396
0b007f01 0b001301 10000 100 857682 20151218 1498392 802292
0b002101 0b006601 10000 100 288 21560756 94181 83468
0b000201 0b003701 10000 100 25739 21418463 250993 104789
0b005201 0b005301 10000 100 34799 21606448 71380 70783
0b001401 0b007001 10000 100 73436 21377357 302209 144790
0b006501 0b001c01 10000 100 293232 20639676 1051131 329075
0b001001 0b007901 10000 100 35020 21605255 119342 112598
0b003601 0b006a01 10000 100 1412280 14916519 6827887 1267283
0b003a01 0b001901 10000 100 102508 21335514 413786 169161
0b001201 0b002001 10000 100 30978 21282398 480901 109172
0b002001 0b001001 10000 100 15032 21662271 108981 95840
0b007701 0b005701 10000 100 20352 21526301 280969 100288
0b002201 0b002c01 10000 100 53556 21663624 167589 86518
0b007001 0b001d01 10000 100 16880 21747353 163474 97356
0b007001 0b000001 10000 100 499589 20983956 926968 502071
0b005c01 0b006101 10000 100 1646162 15337380 6600606 1463374
0b002201 0b002b01 10000 100 2230 21915433 44709 43499
0b004501 0b000e01 10000 100 149372 21592055 378052 208457
0b003a01 0b003b01 10000 100 1064993 19224541 2749033 934490
0b001f01 0b006401 10000 100 24027 21902489 106266 103381
0b006101 0b001401 10000 100 5353561 4252843 17781805 4571642
0b000601 0b006b01 10000 100 542807 21455659 601626 538296
0b006101 0b001d01 10000 100 48580 21862538 287495 123945
0b001501 0b006201 10000 100 430023 19134330 3030384 443768
0b006f01 0b005f01 10000 100 192361 21680168 572017 244500
0b007a01 0b001801 10000 100 298403 20963363 1304196 333404
0b000401 0b005a01 10000 100 22263 21572922 697997 101893
0b003701 0b000a01 10000 100 26864 22180603 114391 105728
0b005a01 0b006401 10000 100 21941 21909050 394508 101597
0b005801 0b002501 10000 100 820183 21015724 1313191 770872
0b003a01 0b002001 10000 100 1930465 13868483 8516192 1701722
0b002e01 0b004f01 10000 100 905 22288360 97302 83962
0b000201 0b001801 10000 100 48521 22282562 200283 123898
0b002a01 0b005d01 10000 100 1105274 19768546 2823645 1009889
0b003a01 0b003e01 10000 100 437747 21569674 1033770 408616
0b001e01 0b004201 10000 100 64795 22339528 271779 137532
0b007901 0b004901 10000 100 161642 22048792 576691 218734
0b000b01 0b001d01 10000 100 2154 22486880 153837 85038
0b004e01 0b001501 10000 100 56742 22405379 249389 130782
0b000f01 0b000401 10000 100 2511 22569738 168330 43724
0b006101 0b003601 10000 100 2281102 16478538 6277594 1995710
0b004101 0b006901 10000 100 239328 22270023 486210 283878
0b000b01 0b003701 10000 100 40551 22629154 140169 117215
0b003601 0b007101 10000 100 11570 22530098 252682 92916
0b001d01 0b001301 10000 100 66280 22690024 100092 97196
0b004001 0b004c01 10000 100 1074144 21240674 1565485 942195
0b006c01 0b007701 10000 100 22393 22511312 306184 101997
0b005f01 0b005a01 10000 100 486 22794941 41037 42027
0b004601 0b000701 10000 100 39776 22590024 265227 116556
0b003c01 0b002a01 10000 100 1827 22763952 117015 84738
0b000501 0b003d01 10000 100 1694912 21251329 1680566 1504217
0b002301 0b002f01 10000 100 1772644 19844947 3091952 1527798
0b004e01 0b006701 10000 100 851336 21179089 1768116 796985
0b004a01 0b002801 10000 100 4870417 11799018 11155625 4166580
0b006601 0b004101 10000 100 3266085 14968656 8005806 2821520
0b003e01 0b006301 10000 100 78039 22722370 315769 148664
0b000a01 0b000201 10000 100 62125 22989096 97252 93719
0b001901 0b004101 10000 100 304 23087907 98583 83481
0b004d01 0b001701 10000 100 33260 23058806 172624 111113
0b002101 0b004801 10001 100 2399 23145996 119459 85234
0b006f01 0b002301 10000 100 1767230 18675312 4590628 1564875
0b000501 0b004801 10000 100 51553 23070288 205653 126439
0b007b01 0b003b01 10000 100 1999977 17198748 6113034 1759981
0b005c01 0b001001 10000 100 42476 23007457 320920 118832
0b004101 0b004001 10000 100 78350 23221054 134692 107313
0b004301 0b000d01 10000 100 529957 21732282 1628573 527517
0b004e01 0b006d01 10000 100 474039 22647599 732911 480671
0b000f01 0b000901 10000 100 4793615 17408046 6002776 4060581
0b005401 0b007101 10000 100 738286 22264786 1169419 702206
0b006201 0b007a01 10000 100 1676285 19582215 3865059 1488624
0b007b01 0b007601 10000 100 8259183 11522624 11997883 6966130
0b006901 0b004001 10000 100 176753 23080185 567954 231399
0b001601 0b007901 10000 100 52038 23500815 165309 126865
0b002601 0b001a01 10000 100 41842 23297913 386890 118286
0b004201 0b007601 10000 100 6490751 1933535 21772231 5525055
0b005e01 0b002701 10000 100 38767 23513067 208722 115711
0b003401 0b004301 10000 100 892 23617795 152558 83952
0b005601 0b006501 10000 100 135905 23330057 466202 197146
0b007c01 0b006a01 10000 100 2854 23741419 104324 85598
0b005f01 0b005e01 10000 100 110791 23750266 228076 134495
0b004401 0b000c01 10000 100 79453 23702162 289119 149834
0b001701 0b003e01 10000 100 30310 23730458 282290 108638
0b000101 0b006401 10000 100 24619 23957753 106903 103855
0b005801 0b005501 10000 100 5769 24015160 73534 46445
0b003801 0b001201 10000 100 5176259 2851343 21258481 4423004
0b007101 0b000901 10001 100 20485 23952431 175972 100394
0b005601 0b002b01 10000 100 4376581 12995653 11144434 3752541
0b001f01 0b006001 10000 100 37053 23789243 358029 114301
0b000401 0b002101 10000 100 50195 23898417 326698 125314
0b007501 0b000701 10000 100 1081848 20887964 3362734 990227
0b006001 0b001001 10000 100 49277 23993412 282685 124541
0b007b01 0b005401 10000 100 11851 24237844 104964 93141
0b001301 0b001901 10000 100 4683836 16663781 7741673 3968534
0b006101 0b006301 10000 100 4967638 17788755 6627144 4206481
0b001701 0b003501 10000 100 7899630 7767825 16666579 6706264
0b007501 0b000401 10000 100 75351 24085556 358819 146399
0b001f01 0b007b01 10000 100 75089 24110024 362701 146189
0b003e01 0b007901 10000 100 22490 24238360 241744 102075
0b006d01 0b003001 10000 100 4268464 12050014 12469436 3661900
0b002b01 0b005701 10000 100 10131 24395575 138008 91727
0b004401 0b006401 10000 100 63762 24098271 476048 136667
0b000401 0b005b01 10000 100 1010557 21214852 3438257 930468
0b007a01 0b004c01 10000 100 5079883 13385821 11315673 4342178
0b000f01 0b002d01 10000 100 562956 22991398 1830605 555184
0b001e01 0b000101 10000 100 117542 24417939 423036 181764
0b000f01 0b000501 10000 100 34481 24893855 73201 70528
0b004c01 0b001401 10000 100 7043308 8505399 16480694 5988336
0b005401 0b006801 10000 100 53924 24602407 397749 128412
0b003b01 0b005501 10000 100 6359331 6244464 18778661 5414888
0b005b01 0b003b01 10000 100 15320 24886868 136912 96070
0b000f01 0b005101 10000 100 3308689 15200711 9898713 2857216
0b007701 0b006601 10000 100 7323 25014687 92741 89365
0b004d01 0b001201 10000 100 19549 24987974 121775 99607
0b007901 0b006801 10000 100 180812 24631216 483959 234800
0b004e01 0b003001 10000 100 104019 24839289 292516 170447
0b007e01 0b004e01 10000 100 3504753 16700795 8447888 3021594
0b007201 0b000601 10000 100 58829 25029829 144306 132528
0b004101 0b002601 10000 100 21945 24932438 246451 101600
0b007a01 0b002701 10000 100 76293 24790416 403744 147191
0b002001 0b004d01 10000 100 8147 24893718 333371 90063
0b004601 0b006901 10000 100 1870738 21530421 3702307 1651636
0b006e01 0b003201 10000 100 1597 25091825 157688 84554
0b004101 0b001801 10000 100 2922677 20123494 5131614 2533584
0b005101 0b004501 10000 100 18383 25081703 202043 98636
0b000401 0b007101 10000 100 52552 24891398 402851 127276
0b006501 0b000a01 10000 100 46029 25074344 243081 121828
0b004701 0b006201 10000 100 5965 25235637 97961 88202
0b004c01 0b006401 10000 100 21316 25215628 131009 101097
0b002301 0b002601 10000 100 28704 25334440 89203 65676
0b002801 0b003a01 10000 100 42698 25290056 136139 119009
0b007501 0b001f01 10000 100 49033 25085034 400990 124346
0b007c01 0b006801 10000 100 20029 25201199 354836 100029
0b006801 0b002e01 10000 100 5501 25059632 501081 87831
0b000901 0b001601 10000 100 131433 25084493 522528 193415
0b005801 0b005201 10000 100 13758 25550574 58667 53144
0b002c01 0b001601 10000 100 1913 25549455 85478 84807
0b000701 0b007501 10000 100 7545743 12525020 13125297 6409560
0b000f01 0b003001 10000 100 16355 25550351 103035 96936
0b007801 0b000c01 10000 100 1395909 19542918 6226394 1253533
0b002a01 0b004101 10000 100 75032 25455503 334044 146144
0b003401 0b005201 10000 100 2427069 19571953 6240805 2118090
0b003101 0b006401 10000 100 45640 25658012 159648 121478
0b000c01 0b004301 10000 100 2576 25533357 348076 85376
0b000a01 0b005c01 10000 100 3640798 11049132 14905897 3135652
0b005b01 0b000201 10001 100 551684 24991033 974389 545744
0b004101 0b003801 10000 100 52373 25617934 354249 127133
0b005201 0b004d01 10001 100 26364 25868318 154006 105328
0b007d01 0b002e01 10000 100 20528 25870749 197073 100428
0b007c01 0b006401 10000 100 24820 25816374 261307 104016
0b000601 0b000701 10000 100 573983 25165885 941112 522828
0b000201 0b003801 10000 100 4295017 17084544 9074903 3684180
0b007c01 0b005901 10000 100 264442 25605457 560333 304929
0b001c01 0b006c01 10000 100 150794 25528325 671510 209633
0b006001 0b002701 10000 100 3496142 20563138 5646427 3014398
0b001b01 0b002f01 10000 100 23160 26016573 235925 102649
0b007201 0b004901 10000 100 92453 25931960 358595 160733
0b003501 0b004501 10000 100 2824007 6258587 20035063 2450885
0b000901 0b006d01 10000 100 3330639 12655346 13645311 2875621
0b003101 0b003f01 10000 100 1298424 25194878 1167295 1130220
0b000201 0b001901 10000 100 417718 24593419 1775592 433425
0b000901 0b005d01 10000 100 1478 26301901 84257 84459
0b002401 0b002501 10000 100 199184 26225425 235149 208627
0b000c01 0b004e01 10000 100 26949 26497227 127794 105796
0b005301 0b007301 10001 100 5278518 16638113 10008851 4508728
0b003301 0b000401 10000 100 829254 20307499 6405206 778475
0b001801 0b004a01 10000 100 1520654 22096212 4656916 1358129
0b007e01 0b002a01 10000 100 9763 26506225 247281 91394
0b003901 0b004001 10000 100 800211 25132658 1716005 754127
0b002001 0b001101 10000 100 4934805 15971513 10917289 4220548
0b004f01 0b003e01 10000 100 23064 26811040 168047 102572
0b001b01 0b007801 10000 100 22591 26746901 232481 102156
0b002c01 0b004201 10000 100 514853 25663952 1324441 514858
0b002401 0b007001 10000 100 22819 26870149 148691 102338
0b004301 0b006601 10000 100 2403783 19456833 7563097 2098540
0b003201 0b007201 10000 100 4054791 20088613 6947500 3482744
0b001101 0b002801 10000 100 653063 24450110 2626455 630764
0b005501 0b000201 10000 100 7891 26882141 196131 89820
0b001601 0b004301 10000 100 7623081 13792255 13318671 6474426
0b005c01 0b000601 10000 100 55233 26860466 335794 129536
0b001801 0b001401 10000 100 4000 27154795 47058 44953
0b005f01 0b004501 10000 100 27189 27008322 199348 106026
0b004201 0b005501 10000 100 36154 26790136 465972 113544
0b004d01 0b000201 10000 100 21186 27009864 253975 100993
0b001701 0b007e01 10000 100 5842676 8722132 18576458 4981712
0b002c01 0b005401 10000 100 1814 27113456 187555 84728
0b003901 0b007801 10000 100 1895 27217277 87971 84792
0b003a01 0b004501 10000 100 54193 27123856 183990 128666
0b002801 0b005601 10000 100 28079 27074622 233429 106776
0b007301 0b003001 10000 100 45174 27126079 210285 121105
0b007401 0b005e01 10000 100 166741 26583950 761297 223005
0b005f01 0b001201 10000 100 29324 27183021 170457 107811
0b006001 0b001701 10000 100 63786 27111450 249045 136686
0b007701 0b003a01 10000 100 43076 27265850 126205 119350
0b004701 0b003601 10001 100 181232 26826097 569780 235174
0b003e01 0b007501 10000 100 7380 27317644 98168 89411
0b002b01 0b001101 10000 100 23322 27261295 157545 102779
0b001001 0b005b01 10000 100 4787783 19566184 7893182 4097285
0b003801 0b005401 10000 100 179637 26832535 633911 233821
0b006901 0b005601 10000 100 1818 27361325 152912 84731
0b001801 0b005a01 10000 100 2094 27440419 87375 84990
0b001101 0b004701 10000 100 1620882 22546907 5008389 1442152
0b003d01 0b000b01 10000 100 27750 27288737 297658 106475
0b004a01 0b004001 10000 100 10206 27576188 51236 50187
0b005b01 0b007501 10000 100 20627 27496735 137994 100508
0b001501 0b006a01 10000 100 58873 27181667 462919 132564
0b002401 0b006401 10000 100 47123 27445357 251213 122741
0b001f01 0b002701 10000 100 1130083 24626495 3096274 1030696
0b003901 0b000a01 10000 100 1393748 23844974 3936352 1251728
0b004c01 0b006501 10000 100 56424 27627639 222736 130528
0b006a01 0b000901 10000 100 27297 27807970 168904 106112
0b002c01 0b000701 10000 100 17280 27758906 253694 97715
0b006201 0b000101 10000 100 2052998 16271420 11754174 1804433
0b001c01 0b005e01 10001 100 29568 27824223 219132 108006
0b003e01 0b003f01 10000 100 7592 28092923 49780 47980
0b000801 0b004901 10000 100 3250053 20890623 7253291 2808080
0b001501 0b007e01 10000 100 64433 27713374 446976 137242
0b003301 0b001201 10000 100 682 28046350 114300 83784
0b000601 0b002901 10001 100 4991984 18859188 9426889 4268480
0b003701 0b002601 10000 100 95942 27957999 332469 163640
0b004801 0b007f01 10000 100 6532 27993986 340567 88694
0b005201 0b006601 10000 100 27518 28222189 146117 106289
0b006b01 0b000501 10000 100 1955586 24950680 3424234 1722779
0b000b01 0b006401 10000 100 2497 28265707 124040 85312
0b004e01 0b005901 10000 100 42371 28266299 154222 118748
0b006501 0b001e01 10000 100 37809 28281381 160335 114906
0b005701 0b003b01 10000 100 20794 28256578 185273 100641
0b005001 0b001f01 10000 100 7014 28340353 146475 89118
0b006e01 0b004c01 10000 100 2889 28442660 87895 85626
0b002001 0b003e01 10000 100 51739 28363760 167273 126588
0b005401 0b004e01 10000 100 708070 26848098 1687377 676881
0b001901 0b004401 10000 100 71208 28114305 421462 142931
0b006001 0b004601 10000 100 65677 28213546 386477 138276
0b006301 0b005801 10000 100 171718 28101781 506476 227179
0b000101 0b007201 10001 100 983 28538925 170457 84024
0b003401 0b001301 10000 100 735512 26933022 1856297 699872
0b001f01 0b004c01 10000 100 1326 28634715 168594 84337
0b002c01 0b002601 10000 100 9913473 3092144 25714931 8353076
0b004c01 0b007201 10000 100 7423 28654949 152842 89445
0b000301 0b005501 10000 100 363371 27553932 1256539 387874
0b006501 0b007d01 10000 100 72726 28724966 188963 144184
0b000e01 0b005201 10000 100 61895 28610476 320088 135096
0b004401 0b002301 10000 100 6362047 8504006 20435971 5417176
0b003c01 0b003e01 10000 100 7996242 18489874 10481228 6745678
0b007001 0b002401 10000 100 2650959 12119088 16860496 2305765
0b001901 0b005101 10001 100 711535 26633964 2354496 679768
0b003501 0b002b01 10000 100 20293 28845205 174020 100240
0b006201 0b005e01 10000 100 1406 28887037 148022 84401
0b000601 0b001f01 10000 100 8539 28968237 100288 90376
0b000801 0b006701 10000 100 620754 27680790 1403717 603649
0b002f01 0b002301 10000 100 39657 29037780 110219 74861
0b000101 0b006501 10000 100 6300 29066968 120891 88508
0b003701 0b006101 10000 100 9454 28993116 228542 91147
0b002f01 0b006601 10000 100 885866 28331619 890333 825915
0b006401 0b003d01 10000 100 1582438 23658430 5623290 1409937
0b006001 0b000901 10000 100 7424 28989350 317559 89446
0b001e01 0b002201 10000 100 1177981 27485394 1825695 1070820
0b004601 0b001301 10000 100 893 29342793 84733 83952
0b006801 0b007901 10000 100 5419268 9189061 20296618 4626742
0b005901 0b006501 10001 100 32984 29200564 289163 110854
0b003401 0b007501 10000 100 18597 29204774 314172 98807
0b002201 0b003301 10000 100 20193 29386499 139035 100160
0b006001 0b003a01 10000 100 591462 27336645 2195678 579102
0b007001 0b000f01 10000 100 916228 27091596 2452522 851395
0b002a01 0b004601 10000 100 4514762 13633750 15911545 3868385
0b002f01 0b001b01 10000 100 1955089 13445380 16107801 1722381
0b005a01 0b007401 10000 100 14718 29497027 133643 95550
0b003d01 0b001501 10000 100 506892 28023799 1623376 508182
0b007901 0b007101 10000 100 4349 29608454 46164 45271
0b005801 0b002001 10001 100 62609 29477547 196673 135706
0b004501 0b004201 10000 100 138794 29330715 423096 157972
0b003d01 0b005701 10000 100 49212 29562142 223718 124489
0b002001 0b003801 10000 100 34208 29485731 328427 111910
0b006401 0b007d01 10000 100 54321 29374970 489149 128768
0b005301 0b000701 10000 100 1002588 27555561 2310490 923785
0b006d01 0b004101 10000 100 181024 29194106 714176 235008
0b000f01 0b001201 10000 100 70551 29533181 391118 142367
0b005a01 0b003201 10000 100 5572 29674511 256596 87888
0b000e01 0b004901 10000 100 1851600 24166878 5827766 1635596
0b005301 0b003401 10000 100 28895 29788146 227161 107429
0b004501 0b001501 10000 100 4605052 22569239 7559341 3944112
0b006f01 0b005901 10000 100 30424 29928092 238428 108729
0b000f01 0b000001 10000 100 33820 30139260 79326 69961
0b004601 0b003401 10000 100 14579 30139772 124413 95439
0b004301 0b003601 10000 100 7074025 11488203 18804801 6014100
0b004d01 0b006f01 10000 100 62461 29932811 370370 135588
0b003a01 0b006a01 10001 100 9023194 14505997 15815597 7648276
0b003d01 0b004e01 10000 100 21448 30069315 264619 101203
0b003b01 0b000c01 10000 100 5430 30247233 91539 87774
0b002c01 0b003201 10000 100 75703 29906244 457656 146680
0b000401 0b000001 10000 100 2069 30368890 46010 43370
0b001001 0b005c01 10000 100 28313 30270018 171693 106964
0b004701 0b003c01 10000 100 774726 27576384 2911710 732740
0b006a01 0b005601 10000 100 629805 29287082 1207421 611236
0b003d01 0b003501 10000 100 184 30461693 41862 41785
0b003001 0b002c01 10000 100 184143 29799131 825879 237618
0b000101 0b002b01 10000 100 123579 30363162 284152 186824
0b007c01 0b006901 10000 100 999123 28451533 2199863 920898
0b001801 0b007501 10000 100 26590 30326579 333446 105508
0b004901 0b006d01 10000 100 3483999 23574878 7113710 3004184
0b007501 0b004801 10000 100 6136 30633501 123762 88377
0b003101 0b004701 10000 100 90532 30390128 371792 159120
0b007601 0b005a01 10000 100 148219 30178609 605036 207496
0b005c01 0b006a01 10000 100 9565 30619399 190299 91236
0b006f01 0b007101 10001 100 11946 30483568 329904 93217
0b001501 0b004401 10001 100 936151 26118082 4709073 868101
0b007601 0b004501 10000 100 62580 30592143 278482 135683
0b005301 0b002301 10000 100 1824 30718590 157152 84736
0b001101 0b000401 10000 100 13914 30365250 550794 94868
0b002901 0b001b01 10000 100 6824165 15388460 15582679 5804612
0b006401 0b006501 10001 100 5560 30917562 66595 46278
0b003e01 0b002101 10000 100 191444 30318624 704844 243728
0b006f01 0b007201 10000 100 48857 30850718 213665 124167
0b001e01 0b001601 10000 100 54214 30889608 183265 87083
0b007c01 0b001701 10000 100 42221 30814610 291991 118628
0b006c01 0b000801 10000 100 65958 30864902 266319 138500
0b003101 0b006601 10000 100 30190 30995960 172202 108542
0b006401 0b002901 10000 100 3296805 21545025 9640594 2847248
0b001701 0b002701 10000 100 189077 30637120 614255 241757
0b001f01 0b003a01 10000 100 314895 30251406 1027223 347212
0b006101 0b007201 10000 100 58473 31056378 230939 132244
0b000801 0b004d01 10000 100 67043 31035839 253544 139445
0b001301 0b000e01 10000 100 2363 31111622 177861 85205
0b002c01 0b007201 10000 100 37493 30991664 336518 114653
0b004101 0b006801 10000 100 24394 31080490 287704 103675
0b006a01 0b001b01 10000 100 1735 31285232 87708 84664
0b003301 0b004a01 10000 100 126186 30914807 500852 189025
0b006a01 0b000001 10000 100 62110 31140803 307798 135307
0b000901 0b007501 10000 100 35798 31171465 288420 113220
0b001101 0b002a01 10000 100 1405198 27939812 3545330 1261348
0b003601 0b006301 10000 100 18868 31117219 369814 99024
0b001e01 0b005c01 10000 100 4085524 13723003 17780758 3508521
0b006701 0b004301 10000 100 46395 31255190 262567 122120
0b006601 0b000201 10000 100 97659 31308042 252226 165090
0b005601 0b001b01 10000 100 146668 30765198 826137 206179
0b002e01 0b002001 10000 100 173245 31343056 265254 186877
0b000501 0b003701 10000 100 90548 30935724 675376 159132
0b005c01 0b001a01 10000 100 11985 31028478 586300 93248
0b001d01 0b002601 10000 100 43901 31284525 372032 120010
0b004901 0b006101 10000 100 7410 31614319 100012 89435
0b007d01 0b001201 10000 100 1488 31394572 341957 84467
0b002b01 0b006401 10000 100 28754 31561786 212966 107316
0b000301 0b001101 10000 100 44524 31676424 182996 120547
0b001401 0b005b01 10000 100 19316 31803115 146234 99420
0b007e01 0b005501 10000 100 4336536 11315208 20639626 3718969
0b006401 0b000d01 10000 100 4304134 9040577 22945738 3691819
0b005d01 0b003801 10000 100 55591 31797394 189654 129823
0b007a01 0b007e01 10000 100 7889943 16902353 15143086 6656530
0b004801 0b005b01 10000 100 3964 31935553 119233 86524
0b004501 0b002301 10000 100 1986 31928537 143710 84865
0b006401 0b007001 10000 100 51995 31942085 161025 126792
0b007f01 0b007501 10000 100 3722151 27975955 4149656 3162284
0b002501 0b007f01 10000 100 5079831 20691382 11436248 4342136
0b005101 0b003c01 10000 100 3961 32080337 90380 86522
0b002b01 0b001801 10000 100 16304 31964319 235215 96896
0b001401 0b003301 10000 100 7049916 15410735 16793967 5993852
0b006a01 0b002c01 10000 100 591273 31083841 1133215 578951
0b006e01 0b000401 10000 100 24482 32022687 257715 103745
0b007e01 0b003b01 10000 100 21122 31914135 395355 100942
0b003301 0b004a01 10001 100 28775 32155475 199771 107333
0b003c01 0b004001 10000 100 334592 31630719 789026 363737
0b007401 0b007901 10000 100 58403 32316859 108532 90588
0b007a01 0b006401 10000 100 95770 32102386 404252 163502
0b000401 0b000e01 10000 100 15231755 13754766 18769857 12811912
0b000901 0b006601 10000 100 69781 32322844 203973 141712
0b006201 0b005301 10000 100 37442 32255266 308721 114612
0b005001 0b002d01 10000 100 64269 32338825 230364 137111
0b000e01 0b004301 10000 100 1167887 29793443 2780732 1062360
0b003c01 0b007d01 10000 100 1525640 29617061 2977486 1362310
0b003e01 0b004f01 10000 100 3691464 5142405 27505986 3178144
0b001f01 0b004e01 10000 100 5675 32607600 93857 87970
0b001501 0b004401 10002 100 46730 32481590 304914 122388
0b004901 0b003901 10000 100 4157 32673547 119855 86717
0b003601 0b002701 10000 100 8680 32299668 502383 90489
0b004401 0b007801 10000 100 613 32749981 83189 83728
0b001f01 0b003001 10000 100 2041 32748271 87376 84948
0b001401 0b004a01 10000 100 56218 32459640 405446 130363
0b007801 0b006401 10000 100 1523436 30016684 2863836 1360470
0b002101 0b002501 10000 100 41364 32748633 132529 76304
0b002801 0b000501 10000 100 69670 32743090 217205 141624
0b005c01 0b003001 10000 100 612739 31526452 1508056 596930
0b000601 0b000101 10000 100 1654586 30337999 2721021 1428820
0b006301 0b006001 10001 100 4147594 27802927 5316374 3518958
0b003b01 0b007701 10000 100 55692 32764643 367785 129904
0b006f01 0b000d01 10000 100 8557343 3148884 30000873 7257701
0b005c01 0b006801 10000 100 23939 33006682 164425 103272
0b007c01 0b006301 10000 100 199820 32744678 438107 250736
0b002301 0b007e01 10000 100 290126 32630092 581236 326475
0b001001 0b006e01 10000 100 69468 32859172 425126 141462
0b007201 0b000d01 10000 100 1617 33199588 93168 84570
0b005e01 0b002c01 10000 100 6970161 19240796 14073430 5927015
0b003901 0b003201 10000 100 39563 33205718 120873 74786
0b003b01 0b003701 10000 100 1777022 30515092 2854394 1531492
0b001301 0b007201 10000 100 4611109 6334387 27037148 3949188
0b003501 0b004c01 10000 100 1561774 30325623 3076252 1392600
0b001301 0b005c01 10000 100 10546 33263935 150848 92059
0b006c01 0b000b01 10000 100 192432 32952964 487114 244556
0b003801 0b005d01 10000 100 74319 33223062 234114 145535
0b000c01 0b001d01 10000 100 501050 31865649 1607421 503316
0b007301 0b001501 10000 100 576975 31392375 2086107 566936
0b007801 0b000001 10001 100 1886736 25739412 7757205 1665049
0b002d01 0b006c01 10000 100 185213 32945929 562524 238512
0b006601 0b002901 10000 100 28485 33421897 114231 107101
0b006c01 0b006f01 10000 100 67047 33436032 118014 97848
0b004f01 0b002001 10000 100 68390 33165833 407358 140561
0b006001 0b004e01 10000 100 1676772 29046181 4565707 1489014
0b002101 0b001e01 10000 100 42941 33474814 175184 119204
0b007d01 0b004501 10000 100 5582 33497824 169578 87896
0b003a01 0b000601 10000 100 35682 33559993 150843 113128
0b003001 0b001a01 10000 100 5733739 6788685 26931677 4890376
0b005701 0b005c01 10000 100 70458 33647692 101001 100692
0b003401 0b007401 10000 100 56912 33548086 217630 130918
0b003101 0b000201 10000 100 44648 33487455 292947 120646
0b006701 0b002d01 10000 100 25556 33636258 190664 104643
0b001101 0b003301 10000 100 76643 33371901 463489 147471
0b002501 0b000801 10000 100 15659 33809680 161759 96341
0b000601 0b001301 10000 100 8081 33661027 345810 90010
0b000601 0b004501 10000 100 18940 33946436 115590 99081
0b000701 0b002b01 10000 100 388523 32820556 1251818 408956
0b004001 0b004d01 10000 100 487638 33155601 922023 450449
0b004b01 0b007001 10000 100 19449 33969608 112736 99527
0b001501 0b004901 10000 100 4566823 16927166 17168841 3912031
0b004a01 0b003601 10000 100 10410 33843824 259687 91950
0b005801 0b006b01 10001 100 140189 33834036 341154 200765
0b005301 0b002601 10000 100 11895779 4451578 29808995 10056629
0b006d01 0b005101 10000 100 4599 34191824 97720 87071
0b001701 0b005901 10000 100 66091 34046538 253166 138645
0b004d01 0b007a01 10000 100 33857 34230756 162236 111591
0b001201 0b001301 10000 100 1688258 30070589 4337199 1457064
0b001301 0b007a01 10000 100 1701374 24128207 10298509 1509656
0b000f01 0b007201 10000 100 2315459 28243049 6199703 2024501
0b002001 0b004d01 10001 100 225337 33899623 547952 272148
0b002f01 0b004701 10000 100 859193 32289666 2178074 803578
0b000801 0b000f01 10000 100 26895 34373089 108949 64152
0b003d01 0b004801 10000 100 37653 34398429 177451 114781
0b005a01 0b001901 10000 100 401559 33547133 1035993 419884
0b006001 0b006701 10000 100 38939 34474671 118898 74248
0b005701 0b002b01 10000 100 3146 34440776 205651 85870
0b007c01 0b003301 10000 100 1695 34515038 153563 84632
0b000901 0b001b01 10000 100 1107 34436677 260743 84162
0b001c01 0b005e01 10000 100 9531090 18898029 15799649 8074100
0b002901 0b004001 10000 100 76408 34474525 237143 147283
0b004001 0b001201 10000 100 107374 34509316 217619 173246
0b006701 0b000801 10000 100 1364398 27628512 7134358 1227134
0b001a01 0b002901 10000 100 3697175 16506001 18294145 3182943
0b002901 0b002b01 10000 100 919093 33147090 1660472 812202
0b006801 0b001e01 10000 100 6181337 14069805 20743229 5265658
0b000701 0b003c01 10000 100 134869 34504275 325229 196279
0b001001 0b007501 10000 100 1939428 31154907 3693533 1709238
0b002101 0b001b01 10000 100 1253985 22669215 12187084 1134541
0b005601 0b002b01 10001 100 5306094 19231175 15633703 4531864
0b000101 0b003601 10001 100 747490 32673331 2267576 709915
0b003301 0b001301 10000 100 24020 34748947 206118 103376
0b000801 0b000c01 10000 100 55974 35029441 89430 88529
0b000401 0b006601 10000 100 248589 34162084 977882 291632
0b004a01 0b004201 10000 100 464 35099823 41015 42009
0b007001 0b005201 10000 100 34060 34871460 286681 111792
0b002701 0b002f01 10000 100 917988 32868668 2306113 811241
0b004701 0b007201 10000 100 7123 35030901 162679 89205
0b001e01 0b005e01 10000 100 358970 34558514 719174 384161
0b001d01 0b005701 10000 100 10838 35170866 164660 92292
0b000701 0b003f01 10000 100 1023602 32768997 2616080 941403
0b004701 0b006101 10000 100 69834 35048822 365183 141755
0b001301 0b001b01 10000 100 4813765 17751128 17690620 4077469
0b002d01 0b004201 10000 100 4196261 17293490 18201255 3601373
0b005c01 0b001601 10000 100 78131 35124367 371542 148738
0b001d01 0b007601 10000 100 20337 35401980 126995 100276
0b001401 0b006e01 10000 100 947433 33479988 2057318 877549
0b006901 0b005001 10000 100 8910760 19740719 15826572 7553990
0b000e01 0b000f01 10000 100 1585286 34220044 1403703 1370731
0b007f01 0b006b01 10000 100 4970 35487903 148106 87368
0b007901 0b002001 10000 100 953596 33346243 2313105 882710
0b006f01 0b002501 10000 100 144235 35220057 502119 204156
0b003a01 0b004c01 10000 100 8818 35577949 162391 90600
0b003a01 0b007001 10000 100 173569 35271396 544546 228736
0b005201 0b005101 10000 100 7638556 27855869 7983082 6445782
0b005801 0b003d01 10000 100 39276 35674672 182887 116156
0b004601 0b001101 10000 100 1440299 30144609 5729972 1290773
0b002a01 0b003601 10000 100 2059992 26216164 9702971 1810297
0b007901 0b004f01 10000 100 13238 35814428 117098 94328
0b001f01 0b005801 10000 100 4680445 12874802 23087353 4007306
0b006d01 0b006601 10000 100 3254925 29934049 6064456 2770532
0b007e01 0b007c01 10000 100 1336 36143357 43415 42745
0b006001 0b006801 10000 100 1795956 26183316 10028587 1547331
0b007901 0b004301 10000 100 1705017 32130952 4177699 1512724
0b000a01 0b005201 10000 100 21836 36199885 109871 101513
0b007a01 0b002601 10000 100 5790151 22194366 14122440 4937695
0b000201 0b003601 10000 100 23587 35741701 593914 102991
0b003c01 0b007d01 10001 100 2517 35863344 494586 85328
0b006001 0b000101 10000 100 108399 35919112 487053 174104
0b002001 0b001f01 10000 100 21317 36173699 247188 101098
0b003c01 0b007f01 10000 100 35639 36214311 210644 113093
0b001d01 0b003701 10000 100 69498 36148435 353756 141486
0b001f01 0b002001 10000 100 3649 36336408 187676 86272
0b002e01 0b006801 10000 100 16618 36255779 293193 97147
0b000901 0b006501 10000 100 189369 35706160 859018 241991
0b004d01 0b004501 10000 100 1843080 34760870 1813986 1586873
0b007e01 0b002801 10000 100 29322 36256014 329914 107809
0b007501 0b001f01 10001 100 281623 35731289 870482 319327
0b007c01 0b001301 10000 100 22757 36379364 365051 102288
0b001401 0b003c01 10000 100 1444863 30922232 5835975 1294578
0b002f01 0b005f01 10000 100 1522622 35315298 1443882 1359780
0b003101 0b001a01 10000 100 7261 36545107 227124 89316
0b002e01 0b002f01 10000 100 3746 36788862 45314 44750
0b005c01 0b003601 10000 100 2492362 13152519 23684154 2172820
0b007f01 0b003101 10000 100 1474133 29501693 7343168 1319146
0b001401 0b005101 10000 100 26923 36407954 489733 105775
0b004c01 0b000e01 10000 100 2262808 22625518 14280598 1980345
0b003601 0b000e01 10000 100 1953947 25750149 11167122 1721391
0b003e01 0b000401 10002 100 418616 34508128 2474791 434182
0b000d01 0b004901 10000 100 124668 36241030 758096 187734
0b004201 0b006d01 10000 100 45902 36707456 326738 121688
0b006501 0b001201 10000 100 397898 35686208 1380375 416801
0b002b01 0b001601 10000 100 12619 36936570 142688 93794
0b007201 0b006201 10000 100 4404538 17011660 20128156 3775982
0b004501 0b004d01 10000 100 48477 37012674 139434 82263
0b004901 0b003501 10000 100 1691391 28972810 8183982 1501285
0b007401 0b004401 10001 100 28475 37013217 183329 107093
0b006901 0b003401 10000 100 298433 36170583 1033301 333428
0b000901 0b001e01 10000 100 64631 37003222 225010 137400
0b003801 0b005901 10001 100 1399222 33220187 4035951 1256337
0b006a01 0b003201 10000 100 6344 37014106 251128 88544
0b005201 0b007101 10000 100 341256 35921727 1352087 369337
0b007301 0b003c01 10000 100 1730878 32002299 5278078 1534372
0b002201 0b000901 10000 100 351655 35480654 1815370 378040
0b003301 0b006301 10000 100 27599 37213976 149143 106354
0b001901 0b007f01 10000 100 766698 36090373 1303189 726011
0b004b01 0b003801 10000 100 202121 37015382 391821 252692
0b007701 0b005701 10001 100 27159 37245928 224179 106002
0b003001 0b007301 10000 100 44180 37164197 326210 120272
0b000801 0b006801 10000 100 29897 37307031 226687 108269
0b004b01 0b001f01 10000 100 72962 37148680 392328 144372
0b006d01 0b007601 10000 100 468430 34669132 2884047 475953
0b007d01 0b004a01 10000 100 4385181 22039633 15527540 3759767
0b000901 0b000f01 10000 100 792 37526324 41831 42272
0b004c01 0b003801 10000 100 20129875 2322454 35246687 16960092
0b002c01 0b003501 10000 100 1793489 27515533 10130450 1586880
0b005101 0b000a01 10000 100 72932 37482599 220408 144348
0b006301 0b003701 10000 100 77963 37458393 284275 148565
0b005601 0b004d01 10000 100 795601 28936760 8821443 750247
0b004f01 0b005301 10000 100 29107 37551336 263169 107637
0b007401 0b004f01 10000 100 1501 37783269 86936 84477
0b001801 0b002001 10000 100 5895174 19257400 18626095 5025745
0b003101 0b007e01 10000 100 25007 37755703 136370 104204
0b001c01 0b002e01 10000 100 1843 37806720 90095 84751
0b006301 0b000701 10000 100 33210 37699884 237863 111073
0b001a01 0b002901 10001 100 59727 37442791 503967 133285
0b001f01 0b005d01 10000 100 348354 37089725 888308 375284
0b001f01 0b002f01 10000 100 2897040 30170417 7847592 2512115
0b003001 0b005401 10000 100 6490851 378802 37667241 5525135
0b001b01 0b005b01 10000 100 64788 37711163 347399 137526
0b001b01 0b007901 10000 100 1639758 34148030 3917486 1457982
0b006001 0b006f01 10000 100 115251 37681076 389672 138255
0b005401 0b006401 10000 100 22751 37994385 138059 102284
0b006a01 0b000b01 10000 100 625343 36491148 1653300 607512
0b004901 0b003b01 10000 100 76982 37726002 464558 147742
0b006301 0b001401 10000 100 1839498 31622500 6628789 1625454
0b006c01 0b006401 10000 100 2148498 33927931 4336358 1842920
0b001101 0b006f01 10000 100 2135120 33814987 4460520 1873318
0b001a01 0b004b01 10000 100 60280 38100214 201758 133766
0b005201 0b001601 10000 100 4938 37980323 394409 87342
0b007401 0b004101 10000 100 3506517 20383981 17990856 3023082
0b004c01 0b000401 10000 100 20465 38108451 353793 100378
0b004401 0b006101 10000 100 133109 37982715 518430 194832
0b004401 0b006a01 10000 100 1336800 35238360 3310936 1203980
0b003501 0b007901 10000 100 29846 38233043 330941 108228
0b005201 0b006201 10000 100 213140 37753378 823107 261929
0b006701 0b004001 10000 100 5239570 18513696 20063643 4476072
0b007401 0b004c01 10000 100 2772 38334896 252867 85532
0b000101 0b006801 10000 100 3611395 6943915 31688981 3111016
0b003001 0b006401 10000 100 51260 38411753 277811 126204
0b001901 0b003001 10000 100 8588 38395633 299445 90416
0b001601 0b006901 10000 100 14058 38327232 371667 95022
0b006401 0b005701 10000 100 249460 38104361 614309 292368
0b003a01 0b001b01 10000 100 1323500 35400712 3349730 1192841
0b000201 0b000701 10000 100 35519 38758022 106590 71397
0b005801 0b002f01 10000 100 875664 36040025 2881373 817369
0b002c01 0b007d01 10000 100 23140 38790330 155251 102633
0b000c01 0b003f01 10000 100 776787 36476968 2476980 734466
0b007201 0b001001 10000 100 2297307 30048732 8908753 2009288
0b005201 0b002101 10000 100 25356 38657668 315358 104483
0b003601 0b002c01 10000 100 419838 37285363 1705407 435198
0b006c01 0b005b01 10000 100 105406 38570342 512490 171595
0b005501 0b002c01 10000 100 8643 39037792 183507 90460
0b006801 0b004501 10000 100 18677 39112197 135044 98871
0b000301 0b003901 10000 100 3737 39155153 103709 86343
0b005401 0b000d01 10000 100 5653 39115254 201250 87952
0b003001 0b003601 10000 100 55281 39233277 142547 87975
0b006001 0b002b01 10000 100 84200 38880642 509290 153824
0b002b01 0b003e01 10000 100 53608 39225894 184846 128160
0b007e01 0b007d01 10000 100 2873061 35122433 4311667 2450410
0b001901 0b000401 10000 100 1501443 32028245 7436832 1342031
0b000f01 0b007d01 10000 100 456802 38170716 1316506 466190
0b003001 0b000701 10000 100 533 39192130 313614 83664
0b003701 0b000d01 10000 100 398373 38591707 927313 417220
0b002c01 0b002701 10000 100 49800 39380368 140380 83360
0b004101 0b007401 10000 100 68599 39091442 471814 140728
0b000301 0b000e01 10001 100 35852 39385556 179048 71664
0b003f01 0b001f01 10000 100 1963577 35041893 4537661 1729479
0b006d01 0b006e01 10000 100 26317581 9325480 30258307 22106276
0b002901 0b000001 10000 100 366447 38975989 622091 390450
0b007e01 0b007f01 10000 100 181301 39009691 593247 193629
0b006d01 0b003401 10000 100 761359 33594832 6066827 721548
0b007601 0b005801 10000 100 2527611 31318945 8379176 2202364
0b006c01 0b006601 10000 100 1874384 35409390 4434603 1613107
0b004d01 0b003101 10000 100 69295 39558273 295447 141324
0b000301 0b000801 10000 100 17006 39718031 143936 55896
0b006401 0b004901 10000 100 135548 39231830 638127 196860
0b002701 0b007901 10000 100 46072 39690854 232337 121862
0b004301 0b000f01 10000 100 3248 39824018 103572 85952
0b006201 0b004701 10000 100 4033266 20595927 19345499 3464718
0b007a01 0b007601 10000 100 948384 38585460 1463559 836748
0b004401 0b000a01 10000 100 18101 39867736 214453 98410
0b003001 0b007601 10000 100 28722 39880128 249822 107291
0b007d01 0b006601 10001 100 2326 39809553 346494 85176
0b006501 0b004801 10000 100 1843331 35754265 4414644 1628674
0b003f01 0b000c01 10000 100 15427 39824620 357934 96156
0b002801 0b000301 10000 100 14865 40082832 102360 95668
0b002801 0b005801 10000 100 64992 39784756 407582 137689
0b003201 0b005401 10000 100 1170992 32043882 8151867 1064960
0b003b01 0b001b01 10000 100 20004 39846694 357002 100009
0b003f01 0b003c01 10000 100 880527 38862159 1371392 779852
0b002a01 0b004301 10000 100 29920 39724051 515072 108288
0b004f01 0b003901 10000 100 4787 40179363 92518 87221
0b000401 0b005901 10000 100 30410 39778491 493443 108718
0b003001 0b007601 10001 100 27708 40167438 132656 106441
0b000001 0b000501 10000 100 35028 40280971 86347 71004
0b005401 0b005b01 10000 100 20217 40343076 75103 58580
0b003901 0b005201 10000 100 1951734 32846691 7579004 1719544
0b006801 0b002f01 10000 100 8748546 12800580 27671975 7417998
0b001e01 0b002b01 10000 100 34670 40378807 120460 112280
0b004701 0b005601 10000 100 8505 40310638 198153 90349
0b006501 0b005401 10000 100 6556 40358083 155722 88713
0b000301 0b003001 10000 100 2015788 32056130 8515179 1773244
0b003c01 0b000601 10000 100 46276 40297160 278689 122025
0b001001 0b003501 10000 100 36217 40478643 137350 113594
0b005501 0b004901 10001 100 7874 40559471 170941 89806
0b002901 0b006001 10000 100 12521 40725950 108365 93716
0b007001 0b000701 10000 100 4847021 34726074 6222390 4146980
0b000d01 0b006b01 10000 100 13878 40740889 276631 94840
0b002301 0b003f01 10000 100 521120 39063896 1963601 520140
0b005501 0b004001 10000 100 4512396 33355255 7691712 3866416
0b002801 0b006601 10000 100 18410 40809636 254379 98657
0b002201 0b007301 10001 100 184 40821831 316784 83385
0b003b01 0b005001 10000 100 10678276 7615665 33553801 9035894
0b005701 0b004801 10000 100 2473 41061582 124116 85293
0b007d01 0b000401 10000 100 14400217 12739327 28487123 12156372
0b007701 0b004e01 10000 100 114171 40858300 416028 178952
0b007401 0b005701 10001 100 34278 40696260 578086 111966
0b004101 0b007b01 10000 100 310207 40661117 624017 343308
0b001901 0b003501 10000 100 3762 40771878 519379 86363
0b001301 0b000101 10000 100 55213 41148444 159795 129520
0b004e01 0b006501 10000 100 59598 40875442 434166 133182
0b006801 0b007901 10001 100 62971 40901104 435741 135996
0b007401 0b000d01 10000 100 20974 41233296 122017 100785
0b000401 0b006f01 10000 100 6457 41274949 102302 88634
0b003901 0b007b01 10000 100 30088 41214855 164467 108460
0b005f01 0b001101 10000 100 10765 41105419 312085 92234
0b001901 0b006e01 10000 100 22206 41275105 168120 101848
0b001a01 0b004501 10000 100 183333 41079955 426376 236932
0b004e01 0b006b01 10000 100 25678 41085968 435276 104740
0b004101 0b005c01 10000 100 199107 41062824 461060 250165
0b006701 0b002701 10000 100 34805 41183264 349793 112388
0b001201 0b002201 10000 100 27058 41356006 178106 105921
0b002a01 0b003c01 10000 100 9037 41273867 260840 90813
0b005701 0b005801 10000 100 18446 41477670 57123 57086
0b006901 0b007801 10000 100 4762180 28303281 13243117 4075843
0b000001 0b005e01 10000 100 21333 41472750 111935 101111
0b000701 0b005501 10000 100 4783231 23221981 18363497 4093490
0b002201 0b004301 10000 100 162182 40921214 687959 219204
0b003b01 0b005b01 10000 100 8264 41330828 312398 90156
0b000701 0b000401 10000 100 2879122 36351446 5313359 2455489
0b002801 0b000a01 10000 100 198851 41186413 485876 249922
0b002201 0b002a01 10000 100 803154 39202106 2538855 714996
0b004601 0b004801 10000 100 72723 41526489 227402 102581
0b005201 0b002201 10000 100 40731 41594759 164720 117359
0b000f01 0b002f01 10000 100 49868 41430242 411593 125014
0b002d01 0b007e01 10000 100 2058796 37022522 4827386 1809302
0b005501 0b005e01 10000 100 33690 41789409 89533 69857
0b002001 0b007e01 10000 100 76672 41748968 246504 147494
0b006701 0b000c01 10000 100 13137 41791213 222972 94247
0b006e01 0b003601 10001 100 4144369 24216225 17846744 3557863
0b005c01 0b002401 10000 100 245046 41087582 1030310 288683
0b000d01 0b002d01 10000 100 1775334 34817767 7338901 1571665
0b000201 0b002f01 10000 100 64545 41877414 291270 137332
0b006601 0b003201 10000 100 768 41734295 470282 83852
0b004c01 0b006301 10000 100 77985 41941776 293616 148583
0b000301 0b006a01 10000 100 2032663 37295021 4953621 1787397
0b006201 0b006801 10000 100 3094278 26692037 15562332 2635870
0b000301 0b001c01 10000 100 6842067 9255680 33063838 5819624
0b005301 0b005001 10000 100 986744 40143041 2217100 868896
0b000e01 0b001a01 10000 100 999429 39513834 2858205 921143
0b005101 0b007601 10000 100 30871 42272833 148760 109087
0b005701 0b007201 10000 100 66129 42174658 261702 138676
0b000001 0b004501 10000 100 7559351 10649528 31793913 6420984
0b000001 0b002801 10000 100 183 42312104 142279 83384
0b002b01 0b003001 10000 100 2255465 36339328 6119736 1974202
0b005e01 0b007a01 10000 100 1136845 39872017 2591890 1036336
0b007601 0b003501 10000 100 130192 42165262 357051 192384
0b001701 0b001501 10000 100 1260699 41103373 1467263 1098581
0b006201 0b001601 10000 100 2698162 36531304 6073837 2345371
0b004001 0b004e01 10000 100 42635 42527479 80645 77359
0b002d01 0b002a01 10000 100 8649549 23326539 19321160 7293399
0b001a01 0b002a01 10000 100 2198 42355361 317784 85073
0b001a01 0b006a01 10000 100 8546 42319607 398481 90382
0b004601 0b002d01 10000 100 265738 40879077 1865552 306004
0b007401 0b003101 10000 100 895320 40353954 2454876 833862
0b004501 0b007501 10000 100 700110 40878969 1932225 670206
0b003c01 0b000401 10000 100 966017 40450219 2382666 893146
0b006701 0b007f01 10000 100 7498555 4850225 37990563 6370005
0b005901 0b006501 10002 100 26838 42632773 228649 105707
0b006901 0b004b01 10000 100 147582 42050940 855368 206948
0b000801 0b003101 10000 100 8976732 26385182 16530889 7609302
0b006001 0b001301 10000 100 6832269 25183922 17750680 5811402
0b003701 0b007501 10000 100 2159090 35674636 7268239 1893416
0b007401 0b005101 10000 100 607851 40497452 2529095 592828
0b003001 0b007601 10002 100 95295 42687255 416361 163122
0b001301 0b002a01 10000 100 31733 42918252 215783 109815
0b002701 0b003201 10000 100 27421 42895607 304042 106212
0b007e01 0b004601 10000 100 8602697 14634315 28572022 7295712
0b001a01 0b002b01 10000 100 6236 43083406 181340 88457
0b007501 0b006001 10000 100 76634 42864014 480163 147464
0b003e01 0b005501 10000 100 4501431 22473388 20928600 3857221
0b006701 0b000501 10000 100 1276655 40720966 2703730 1153560
0b003901 0b006d01 10000 100 67811 42884390 542657 140060
0b002901 0b005401 10000 100 18332 43200845 247524 98595
0b006c01 0b003e01 10000 100 27044 42888494 601788 105910
0b004b01 0b000c01 10000 100 473780 42173595 1425348 480425
0b005f01 0b005301 10000 100 8522132 33534929 10088008 7186588
0b004601 0b002501 10000 100 4561520 31832308 11824350 3907596
0b003101 0b006c01 10000 100 2382 43581887 93737 85220
0b000c01 0b007501 10000 100 341932 43225209 513526 369878
0b007401 0b002401 10000 100 1527 43504072 254339 84498
0b002301 0b007b01 10001 100 63946 43600080 198138 136814
0b002e01 0b002d01 10000 100 73884 43650894 170413 103548
0b000001 0b000c01 10000 100 40907 43772117 77844 75900
0b005501 0b000e01 10000 100 135356 43444902 444316 196707
0b007001 0b000a01 10000 100 13855 43788238 116289 94821
0b001001 0b004a01 10000 100 27430 43738837 197099 106219
0b007e01 0b002b01 10000 100 158884 43363558 574410 216412
0b001301 0b004201 10000 100 644386 42013620 1925574 623476
0b002c01 0b005601 10000 100 33649 43735218 214425 111424
0b005e01 0b001601 10000 100 13689 43612450 351584 94688
0b004f01 0b003001 10000 100 29079 43720058 245375 107615
0b000301 0b001601 10000 100 3269022 25177307 18798590 2823985
0b006e01 0b000801 10000 100 131695 43788561 233494 193624
0b007a01 0b006501 10000 100 4086461 26596471 17455451 3509309
0b000801 0b001901 10000 100 25442 43878074 188764 104552
0b001201 0b002701 10000 100 2661451 30796153 13297201 2314581
0b002a01 0b005501 10000 100 78987 43609581 490508 149423
0b002e01 0b007001 10000 100 2580731 30394793 13794996 2246895
0b001501 0b007001 10000 100 4885502 16358882 27845196 4179224
0b003001 0b001601 10000 100 1021021 41566940 2647064 939261
0b000b01 0b001a01 10000 100 9096 44147400 98025 90860
0b007801 0b004f01 10000 100 592708 42952873 1298115 580137
0b000901 0b001301 10000 100 4572104 33361321 10893484 3916486
0b002a01 0b004c01 10000 100 1175213 41177481 3126079 1068528
0b006b01 0b002e01 10000 100 592082 43361328 963116 579636
0b004b01 0b001701 10000 100 196831 43886921 501630 248229
0b006c01 0b006801 10001 100 6902620 10138480 34271589 5828771
0b005e01 0b001601 10001 100 21601 44205305 301115 101325
0b003701 0b005301 10000 100 331 44455311 101838 83503
0b000b01 0b007601 10000 100 46855 44403620 173831 122488
0b004501 0b007e01 10000 100 6436645 25237566 19372960 5479696
0b002e01 0b001101 10000 100 61904 44365348 258000 135104
0b004101 0b000b01 10000 100 111412 44372080 285381 176630
0b003e01 0b007f01 10000 100 68642 44208620 492071 140763
0b005a01 0b001801 10000 100 620467 39222677 5527495 603420
0b004f01 0b004701 10000 100 21131 44686285 64754 59349
0b001401 0b000301 10000 100 185844 44171796 579820 239017
0b003901 0b004001 10002 100 28135 44426805 327552 106821
0b002001 0b001801 10000 100 109710 44511037 339874 175192
0b006401 0b000501 10000 100 83739 44588790 263713 153416
0b007701 0b002201 10000 100 1031954 42955953 1965781 948392
0b003401 0b004501 10000 100 833886 38848979 6105651 782334
0b007001 0b007f01 10000 100 14200 44886183 76721 53536
0b004701 0b003f01 10000 100 827593 42024943 2943479 777069
0b002b01 0b003701 10000 100 1117013 39034343 5946871 1019741
0b006901 0b004e01 10000 100 27644 44685510 357617 106390
0b007a01 0b006001 10000 100 915275 42781137 2285261 850594
0b007b01 0b005201 10000 100 7428 45006422 114339 89449
0b002e01 0b005201 10000 100 17430 44945951 253218 97835
0b007801 0b006601 10000 100 508813 44023854 1191399 509796
0b005a01 0b002701 10000 100 706725 42699346 2516609 675728
0b002b01 0b003101 10000 100 9284 45097076 132829 91011
0b004701 0b000301 10000 100 2800 45152299 89287 85555
0b002801 0b004401 10000 100 37249 44936483 314263 114458
0b002801 0b005601 10001 100 57831 45178501 152191 131692
0b002b01 0b005b01 10000 100 1753 45181728 155764 84679
0b003101 0b004c01 10000 100 1703186 40572189 4806169 1511182
0b006401 0b001001 10000 100 1577537 39763837 5614656 1405824
0b000501 0b007d01 10000 100 1546022 40274184 5121663 1379422
0b000301 0b002c01 10000 100 92292 44889206 531707 160604
0b001201 0b004301 10000 100 1254039 41775837 3674767 1134623
0b002b01 0b007601 10000 100 9492 45298450 189428 91177
0b003101 0b001501 10000 100 25015 45355094 139151 104210
0b000601 0b005401 10000 100 2915780 30042757 15486099 2527798
0b001c01 0b005e01 10002 100 1181696 40687405 4987106 1073945
0b003601 0b000401 10000 100 26878 45376918 323436 105739
0b000701 0b004901 10002 100 22676 45508593 281618 102224
0b003a01 0b003d01 10000 100 60733 45618444 178559 92528
0b007401 0b000201 10000 100 1049177 40067232 5772520 962861
0b000301 0b007701 10000 100 189263 45272399 634638 241906
0b007901 0b003e01 10000 100 909495 43439671 2493311 845740
0b007f01 0b003f01 10000 100 65927 45655567 301015 138476
0b006b01 0b006801 10000 100 6106985 24927721 21090392 5161696
0b001f01 0b000801 10000 100 35838 45840053 210298 113252
0b001f01 0b005201 10000 100 7261 45546617 530864 89316
0b002d01 0b000101 10000 100 704568 43952843 2141976 673926
0b005201 0b006c01 10001 100 1920594 42438475 3792321 1693441
0b005601 0b005e01 10000 100 25655 46236822 78464 63122
0b000d01 0b007c01 10000 100 38478 45708202 629389 115480
0b003c01 0b000701 10000 100 530248 44496299 1866198 527788
0b004501 0b000a01 10000 100 303763 45501582 892726 337884
0b007f01 0b003601 10000 100 55868 46068995 386844 130044
0b004501 0b005601 10000 100 148032 46142088 375423 207347
0b000201 0b004d01 10000 100 6110981 16322143 30262831 5206647
0b002801 0b001301 10000 100 8384 46227085 402369 90252
0b001201 0b000d01 10000 100 171446 46179837 449805 226961
0b002b01 0b006001 10000 100 2691154 41529432 5115828 2339496
0b005a01 0b003301 10000 100 6600 46592040 106001 88748
0b005901 0b002201 10000 100 477530 45470787 1242051 483579
0b004301 0b001301 10000 100 7896 46384972 384247 89824
0b003b01 0b003c01 10000 100 13179 46720537 55873 52680
0b000d01 0b000901 10000 100 1538 46788198 43187 42907
0b006e01 0b005a01 10000 100 4181 46590213 242086 86736
0b001e01 0b002101 10000 100 39129 46638673 205971 116039
0b004801 0b006701 10000 100 358090 45788109 1084546 383457
0b007201 0b001401 10000 100 103789 46627194 261050 170224
0b007201 0b006b01 10000 100 176992 46096298 831421 231590
0b007e01 0b006101 10000 100 5411 46853737 118059 87759
0b005001 0b006a01 10000 100 206650 46171909 834512 256468
0b006801 0b007101 10000 100 22183 46850341 213877 101829
0b000801 0b005001 10000 100 66335 46635842 430214 138840
0b007801 0b000401 10000 100 43574 46395646 691838 119748
0b000601 0b007901 10000 100 6214134 27778376 19385112 5293163
0b002b01 0b004301 10000 100 109731 46910271 329840 175208
0b001501 0b006501 10000 100 3807679 31662291 15601362 3275570
0b004501 0b007c01 10000 100 3092 46885119 394468 85827
0b002301 0b002a01 10000 100 21579697 13414868 33920499 18134029
0b005601 0b005f01 10000 100 422931 46902562 510610 396188
0b001a01 0b007c01 10000 100 10605 47269005 197252 92106
0b005601 0b000701 10000 100 97278 47154894 410216 164785
0b002301 0b004801 10000 100 54948 47202502 374158 129270
0b004501 0b003101 10000 100 22943 47453775 189072 102437
0b007501 0b004201 10000 100 1168521 44440131 3214810 1062906
0b002801 0b002d01 10000 100 984544 45308149 2349509 867059
0b000d01 0b005e01 10000 100 5007567 26772491 20915029 4281560
0b003301 0b007e01 10000 100 4406128 39523923 8180253 3777331
0b001201 0b004b01 10000 100 75384 47474549 243998 146425
0b006401 0b005b01 10000 100 8532 47687292 101163 90371
0b002b01 0b004701 10000 100 76675 47462992 344739 147496
0b002b01 0b002001 10000 100 9634 47806531 63147 49691
0b004f01 0b003101 10000 100 22071 47793069 149179 101740
0b006e01 0b007101 10000 100 2243098 39052057 8970866 1963848
0b000c01 0b006601 10000 100 24676 47951125 153770 103900
0b005501 0b000201 10001 100 1892 48024997 85951 84790
0b005401 0b000501 10000 100 3567014 17559474 30590133 3073822
0b005a01 0b007a01 10000 100 209867 47456190 732276 259157
0b005201 0b003a01 10000 100 2839 47971860 265946 85586
0b007c01 0b007001 10000 100 680815 47522510 790622 612402
0b002001 0b003601 10000 100 4409504 24780609 23546033 3780147
0b007901 0b006301 10000 100 15324 48171851 172036 96073
0b004b01 0b006a01 10000 100 1698289 43253044 5219559 1507072
0b002d01 0b005b01 10000 100 2858084 42660727 5817949 2479452
0b001501 0b004401 10003 100 34268 48233595 260462 111958
0b003c01 0b002a01 10001 100 845928 45256515 3250413 792428
0b002e01 0b003401 10000 100 2284469 43089559 5455959 1998519
0b004901 0b006c01 10000 100 7022657 24861469 23797496 5971008
0b002701 0b005301 10000 100 22260 48435086 291127 101891
0b005201 0b004301 10000 100 40406 48495644 230897 117099
0b007001 0b000d01 10000 100 1925168 43656118 5109894 1697292
0b006601 0b005701 10000 100 1618467 43691177 5102723 1440143
0b001801 0b005e01 10000 100 904003 46209427 2596260 841154
0b007a01 0b000d01 10000 100 287660 47984978 838258 324387
0b007901 0b007301 10000 100 16718143 23013209 25897610 14058124
0b006301 0b002001 10000 100 2929557 42701601 6331705 2539357
0b003e01 0b004601 10000 100 29125 48935704 177856 107652
0b000c01 0b006a01 10000 100 6268 49150739 100821 88483
0b007001 0b004301 10000 100 24724 49185935 138282 103939
0b005301 0b005f01 10000 100 35512 49179760 201088 71392
0b005201 0b001301 10000 100 31570 49196088 277863 109684
0b003601 0b004d01 10000 100 5898909 7034382 42475353 5028848
0b006f01 0b003201 10000 100 3002929 44146542 5407206 2600858
0b001701 0b001f01 10000 100 3614592 44875042 4682272 3072089
0b006401 0b006501 10000 100 17658154 17440283 32124364 14846228
0b007b01 0b001201 10000 100 6544562 35284429 14314020 5570177
0b000a01 0b002501 10000 100 2134978 38299741 11326858 1873166
0b004701 0b004201 10000 100 17971 49576091 71054 56668
0b000301 0b001b01 10000 100 1425628 39071447 10672018 1278460
0b007a01 0b000a01 10000 100 1232382 47803914 2075431 1116452
0b004501 0b003401 10000 100 9395682 23856837 26071040 7960552
0b001801 0b000e01 10000 100 6410025 24549797 25391411 5457402
