0b005601 0b001501 10000 100 7180 49343 88754 89251
0b003c01 0b000b01 10000 100 61024 13641 133881 134400
0b003b01 0b007601 10000 100 11673 50739 102943 92999
0b002f01 0b007601 10000 100 66690 41436 151713 139124
0b001701 0b000701 10000 100 49702 75100 164509 124881
0b006401 0b005301 10000 100 4918 364393 87617 87326
0b003c01 0b005701 10000 100 30437 529112 108234 108740
0b004801 0b003201 10000 100 21304 611195 100585 101088
0b001601 0b007701 10000 100 22592 938594 102005 102156
0b003001 0b007e01 10000 100 15110 869157 247691 95902
0b002d01 0b004f01 10000 100 7293 1119946 88844 89341
0b003a01 0b005a01 10000 100 7090 1152854 94765 89179
0b000b01 0b005a01 10000 100 860710 423322 873236 804830
0b004d01 0b007f01 10000 100 28303 1217248 106450 106956
0b006801 0b000501 10000 100 3712 1288973 89278 86323
0b005f01 0b006d01 10000 100 1643731 72254 1511243 1461314
0b007a01 0b004001 10000 100 868779 75300 1565531 811592
0b000501 0b003a01 10000 100 819026 955835 776944 769908
0b004d01 0b001301 10000 100 49301 1872884 124047 124560
0b007601 0b003201 10000 100 59099 2015936 132265 132783
0b005701 0b002001 10000 100 2361 2229527 84709 85204
0b003701 0b001501 10000 100 54373 2202467 134261 128810
0b004501 0b006f01 10000 100 50080 2239384 124708 125222
0b001b01 0b003801 10000 100 128010 2230587 190018 190561
0b000001 0b000101 10000 100 31515 2412993 67362 68040
0b006101 0b001701 10000 100 1046690 1578238 1008372 960756
0b002201 0b004f01 10000 100 6016 2523656 88067 88281
0b007401 0b000d01 10000 100 2049621 45925 2617353 1801616
0b006001 0b006c01 10000 100 74140 2577140 103096 103792
0b005801 0b006501 10000 100 461463 2228943 479198 470111
0b006501 0b006301 10000 100 1743 2670550 42404 43071
0b007d01 0b007901 10000 100 76904 2634970 105383 106080
0b000501 0b003a01 10001 100 93720 2564308 181935 161785
0b007601 0b004001 10000 100 72462 2570547 203491 143972
0b005d01 0b000101 10000 100 58974 2676340 132265 132644
0b006501 0b004c01 10000 100 2458 2756249 84834 85281
0b007501 0b001201 10000 100 4858 2837223 87590 87278
0b005d01 0b006601 10000 100 134989 2759699 199746 196375
0b007b01 0b006701 10000 100 2394 2878269 86977 85230
0b004901 0b000e01 10000 100 54823 2814324 174266 129170
0b003601 0b005901 10000 100 8979 2993919 93583 90728
0b007401 0b007b01 10000 100 1556816 945831 2163388 1346841
0b004c01 0b000601 10000 100 26438 3032822 108272 105387
0b007901 0b003a01 10000 100 325517 2772847 430084 356132
0b001b01 0b005001 10000 100 78561 3062186 214382 149082
0b000701 0b003101 10000 100 8919 3245465 90594 90680
0b003b01 0b000201 10000 100 30327 3413616 117403 108652
0b002f01 0b004d01 10000 100 1810461 1977426 1599893 1601111
0b007101 0b000c01 10000 100 30106 3452390 158122 108475
0b003501 0b005a01 10000 100 6425 3642720 88112 88608
0b003601 0b003101 10000 100 35009 3635792 97170 70989
0b006c01 0b001701 10000 100 65986 3624502 139608 138523
0b003c01 0b007101 10000 100 14445 3643413 123383 95332
0b005601 0b006301 10000 100 3003 3765788 85268 85756
0b004a01 0b004201 10000 100 76852 3755407 107694 106038
0b000c01 0b003a01 10000 100 728701 3192527 711417 694154
0b005001 0b006301 10000 100 8273 3779484 221300 90164
0b004f01 0b001001 10000 100 156449 3796947 217575 214388
0b005b01 0b000801 10000 100 16444 3921659 111765 97008
0b002001 0b006501 10000 100 36469 4252696 113911 113796
0b006901 0b007c01 10000 100 1333093 1852061 2523858 1200900
0b003301 0b006901 10000 100 50251 4227597 166045 125359
0b004201 0b007c01 10000 100 1165398 2127029 2292021 1060292
0b003701 0b002a01 10000 100 3952 4334896 87531 86515
0b007d01 0b002e01 10000 100 77590 4235946 187128 148267
0b006501 0b002601 10000 100 365314 3817881 671619 389505
0b003601 0b007301 10000 100 1028 4417549 83746 84099
0b007001 0b000301 10000 100 76215 4404889 146604 147128
0b002101 0b001d01 10000 100 1176 4504629 83939 84217
0b000701 0b005d01 10000 100 62459 4435175 153428 135586
0b002a01 0b002001 10000 100 44738 4586295 79154 79118
0b003601 0b004401 10000 100 1106425 3637957 1079546 1010848
0b005701 0b000401 10000 100 927623 3799325 1090562 860933
0b006d01 0b005201 10000 100 1507990 1751947 3191958 1347499
0b005101 0b005b01 10000 100 5594945 230714 4730316 4732404
0b006f01 0b007201 10000 100 2808 4840158 134613 85561
0b001701 0b000501 10000 100 1128207 2806782 2179907 1029119
0b007701 0b003f01 10000 100 10939 4923285 95998 92373
0b007f01 0b004d01 10000 100 36852 5018533 115946 114102
0b002f01 0b007801 10000 100 38638 5058167 116778 115608
0b005301 0b005201 10000 100 58011 5142719 89586 90274
0b004a01 0b001101 10000 100 2291 5178853 85318 85148
0b005601 0b006301 10001 100 28875 5134417 177326 107413
0b007801 0b006d01 10000 100 26160 5189568 181999 105164
0b007501 0b007001 10000 100 1737 5786243 42961 43066
0b005701 0b006601 10000 100 582938 4529282 1308014 571937
0b002401 0b001501 10000 100 257818 5572507 298764 299361
0b001701 0b005801 10000 100 51337 5927785 125752 126266
0b000001 0b002301 10000 100 10372 6014557 113142 91920
0b006b01 0b003301 10000 100 5589 6051615 89357 87901
0b000301 0b002901 10000 100 5028 6050987 92189 87452
0b003001 0b001501 10000 100 73278 6028111 144140 144664
0b001101 0b006701 10000 100 71101 5968529 217426 142845
0b007f01 0b005901 10000 100 21190 6086025 101320 100996
0b000e01 0b006601 10000 100 401215 5418390 773914 419608
0b005901 0b005801 10000 100 65672 6100893 97036 96672
0b004001 0b002201 10000 100 1542289 4841060 1379421 1376282
0b004101 0b005e01 10000 100 48929 6192670 136281 124224
0b003d01 0b003501 10000 100 17057 6382707 55264 55936
0b007a01 0b000201 10000 100 76289 6326689 151893 147188
0b004901 0b004201 10000 100 756382 5829969 674806 675774
0b005d01 0b004801 10000 100 612 6436484 82304 83728
0b007c01 0b006701 10000 100 6130381 222312 6388291 5222935
0b001001 0b000b01 10000 100 4599728 585310 6049760 3939622
0b000201 0b003d01 10000 100 10075 6571386 170907 91682
0b006901 0b002301 10000 100 65063 6722389 140931 137784
0b001a01 0b006301 10000 100 6879 6812262 88667 88972
0b006a01 0b006b01 10000 100 44076 6882576 77905 78588
0b001401 0b002001 10000 100 77711 6899415 151391 148364
0b003001 0b001001 10000 100 36836 6936417 166649 114089
0b006301 0b007301 10000 100 162416 6897084 288387 219392
0b007d01 0b001f01 10000 100 52700 7017847 183656 127395
0b001e01 0b006101 10000 100 23247 7118397 121269 102719
0b007901 0b004401 10000 100 71770 7177485 174338 143380
0b006101 0b002e01 10000 100 187396 6974310 417936 240336
0b007c01 0b004101 10000 100 8083 7320616 98517 90012
0b006701 0b002601 10000 100 2145594 4135153 3374149 1882081
0b001f01 0b007501 10000 100 6203770 1769149 6030521 5284449
0b003301 0b001a01 10000 100 67422 7742419 139228 139748
0b002501 0b007b01 10000 100 78728 7715887 206843 149216
0b000001 0b003d01 10000 100 33516 7841121 110818 111318
0b002101 0b002701 10000 100 78949 7979756 110804 107792
0b005f01 0b000501 10000 100 4403144 1581290 6526898 3774828
0b002f01 0b007e01 10000 100 30348 8082315 120661 108668
0b007701 0b003b01 10000 100 67858 8145537 305009 140097
0b005a01 0b005f01 10000 100 472439 8137134 454179 437714
0b002801 0b004b01 10000 100 19627 8519156 109563 99669
0b003f01 0b005f01 10000 100 56902 8506028 156372 130910
0b005401 0b000d01 10000 100 4132186 2921140 5805361 3547656
0b007801 0b003f01 10000 100 424949 7136361 1597505 439479
0b001401 0b001701 10000 100 1966890 7157436 1732599 1690644
0b004501 0b003801 10000 100 68933 9010416 140474 140996
0b004801 0b000f01 10000 100 12844 9071266 111605 93974
0b002701 0b007a01 10000 100 1986823 6208874 2983940 1748959
0b004401 0b000401 10000 100 9122 9024761 262014 90881
0b004201 0b004801 10000 100 742043 8635145 663426 663765
0b005201 0b004701 10000 100 92930 9067855 246965 161115
0b005701 0b007c01 10000 100 1741382 7778844 1756544 1543198
0b001d01 0b006101 10000 100 177581 9227938 349719 232100
0b007501 0b002f01 10000 100 180774 9311207 363701 234769
0b000a01 0b004e01 10000 100 513894 7931231 1770626 514052
0b007201 0b000f01 10000 100 7093587 2817182 6904077 6030479
0b007801 0b000801 10000 100 421609 8844408 946891 436692
0b002601 0b003a01 10000 100 61269 9661574 134077 134596
0b006d01 0b002e01 10000 100 4532029 3414447 6421640 3882890
0b002f01 0b007f01 10000 100 6847 9748842 133640 88946
0b007801 0b003001 10000 100 48513 9778658 139300 123892
0b007101 0b007c01 10000 100 2009 9886884 46796 43322
0b005201 0b004101 10000 100 6249 9914865 88163 88468
0b006e01 0b000201 10000 100 31966 9883639 182574 110001
0b004a01 0b006201 10000 100 880178 8782733 1310532 821172
0b005e01 0b005b01 10000 100 72426 9953134 145034 102344
0b001f01 0b004501 10000 100 7586 10024138 89833 89576
0b006d01 0b004601 10000 100 58017 9969275 158420 131879
0b000701 0b005e01 10000 100 1150761 6013848 4123906 1048007
0b006b01 0b001101 10000 100 79727 9954239 228051 150053
0b006801 0b000201 10000 100 39083 10073281 135205 116002
0b004501 0b004b01 10000 100 666350 9133397 1104590 600292
0b007c01 0b004001 10000 100 3370 10209916 87735 86049
0b005901 0b006e01 10000 100 30154 10184651 126108 108513
0b007d01 0b002d01 10000 100 24234 10205241 113948 103547
0b007001 0b003001 10000 100 884263 7771311 2575148 824594
0b000101 0b007201 10000 100 1321281 7297368 3145841 1190989
0b007501 0b001501 10000 100 2145494 6502241 3999652 1882001
0b005f01 0b007d01 10000 100 35570 10409907 135156 113038
0b000301 0b001f01 10000 100 73158 10388334 215723 144568
0b000301 0b002a01 10000 100 4631366 5159219 5510485 3966161
0b004b01 0b006201 10000 100 703289 9124810 1610352 672864
0b007301 0b004201 10000 100 24760 10750804 104444 103968
0b000201 0b000c01 10000 100 1533050 9007608 1900716 1326945
0b000d01 0b001901 10000 100 70904 10781494 232604 142649
0b004601 0b006c01 10000 100 6841 10737320 321452 88941
0b007101 0b000a01 10000 100 4764641 2910579 8168212 4077888
0b006301 0b007101 10000 100 12778 10948881 131837 93921
0b005f01 0b000401 10000 100 4037170 4352161 6739864 3467995
0b001e01 0b001c01 10000 100 25670 11076006 62458 63134
0b003101 0b005c01 10000 100 89092 11210247 157400 157929
0b000101 0b001d01 10000 100 75675 11206127 175464 146658
0b003c01 0b007301 10000 100 2371791 6241549 5157159 2071717
0b004401 0b007301 10000 100 48327 11321092 155732 123743
0b005e01 0b003601 10000 100 18896 11393767 101349 99046
0b007901 0b006d01 10000 100 431209 10539485 984725 444756
0b007f01 0b001401 10000 100 2250 11502025 85509 85115
0b001901 0b005601 10000 100 6669 11502517 90730 88804
0b006401 0b001601 10000 100 7046726 2857303 8737269 5991185
0b006a01 0b007901 10000 100 1844055 7930412 3700303 1629292
0b005901 0b005d01 10000 100 33320 11657537 68882 69561
0b004101 0b006f01 10000 100 1904001 8218592 3609828 1679552
0b001b01 0b003c01 10000 100 74835 11643718 213634 145948
0b003901 0b004801 10000 100 72581 11774597 146828 144068
0b000101 0b003d01 10000 100 346565 11516415 439304 373776
0b006a01 0b004c01 10000 100 16657 11862502 138458 97178
0b000f01 0b005201 10000 100 110346 11948607 269358 175739
0b001401 0b006801 10000 100 15949 12093982 397543 96573
0b007301 0b004c01 10000 100 77518 12282989 214513 148209
0b002501 0b000201 10000 100 163392 12261215 257599 220211
0b002d01 0b002301 10000 100 1911 12606994 42539 43205
0b002801 0b001601 10000 100 897950 10653929 1999274 836043
0b006a01 0b001301 10000 100 38398 12583856 117398 115416
0b003a01 0b007f01 10000 100 1162 12677474 83712 84206
0b004e01 0b004b01 10000 100 25565 12670352 104869 63050
0b007f01 0b001401 10001 100 17248 12686726 104121 97689
0b003201 0b002201 10000 100 34707 12674330 139437 112309
0b005701 0b004a01 10000 100 2871189 10198795 2645560 2490436
0b003101 0b003201 10000 100 54106 12830886 86309 86996
0b004d01 0b005c01 10000 100 339908 11907703 1091594 368182
0b000a01 0b006e01 10000 100 2849080 10268135 2742162 2471904
0b001c01 0b002e01 10000 100 16033 12981519 97213 96679
0b003b01 0b001701 10000 100 148045 12894653 207188 207357
0b002201 0b002801 10000 100 194784 12731433 390159 204915
0b002f01 0b007001 10000 100 10394 13163329 97145 91937
0b002e01 0b005801 10000 100 923159 11004784 2266679 857208
0b006e01 0b000601 10000 100 1305900 10974726 2298277 1178070
0b000c01 0b006c01 10000 100 59772 12843032 437099 133321
0b003901 0b007201 10000 100 36940 13159754 187592 114172
0b002e01 0b007c01 10000 100 1850256 11007701 2404938 1634483
0b000401 0b006d01 10001 100 8184 13357495 95872 90092
0b006c01 0b007601 10000 100 38521 13388605 151993 115514
0b007101 0b004c01 10000 100 8332 13475565 103262 90211
0b005801 0b006401 10000 100 1751245 11126348 2546111 1551472
0b001901 0b001601 10000 100 2806522 9062923 4652430 2394606
0b000701 0b004a01 10000 100 1850 13666259 86470 84756
0b003301 0b002f01 10000 100 193109 13492131 266790 245136
0b000101 0b006801 10000 100 30961 13516761 298210 109159
0b007b01 0b007901 10000 100 2303153 8160360 5758429 1972596
0b004701 0b005b01 10000 100 2503 13888858 87501 85317
0b001201 0b003c01 10000 100 519999 13460496 541439 519167
0b001c01 0b004901 10000 100 11883 13950407 126182 93167
0b006101 0b007901 10000 100 1298942 9634209 4527253 1172235
0b005601 0b002f01 10000 100 25836 14100844 125138 104867
0b005e01 0b004001 10000 100 54470 13944277 284485 128888
0b005f01 0b007001 10000 100 58708 14124770 135036 132432
0b003301 0b002601 10000 100 38320 14162786 176399 115353
0b002f01 0b005f01 10000 100 44603 14239977 133171 120610
0b001901 0b003c01 10000 100 67469 14163761 236152 139786
0b006001 0b007a01 10000 100 23624 14313026 129997 103020
0b004a01 0b002f01 10000 100 829276 13652299 839012 778492
0b000c01 0b000201 10000 100 22934 14489888 61447 60830
0b003c01 0b003901 10000 100 7500489 3389845 11242150 6330029
0b001e01 0b001101 10000 100 77706 14511038 122148 106760
0b005501 0b004101 10000 100 20885 14403592 334392 100714
0b007b01 0b000101 10000 100 888656 13644984 1106644 828262
0b006c01 0b007201 10000 100 38942 14517333 318715 115851
0b007c01 0b005b01 10000 100 2037 15045279 85112 84944
0b002501 0b005701 10000 100 342749 14225972 919005 370570
0b002801 0b003901 10000 100 61688 15012831 152848 134931
0b001d01 0b004e01 10000 100 14066 15063027 107609 95028
0b006701 0b001d01 10000 100 4801403 4362989 10872489 4108719
0b000701 0b001901 10000 100 4844717 5807192 9442601 4145021
0b006f01 0b004f01 10000 100 10298 15055652 243984 91860
0b006601 0b002001 10000 100 3016997 8979769 6354732 2612650
0b007201 0b006d01 10000 100 3745545 7183339 8158427 3223482
0b004301 0b006101 10000 100 1070652 12865942 2534547 980848
0b006e01 0b005001 10000 100 62701 15264229 137133 135780
0b004f01 0b001c01 10000 100 69342 15331495 140840 141361
0b002201 0b006a01 10000 100 1894607 12708090 2781694 1671653
0b003601 0b006601 10000 100 79631 15478937 175180 149976
0b007701 0b002801 10000 100 79309 15511767 149433 149719
0b005701 0b004d01 10000 100 21371 15523623 144862 101141
0b005c01 0b000c01 10000 100 5992 15557268 139374 88224
0b002b01 0b001801 10000 100 3110039 10384104 5386211 2690693
0b004001 0b004401 10000 100 42022 15697006 146317 76868
0b006d01 0b005801 10000 100 53387 15723435 225384 127983
0b000601 0b007801 10000 100 22312 15585850 368752 101932
0b006101 0b000b01 10000 100 34248 15855492 177502 111942
0b003a01 0b001201 10000 100 47757 16046337 166987 123248
0b003501 0b001201 10000 100 23447 15873745 346124 102879
0b003801 0b005a01 10000 100 2632213 9512774 6746841 2290077
0b002301 0b005101 10000 100 51255 16125334 168381 126200
0b003c01 0b001101 10000 100 1673625 10111575 6236832 1486381
0b001c01 0b001b01 10000 100 540156 15883323 493617 494499
0b007101 0b007601 10000 100 1501519 14440497 2079345 1300492
0b000301 0b001b01 10000 100 1044 16486652 83617 84112
0b004e01 0b006601 10000 100 4416153 3910179 12698197 3785735
0b000b01 0b000901 10000 100 2121588 14793599 1842600 1820355
0b000d01 0b003901 10000 100 4180698 6101970 10597618 3588308
0b006601 0b003e01 10000 100 3141267 7113520 9616551 2716866
0b004601 0b006001 10000 100 2691 16656303 86002 85468
0b000901 0b001101 10000 100 58831 16662565 165844 132530
0b000701 0b003e01 10000 100 58367 16573452 307700 132159
0b000201 0b006c01 10000 100 577136 15522013 1533598 567104
0b002e01 0b002d01 10000 100 2603794 14840752 2222921 2224628
0b005701 0b003501 10000 100 2270710 14388725 2815063 1986974
0b004101 0b001501 10000 100 2911476 11960354 5271195 2524201
0b004001 0b000001 10000 100 8609 16936784 338537 90432
0b002801 0b002601 10000 100 60499 17232984 93093 92341
0b007201 0b007401 10000 100 12290 17294923 61293 51931
0b007c01 0b000e01 10000 100 2535 17298501 85686 85343
0b000f01 0b003b01 10000 100 65227 17207999 198132 137916
0b006801 0b004d01 10000 100 4430943 12294659 5143537 3798104
0b004801 0b007f01 10000 100 30857 17353560 110065 109076
0b000501 0b001201 10000 100 1706034 14850910 2615523 1513576
0b001801 0b002801 10000 100 67366 17299681 177512 139704
0b003c01 0b000c01 10000 100 44054 17301800 184390 120171
0b003901 0b002a01 10000 100 17013 17423907 102172 97501
0b005d01 0b003f01 10000 100 7685 17498353 95106 89655
0b003c01 0b000001 10000 100 4960238 9280971 8327450 4241892
0b004c01 0b007d01 10000 100 31919 17400125 218121 109964
0b000201 0b006401 10000 100 6316379 6413700 11324007 5378876
0b004401 0b006501 10000 100 1431 17680190 83927 84421
0b004b01 0b005901 10000 100 7758 17636980 133338 89713
0b002c01 0b002201 10000 100 84312 17806529 114198 112313
0b005101 0b003f01 10000 100 20855 17722138 209688 100690
0b000201 0b001001 10000 100 8835 17859846 97438 90613
0b002b01 0b004401 10000 100 954509 13538501 4500004 883479
0b002601 0b002801 10000 100 6195 18010185 47256 46824
0b007a01 0b004201 10000 100 27978 17988943 113355 106657
0b001901 0b007401 10000 100 914689 17263708 899184 850087
0b004201 0b003601 10000 100 73362 18050428 183094 144731
0b004b01 0b003801 10000 100 12462 18247926 94799 93668
0b005b01 0b003901 10000 100 4021 18182028 197719 86608
0b004201 0b004801 10001 100 9094 18408662 51943 49259
0b000c01 0b002601 10000 100 31961 18256575 244752 109997
0b005d01 0b006e01 10000 100 1795785 16909141 1678826 1588794
0b002701 0b001401 10000 100 8279171 4294402 14323822 7024488
0b007f01 0b006101 10000 100 26150 18523422 129863 105156
0b005401 0b005101 10000 100 6310490 13397058 5384076 5332334
0b002901 0b007001 10000 100 1601740 16757162 2064148 1426108
0b000501 0b004201 10000 100 409030 18058956 847215 426168
0b003201 0b006901 10000 100 50954 18796143 126611 125921
0b001e01 0b002f01 10000 100 6237 18995973 92152 88458
0b000f01 0b000501 10000 100 3043336 16299331 2924019 2593158
0b004501 0b006101 10000 100 21376 19127576 131437 101145
0b006101 0b006601 10000 100 24744 19218709 64249 62355
0b002401 0b005b01 10000 100 2188191 14950472 4338685 1917810
0b004001 0b001901 10000 100 7018253 7314532 11996580 5967332
0b001701 0b005c01 10000 100 71178 19271541 143632 142907
0b007f01 0b005601 10000 100 83405 19254038 173653 153149
0b004001 0b001101 10000 100 45614 19383941 182937 121457
0b002901 0b005201 10000 100 9312195 7795692 11855480 7890575
0b003001 0b004d01 10000 100 28906 19409640 246385 107438
0b000001 0b000f01 10000 100 1785574 16306912 3369100 1538641
0b001f01 0b004501 10001 100 1048843 17423853 2260981 962556
0b000001 0b005201 10000 100 8183 19374937 349501 90092
0b004c01 0b000901 10000 100 29870 19591155 222346 108248
0b004801 0b001701 10000 100 23000 19736360 112616 102483
0b006401 0b006d01 10000 100 837222 18081845 1773387 743556
0b000501 0b001d01 10000 100 21178 19765773 102027 100987
0b003001 0b003d01 10000 100 1088207 18054738 1822258 953983
0b004001 0b004b01 10000 100 7788306 7091507 12816554 6571342
0b005801 0b004601 10000 100 1167727 17108724 2814488 1062232
0b001c01 0b000401 10000 100 42161 19878576 137651 118580
0b005d01 0b000a01 10000 100 323146 19617244 497803 354158
0b005201 0b003801 10000 100 62495 20001462 135096 135615
0b004f01 0b002901 10000 100 258 20124682 81859 83444
0b007401 0b003a01 10000 100 77809 20052427 190655 148442
0b006201 0b003b01 10000 100 47256 20129418 164678 122848
0b003101 0b003d01 10000 100 1516464 18191163 2188579 1313024
0b006e01 0b007601 10000 100 33028 20118753 285359 110928
0b000801 0b003101 10000 100 10725 20297983 131299 92202
0b007801 0b001a01 10000 100 2024951 18652014 1831678 1780920
0b006b01 0b006f01 10000 100 8209390 13603108 6920954 6924376
0b005201 0b000901 10000 100 26588 20354808 187537 105507
0b004801 0b001f01 10000 100 35319 20360521 235796 112837
0b001f01 0b003e01 10000 100 114053 20257482 377192 178858
0b001901 0b006801 10000 100 74494 20440101 221281 145675
0b005d01 0b006e01 10001 100 29972 20561343 154360 108329
0b001201 0b004601 10000 100 1621862 18232237 2506193 1442974
0b007c01 0b004801 10000 100 61038 20515872 228498 134411
0b006001 0b003201 10000 100 831241 18591317 2193286 780141
0b000a01 0b007a01 10000 100 3857592 12988286 7812451 3317420
0b001101 0b006c01 10000 100 7687468 6291918 14516190 6528393
0b005101 0b006301 10000 100 10336 20674267 162636 91891
0b003d01 0b004101 10000 100 4723 20796345 183209 87170
0b005501 0b007601 10000 100 92829 20855278 161991 161034
0b004501 0b000c01 10000 100 452666 19830385 1194354 462728
0b004601 0b000201 10000 100 625223 20080444 995989 607416
0b000e01 0b007901 10000 100 19166 20830767 261421 99300
0b003c01 0b004201 10000 100 10789 21040712 92073 92253
0b003201 0b001801 10000 100 910981 20308963 878228 846967
0b003b01 0b000c01 10000 100 12858 21118879 103927 93985
0b000f01 0b007901 10000 100 4177 21205445 106873 86733
0b007f01 0b000701 10000 100 21771 21186953 128680 101461
0b003201 0b001001 10000 100 62259 21190684 156743 135426
0b006e01 0b003701 10000 100 2289890 17292269 4069299 2003048
0b003f01 0b003301 10000 100 7011387 11862073 9499504 5919970
0b000901 0b005601 10000 100 2831994 12800456 8633165 2457544
0b004201 0b002e01 10000 100 1186914 18687606 2842935 1078312
0b001901 0b005801 10000 100 17297 21443142 112085 97728
0b003e01 0b005201 10000 100 38183 21465748 115310 115244
0b000c01 0b004601 10000 100 2546 21593133 84905 85352
0b006b01 0b000901 10000 100 46826 21677762 153371 122465
0b005e01 0b007901 10000 100 6462 21728061 134345 88638
0b003701 0b001401 10000 100 68624 21778416 140227 140748
0b002b01 0b006301 10000 100 1760 21905765 85295 84684
0b001a01 0b003901 10000 100 685531 21086510 943246 657967
0b006801 0b001701 10000 100 78026 21965727 200245 148654
0b002701 0b006701 10000 100 1293553 20374791 1829967 1167732
0b006001 0b006a01 10000 100 6347828 15475185 6742037 5363625
0b006701 0b006401 10000 100 62851 22145511 94137 94300
0b006801 0b005101 10000 100 5105 21963615 281434 87514
0b003f01 0b000301 10000 100 107047 22159315 174962 172984
0b001601 0b005101 10000 100 26511 22244415 105421 105445
0b005201 0b004e01 10000 100 78725 22214869 150804 149213
0b001301 0b004e01 10000 100 56547 22187638 294930 130626
0b001101 0b004f01 10000 100 64086 22330664 204552 136964
0b000601 0b004301 10000 100 10906 22453987 94363 92347
0b004101 0b004401 10000 100 24500 22593047 62252 62160
0b001c01 0b007b01 10000 100 17751 22647934 97863 98092
0b002301 0b007601 10000 100 67129 22753560 141863 139514
0b002601 0b007101 10000 100 7457864 10500451 12504766 6335878
0b002e01 0b002c01 10000 100 51333 22918421 94234 84663
0b004201 0b007001 10000 100 40703 23124723 118502 117336
0b004c01 0b007f01 10000 100 24537 23133409 146017 103789
0b004c01 0b003201 10000 100 9912 23129037 157724 91513
0b004c01 0b002801 10000 100 67625 23094739 235908 139911
0b006401 0b004701 10000 100 8159340 7599528 15746373 6924016
0b004b01 0b005c01 10000 100 73392 23241708 208129 144755
0b007201 0b007101 10000 100 31339 23486531 104131 67900
0b006f01 0b005801 10000 100 42961 23440844 206973 119220
0b006a01 0b005801 10000 100 918355 21709178 1953812 853173
0b007d01 0b001a01 10000 100 970499 22228344 1520800 896885
0b004201 0b003101 10000 100 3758261 16797868 6979063 3234154
0b004101 0b006e01 10000 100 23287 23661535 260580 102751
0b000601 0b004a01 10000 100 372398 23276009 680020 395441
0b002c01 0b002401 10000 100 252771 23521210 468771 253532
0b004201 0b004b01 10000 100 8638 23981057 50788 48856
0b006a01 0b002001 10000 100 4249479 17980776 6080748 3645983
0b004701 0b002701 10000 100 7209194 14756619 9424010 6127419
0b006801 0b004f01 10000 100 6117 24090178 93781 88362
0b002801 0b002101 10000 100 8173403 17303057 6897132 6894204
0b005a01 0b002a01 10000 100 9229 24359897 102713 90967
0b002c01 0b002201 10001 100 1903262 22641613 1894491 1637323
0b007101 0b004b01 10000 100 3181857 17472636 7070982 2750874
0b000201 0b000101 10000 100 53949 24427288 135706 86832
0b005201 0b003d01 10000 100 9496 24472586 90683 91180
0b007001 0b004b01 10000 100 11668 24427474 137757 92995
0b004701 0b006401 10000 100 1102860 22324424 2294810 1007843
0b002a01 0b001e01 10000 100 8731 24713362 132600 90530
0b000001 0b006501 10000 100 61006 24708747 173673 134385
0b007501 0b004001 10000 100 29838 24695686 187954 108222
0b004401 0b007101 10000 100 1986496 21379586 3583614 1748697
0b005501 0b005101 10000 100 70269 25020281 124149 100541
0b002a01 0b002b01 10000 100 528087 23795842 1447166 484383
0b005901 0b001501 10000 100 77627 24693632 574786 148296
0b004501 0b001901 10000 100 3019933 21327419 4011847 2615114
0b003301 0b004101 10000 100 11088 25402595 100749 92531
0b005d01 0b003001 10000 100 38674 25427271 242594 115636
0b001201 0b007801 10000 100 27137 25590035 128336 105984
0b005701 0b004901 10000 100 5921 25715486 87719 88167
0b007101 0b001001 10000 100 43338 25690715 177922 119560
0b000a01 0b006f01 10001 100 76387 25737245 511188 147266
0b006901 0b005c01 10000 100 1883780 22824646 3446797 1662569
0b002201 0b003e01 10000 100 6494034 6924956 19441143 5527835
0b002401 0b006a01 10000 100 7358 26248506 143549 89393
0b003e01 0b006801 10000 100 37365 26299975 146098 114551
0b002401 0b000a01 10000 100 663622 25487008 1071914 639595
0b006e01 0b007b01 10000 100 7422 26565156 89394 89444
0b007f01 0b004901 10000 100 22597 26584307 221748 102160
0b001401 0b001901 10000 100 38790 26748170 74504 74129
0b002001 0b003e01 10000 100 1242149 25179549 1732619 1124650
0b004801 0b005401 10000 100 32393 26902139 160130 110381
0b000d01 0b000701 10000 100 13202209 15272685 11819421 11110362
0b001301 0b001701 10000 100 3089 27069073 45979 44224
0b002d01 0b001601 10000 100 1595 27033094 84837 84552
0b001401 0b006801 10001 100 17084 27241296 126047 97558
0b000d01 0b000101 10000 100 75350 27228344 156066 104798
0b007901 0b004401 10001 100 75081 27368163 211556 146183
0b003001 0b004501 10000 100 61232 27469106 143266 134566
0b003e01 0b003501 10000 100 2185330 24222790 3600977 1873806
0b003701 0b000d01 10000 100 4353101 23812846 4068789 3732874
0b003901 0b002a01 10001 100 6229 27822851 90982 88452
0b006601 0b001701 10000 100 1178 27879631 126144 84219
0b007501 0b007f01 10000 100 27354 27981895 63881 64558
0b002901 0b003401 10000 100 1429588 24990407 3067406 1281782
0b007101 0b000501 10000 100 837177 26447662 1672585 785120
0b005a01 0b000501 10000 100 1115218 26208518 2000000 1018228
0b007401 0b002601 10000 100 77296 28010159 216607 148032
0b000301 0b007701 10000 100 35570 28166755 123162 113038
0b007101 0b003a01 10000 100 126887 27988402 308386 189586
0b007001 0b006a01 10000 100 7799 28147903 194448 89746
0b002201 0b000101 10000 100 7304203 14022206 14334815 6207074
0b001f01 0b005101 10000 100 2220281 23096727 5264345 1944711
0b004b01 0b000801 10000 100 309131 27448181 917585 342408
0b003e01 0b007301 10000 100 28384 28277584 114393 107020
0b003d01 0b004601 10000 100 10595 28206323 202011 92098
0b005b01 0b001201 10000 100 4817724 22463283 6100604 4122390
0b005401 0b007301 10000 100 25207 28769765 106342 104364
0b005201 0b005301 10000 100 869926 26804788 2081405 770948
0b001001 0b003a01 10000 100 4852930 20041636 8916039 4151899
0b002c01 0b005c01 10000 100 1408650 27684095 1273776 1264225
0b006401 0b007e01 10000 100 685790 26957463 2066892 658174
0b002301 0b005001 10000 100 29024 28930167 107964 107571
0b007201 0b004d01 10000 100 4184 29066360 89069 86739
0b006d01 0b007801 10000 100 79818 28962854 212808 150126
0b007c01 0b006701 10001 100 4138 28894442 417175 86702
0b006601 0b004201 10000 100 983 28978022 428263 84024
0b003801 0b000c01 10000 100 28528 29297215 129856 107136
0b001f01 0b007e01 10000 100 28055 29320028 122174 106757
0b002f01 0b001a01 10000 100 76603 29182164 340249 147439
0b002a01 0b001601 10000 100 3775111 20058100 9557792 3248287
0b003f01 0b001c01 10000 100 4347 29569274 89754 86869
0b006f01 0b004601 10000 100 996 29378937 337479 84035
0b006101 0b004101 10000 100 8020125 15347686 14393095 6807306
0b004201 0b000301 10000 100 6328 29522226 333677 88531
0b001201 0b001801 10000 100 112880 29761022 153187 136243
0b007d01 0b001501 10000 100 6624526 18053665 11988633 5637220
0b006401 0b003201 10000 100 2447111 25135257 4916841 2134892
0b004f01 0b002e01 10000 100 446977 29307418 870519 457946
0b005701 0b003701 10000 100 62244 30036309 170548 135414
0b000801 0b000f01 10000 100 41558 30198170 89184 76459
0b006a01 0b004401 10000 100 63995 30244377 151565 136853
0b006b01 0b006a01 10000 100 15025 30348064 63352 54234
0b001001 0b000201 10000 100 11331 30301528 179164 92725
0b005701 0b007001 10000 100 21154 30298215 414601 100968
0b002501 0b006d01 10000 100 27916 30403714 321729 106608
0b002b01 0b006501 10000 100 10404 30542338 255616 91945
0b002c01 0b005d01 10000 100 34414 30661426 137370 112075
0b006201 0b000201 10000 100 5834218 19127546 11746930 4974638
0b001e01 0b001701 10000 100 25557 30790562 104503 63044
0b002a01 0b003401 10000 100 2490 30802016 98257 85307
0b006701 0b001f01 10000 100 786229 29467759 1551799 742404
0b006101 0b007401 10000 100 4978 31015514 167440 87374
0b002901 0b005501 10000 100 106877 31008352 175823 172810
0b003601 0b002201 10000 100 21615 30920946 296242 101336
0b006101 0b005f01 10000 100 1555276 25798528 5436675 1387171
0b005801 0b007c01 10000 100 899257 28969516 2453840 837165
0b007401 0b003501 10000 100 80345 31330561 228678 150586
0b001801 0b006901 10000 100 58900 31401872 193055 132585
0b003501 0b000101 10000 100 21163 31488445 187098 100975
0b001901 0b000001 10000 100 6546 31568038 123323 88705
0b001801 0b002201 10000 100 122192 31515764 221812 185676
0b005801 0b006d01 10000 100 1188113 26399005 5418226 1079348
0b005201 0b003501 10000 100 57465 31365467 465944 131399
0b003f01 0b005001 10000 100 597458 29845388 1998129 584129
0b003a01 0b004501 10000 100 1266988 28112632 3784330 1145443
0b000101 0b000401 10000 100 133573 31824106 174720 153604
0b000501 0b007701 10000 100 21315 31796483 283351 101096
0b006601 0b002701 10000 100 291846 31682822 409079 327889
0b005501 0b007e01 10000 100 48090 31884302 245540 123553
0b006c01 0b000901 10000 100 1668570 27811819 4324994 1482145
0b000a01 0b001901 10000 100 56535 32132673 169120 130616
0b001801 0b001a01 10000 100 39232 32291772 74575 74521
0b004501 0b003c01 10000 100 3475823 28347598 4088246 2997336
0b002801 0b007001 10000 100 9190 32306721 226395 90936
0b007d01 0b000901 10000 100 492535 31448710 1106130 496159
0b002c01 0b000601 10000 100 41679 32456348 121326 118156
0b007f01 0b004801 10000 100 57845 32436103 229340 131703
0b002101 0b004901 10000 100 6411 32638623 89777 88597
0b003301 0b005101 10000 100 14331 32209936 548925 95240
0b003b01 0b003501 10000 100 15822672 15610004 17240333 13307340
0b000301 0b004c01 10000 100 5478 32841077 93857 87812
0b000f01 0b004f01 10000 100 28069 32704149 249282 106768
0b003301 0b004b01 10000 100 609451 31766044 1205881 594184
0b002a01 0b006901 10000 100 6255575 22159589 10874364 5327890
0b002a01 0b006701 10000 100 6865 32943856 96970 88960
0b006401 0b007901 10000 100 7758771 23635617 9405249 6588162
0b000201 0b003901 10000 100 522616 32240870 878150 521376
0b000101 0b002001 10000 100 5178654 15936981 17237100 4424996
0b001301 0b003d01 10000 100 33560 33115251 138711 111353
0b000c01 0b007601 10000 100 13423 33161176 104355 94476
0b005301 0b007201 10000 100 27219 33173921 206350 106050
0b002801 0b002101 10001 100 9075 33456177 48718 49244
0b000a01 0b003d01 10000 100 517 33383536 151273 83652
0b005701 0b007b01 10000 100 27606 33618174 118422 106360
0b007e01 0b004601 10000 100 7208 33433558 309470 89273
0b000001 0b001801 10000 100 3442353 26196013 7598796 2969293
0b005301 0b005e01 10000 100 135422 33678348 172189 155160
0b001a01 0b001701 10000 100 52983 33854052 85334 86021
0b003401 0b004701 10000 100 2220309 30294528 3689110 1944733
0b006a01 0b007601 10000 100 3816173 30582866 3474813 3282711
0b005301 0b000e01 10000 100 7700474 14397030 19679985 6539297
0b005801 0b007b01 10000 100 3250319 28130718 5986030 2808293
0b007301 0b006b01 10000 100 78391 34169629 150877 148946
0b001401 0b006a01 10000 100 6786 34294968 96613 88897
0b007001 0b006d01 10000 100 2513 34291337 121991 85325
0b007501 0b004201 10000 100 12318 34331919 95616 93553
0b003c01 0b001201 10000 100 61544 34489400 135689 134816
0b001f01 0b004e01 10000 100 1420184 30934976 3704572 1273913
0b003d01 0b003701 10000 100 39504 34570978 75558 74739
0b000901 0b003301 10000 100 12909 34608301 108457 94026
0b006e01 0b002101 10000 100 4091 34769583 112583 86664
0b006001 0b007b01 10000 100 4062 34673899 344588 86641
0b005701 0b000d01 10000 100 1137 34860864 218316 84186
0b006b01 0b003f01 10000 100 3147984 28836729 6358925 2722470
0b000b01 0b005401 10000 100 17582 34945664 287641 97956
0b002801 0b000101 10000 100 104383 35099121 173864 170738
0b003701 0b003001 10000 100 45521 35169534 117865 79783
0b007501 0b007c01 10000 100 37870 35215625 77702 73355
0b004e01 0b001601 10000 100 34248 35028149 284595 111942
0b002a01 0b006501 10000 100 1409021 33145567 2198809 1264560
0b000401 0b006101 10000 100 32972 35348117 147644 110844
0b004d01 0b007e01 10000 100 7040680 28023949 7488142 5986118
0b006101 0b005101 10000 100 77898 35421248 153179 148513
0b007b01 0b002901 10000 100 77535 35395110 212981 148223
0b000e01 0b003b01 10000 100 11458 35581599 96890 92827
0b002801 0b004001 10000 100 36222 35566549 137343 113598
0b007e01 0b003401 10000 100 1164215 34645014 1246334 1059308
0b000401 0b002c01 10000 100 3106586 18080281 17815744 2687777
0b002b01 0b007f01 10000 100 11222 35738739 305721 92638
0b001301 0b000c01 10000 100 165426 35580152 550439 221915
0b004201 0b005701 10000 100 1497322 32785620 3367297 1338580
0b001901 0b002301 10000 100 8450265 21524416 14662380 7167930
0b003901 0b003201 10000 100 6293958 30819414 5403064 5318456
0b007001 0b007501 10000 100 666008 35643821 606914 600019
0b001601 0b003a01 10000 100 27924 36276721 116355 106614
0b007901 0b002701 10000 100 1693792 32770718 3634911 1503283
0b004601 0b000201 10001 100 4520575 27567527 8854850 3873266
0b006301 0b004801 10000 100 21439227 12205485 24334283 18057877
0b003601 0b001901 10000 100 789889 34918620 1625495 745447
0b003001 0b004801 10000 100 864121 35237109 1382946 807712
0b004901 0b006301 10000 100 40644 36553560 146432 117289
0b001301 0b006a01 10000 100 12284935 20939079 15778210 10382892
0b002b01 0b005301 10000 100 1478391 33374825 3366288 1322706
0b005401 0b006801 10000 100 4617 36752666 89104 87085
0b000401 0b006d01 10000 100 10209978 4774965 32290071 8643246
0b007d01 0b006801 10000 100 26402 36960899 117138 105358
0b005301 0b003601 10000 100 55923 36948064 158009 130088
0b003401 0b000501 10000 100 42792 36845357 270326 119084
0b000801 0b001101 10000 100 23201 36884320 242651 102682
0b002201 0b001401 10000 100 738873 36453344 701982 702676
0b003101 0b004201 10000 100 2036 37166712 84497 84944
0b002801 0b002901 10000 100 11753 37678303 52600 51463
0b004601 0b001801 10000 100 623924 37126934 611605 606300
0b007701 0b002901 10000 100 3049 37582540 211681 85792
0b005701 0b000701 10000 100 25032 37763070 248646 104224
0b001e01 0b006401 10000 100 3304773 29058658 8988408 2853930
0b007e01 0b001801 10000 100 21394 37980299 100997 101160
0b004401 0b003601 10000 100 652897 36336129 1789616 630592
0b004e01 0b000e01 10000 100 704959 36913102 1269334 674239
0b003101 0b006201 10000 100 46919 38037000 160968 122540
0b000a01 0b006301 10000 100 192033 37896818 335880 244237
0b005901 0b000501 10000 100 4072 38040274 196855 86649
0b007d01 0b003c01 10000 100 4947 38164467 87004 87349
0b001301 0b005f01 10000 100 15539 38170024 107758 96245
0b005201 0b006001 10000 100 29050 38021945 256731 107592
0b000301 0b004401 10000 100 149128 38066039 276669 208262
0b001f01 0b006e01 10000 100 118438 38340558 257634 182520
0b005801 0b002c01 10000 100 22567 38405027 249921 102136
0b007101 0b000f01 10000 100 38686 38546228 136236 115646
0b003101 0b007901 10000 100 68885 38577987 183152 140957
0b007d01 0b004901 10000 100 2890838 33398044 5399613 2506884
0b001901 0b004d01 10000 100 22884 38715144 113531 102390
0b003901 0b002a01 10002 100 123888 38596773 399031 187072
0b002201 0b004301 10000 100 25881 39034548 115177 104903
0b000501 0b003501 10000 100 2341590 33534003 5679306 2046404
0b004a01 0b005101 10000 100 229843 38706562 545030 275906
0b002701 0b006c01 10000 100 53277 38937127 365647 127895
0b000401 0b003d01 10000 100 2887196 26615115 12767378 2503856
0b003a01 0b004b01 10000 100 9563 39350766 138034 91234
0b007501 0b005c01 10000 100 18892 39348851 150972 99043
0b001e01 0b000f01 10000 100 16291319 16355865 23221473 13741868
0b002a01 0b003a01 10000 100 1216704 37761851 1959826 1103296
0b005e01 0b005601 10000 100 28455 39721277 64800 65477
0b004d01 0b002301 10000 100 673327 38777253 1032967 647743
0b001201 0b006e01 10000 100 31526 39801486 109623 109649
0b000101 0b006401 10000 100 197683 39644419 473706 248949
0b006101 0b002101 10000 100 48209 39867822 258649 123648
0b000901 0b002601 10000 100 1429329 38241228 1950624 1281575
0b004801 0b005001 10000 100 6436354 30981166 9242395 5479464
0b000901 0b006601 10000 100 28328 40103635 134499 106976
0b000c01 0b002801 10000 100 58739 40101501 142484 132456
0b006a01 0b002a01 10000 100 27044 40147102 153125 105910
0b000701 0b005701 10000 100 199655 40169436 392108 250604
0b002401 0b003601 10000 100 24920 40523353 121101 104096
0b006101 0b003301 10000 100 78232 40494445 191033 148819
0b000d01 0b005401 10000 100 42225 40619137 125716 118631
0b003c01 0b001401 10000 100 1928 40662330 85157 84819
0b000b01 0b006b01 10000 100 4153 40717591 95306 86714
0b002c01 0b000a01 10000 100 2419717 37860680 2969797 2111901
0b003901 0b002801 10000 100 4263725 36938777 3953983 3657917
0b007901 0b003501 10000 100 3860340 31952360 8945619 3319734
0b000001 0b007901 10000 100 51759 40737254 174893 126604
0b007501 0b003e01 10000 100 3487248 29977058 11064053 3006937
0b006e01 0b004801 10000 100 25344 40882556 182836 104473
0b001b01 0b001101 10000 100 39349 41207669 73933 74615
0b000b01 0b006601 10000 100 26668 41202672 111401 105571
0b002301 0b000301 10000 100 1813454 39006980 2328591 1603620
0b002901 0b003501 10000 100 763462 40180286 1344202 723307
0b003401 0b001901 10000 100 78628 41067862 499103 149136
0b004301 0b006701 10000 100 5117 41477972 175892 87524
0b002a01 0b006f01 10000 100 17072 41523035 134075 97548
0b002601 0b006f01 10000 100 56160 41513972 156750 130316
0b002701 0b004101 10000 100 2223935 37149114 4521715 1947749
0b004101 0b002201 10000 100 1397377 38999145 2704691 1254784
0b006101 0b002901 10000 100 285357 41145446 783428 322468
0b007801 0b005901 10000 100 50844 41943163 254072 125833
0b000001 0b007a01 10000 100 6862873 35592376 6614225 5837037
0b005b01 0b003f01 10000 100 27009 42257583 171344 105882
0b002a01 0b003a01 10001 100 101271 42229871 259954 168133
0b003a01 0b005f01 10000 100 35353 42336437 169811 112864
0b003401 0b001501 10000 100 2509 42496632 180751 85322
0b000a01 0b006f01 10000 100 7336004 25588858 17153534 6233744
0b004401 0b000901 10000 100 8617562 28503392 14285957 7308180
0b007301 0b001901 10000 100 431504 42236821 571245 444992
0b005101 0b001501 10000 100 464389 42071823 737715 472567
0b001801 0b001a01 10001 100 21922 42764191 60146 59982
0b006401 0b007c01 10000 100 1327607 38937187 3943463 1196280
0b007901 0b005201 10000 100 57191 42766000 182282 131180
0b003901 0b001201 10000 100 24755 42929769 112678 103964
0b007301 0b003001 10000 100 32766 42811907 233409 110680
0b004e01 0b000401 10000 100 18571589 8131907 34989865 15653636
0b004301 0b002c01 10000 100 64422 42829722 311135 137233
0b001801 0b000701 10000 100 342335 42415959 807233 370239
0b003401 0b003201 10000 100 3153439 39682308 3587502 2685464
0b000001 0b000501 10000 100 185892 43124251 196716 197456
0b001401 0b007901 10000 100 22389 43248060 112072 101994
0b006101 0b006a01 10000 100 61759 43237158 126269 93388
0b004301 0b007c01 10000 100 43049 43207177 157013 119328
0b003e01 0b007601 10000 100 3679680 38594656 4781157 3168256
0b006d01 0b007801 10001 100 14586 43186284 195562 95444
0b000e01 0b005301 10000 100 1071368 41213698 2224353 981459
0b005801 0b006101 10000 100 7973998 25420995 18047806 6768600
0b004601 0b006801 10000 100 3396122 37982415 5559297 2930542
0b005801 0b007401 10000 100 5383098 35106367 8698569 4596424
0b002801 0b004301 10000 100 33798 43624262 186242 111544
0b007d01 0b003501 10000 100 11432 43813422 97724 92806
0b007901 0b006d01 10001 100 1602236 40102743 4097190 1426544
0b004601 0b003e01 10000 100 2180663 40899389 3582671 1911480
0b006e01 0b006c01 10000 100 1961334 42648719 1870593 1686008
0b002901 0b007101 10000 100 64583 44224945 365749 137362
0b005e01 0b007801 10000 100 2003207 39913404 4759812 1762719
0b006e01 0b006301 10000 100 105776 44570024 147780 130291
0b003f01 0b002901 10000 100 15623 44572535 150388 96312
0b003a01 0b007101 10000 100 2953552 41865615 2887528 2559475
0b006b01 0b006d01 10000 100 26088 44481077 280552 63507
0b005401 0b000a01 10000 100 23229 44562512 249444 102704
0b006a01 0b002c01 10000 100 1680592 40512000 4342335 1492224
0b004401 0b005e01 10000 100 1237338 40814694 4045526 1120609
0b005e01 0b004501 10000 100 3637867 40284497 4692629 3133192
0b006401 0b002601 10000 100 24135 44810787 185435 103468
0b002c01 0b005101 10000 100 81941 44819059 199874 151901
0b001901 0b002101 10000 100 1551654 42653712 2365980 1384120
0b001d01 0b006d01 10000 100 9262529 26989384 18036023 7848922
0b006601 0b007501 10000 100 12450 45095482 99507 93659
0b005301 0b001f01 10000 100 104902 44991518 210706 171153
0b004a01 0b005501 10000 100 14259 45115745 94740 95183
0b005901 0b000101 10000 100 148348 45065290 220606 207600
0b006201 0b007701 10000 100 5461 45253390 95039 87799
0b000101 0b007101 10000 100 26383 45265753 126754 105343
0b006d01 0b003701 10000 100 2427087 42594124 2939534 2118104
0b006601 0b002401 10000 100 11760 45424556 207651 93068
0b003701 0b004201 10000 100 49326 45493223 185372 124580
0b002a01 0b000e01 10000 100 2599683 40436513 5253039 2262786
0b007201 0b006701 10000 100 64287 45535054 194072 137125
0b006a01 0b005401 10000 100 3056 45632816 189539 85798
0b007401 0b002d01 10000 100 71739 45547490 298454 143356
0b000f01 0b005b01 10000 100 2297790 33618719 12272466 2009675
0b005401 0b004601 10000 100 6499 45843270 89057 88668
0b001401 0b002601 10000 100 685825 45292084 730761 658202
0b000201 0b007101 10000 100 1104279 44214060 1809220 1009055
0b001901 0b002701 10000 100 1888253 40770001 5380729 1666340
0b005401 0b001d01 10000 100 4121189 38485719 7743897 3538436
0b005801 0b001101 10000 100 6611 46179545 91592 88757
0b006401 0b004001 10000 100 5615205 36175728 10138220 4791018
0b000c01 0b000301 10000 100 3705970 42355720 4251081 3148686
0b002601 0b004e01 10000 100 76403 46515073 282253 147279
0b005101 0b005901 10000 100 50765 46826864 105227 84170
0b002c01 0b007001 10000 100 393872 46156377 950192 413427
0b002701 0b003001 10000 100 4914447 37668773 9477243 4203493
0b003701 0b002c01 10000 100 12541798 33765929 13466278 10598251
0b001801 0b002a01 10000 100 55084 46906160 327915 129417
0b001b01 0b005401 10000 100 58126 46996876 286182 131966
0b002601 0b005e01 10000 100 1418664 46151239 1412341 1272620
0b000201 0b002401 10000 100 1805361 42508228 5058009 1596839
0b007901 0b001201 10000 100 692808 46321351 1245512 664057
0b007801 0b006f01 10000 100 40259 47691799 259040 116981
0b003401 0b000301 10000 100 9031456 26489070 21478010 7655193
0b002201 0b007201 10000 100 20555 47759347 238754 100450
0b004601 0b004701 10000 100 1786968 45486994 2661337 1539795
0b007401 0b004701 10000 100 1391431 45044856 3211754 1249797
0b006401 0b007601 10000 100 41765 48145714 155379 118224
0b001f01 0b001c01 10000 100 30772 48440359 114452 67408
0b004901 0b007201 10000 100 9011286 36243847 12368877 7638289
0b007101 0b004301 10000 100 26154706 2233806 46458244 22011316
0b000d01 0b005d01 10000 100 2884394 31970616 16730305 2501499
0b002e01 0b007701 10000 100 6288905 39911207 8886859 5355821
0b000101 0b002701 10000 100 9685121 17414901 31569160 8203239
0b003701 0b006701 10000 100 41464 48850514 149701 117984
0b007201 0b006c01 10000 100 1444601 46469212 2632877 1294368
0b001e01 0b000501 10000 100 14253 49153021 95740 95178
0b006501 0b006d01 10000 100 1956277 46176217 3198625 1681770
0b002001 0b002401 10000 100 7835309 40963000 8420388 6610749
0b003f01 0b005a01 10000 100 9585953 38720167 10963409 8120064
