0b005801 0b002e01 10000 100 2450 76701 84780 85275
0b006b01 0b001a01 10000 100 46836 61464 121961 122473
0b004001 0b000a01 10000 100 23640 154399 102530 103033
0b003101 0b000401 10000 100 64056 121680 136421 136940
0b004f01 0b004101 10000 100 20521 189073 74860 58823
0b001301 0b000f01 10000 100 5600 234720 87414 87910
0b003801 0b001c01 10000 100 16345 257868 96428 96928
0b003a01 0b006f01 10000 100 110569 337405 180966 175917
0b003201 0b001e01 10000 100 39878 455885 116128 116638
0b003d01 0b005e01 10000 100 53367 544689 127452 127967
0b002201 0b006e01 10000 100 3472 629998 103425 86131
0b006701 0b007701 10000 100 4151 684046 94136 86712
0b007401 0b003401 10000 100 38850 685747 115268 115777
0b003f01 0b006d01 10000 100 19658 749606 99192 99694
0b001f01 0b002701 10000 100 57466 862759 130883 131400
0b003101 0b004101 10000 100 47926 841801 182123 123384
0b005901 0b003701 10000 100 92607 903595 160326 160856
0b007901 0b006201 10000 100 703904 356165 708727 673356
0b007201 0b004d01 10000 100 4208 1014844 89205 86758
0b001f01 0b003701 10000 100 1057 1161967 83896 84122
0b001701 0b000e01 10000 100 476400 793515 492884 482636
0b003401 0b002401 10000 100 19001 1190362 105641 99168
0b004601 0b001f01 10000 100 173345 983797 399275 228557
0b007301 0b006601 10000 100 6357 1375987 103427 88554
0b001c01 0b004f01 10000 100 42746 1327821 153203 119048
0b004a01 0b000c01 10000 100 57412 1340414 201691 131356
0b002501 0b006601 10000 100 4718 1542159 86670 87166
0b007c01 0b003001 10000 100 122833 1447707 185646 186189
0b005c01 0b000c01 10000 100 364933 1202603 436656 389162
0b004f01 0b007b01 10000 100 52140 1491220 162758 126947
0b003d01 0b007301 10000 100 37781 1760932 129947 114884
0b004f01 0b007701 10000 100 145807 1629506 265705 205452
0b000c01 0b007a01 10000 100 75037 1754469 148138 146148
0b004d01 0b000101 10000 100 77312 1928021 158264 148044
0b002c01 0b000701 10000 100 7076 2003240 88671 89168
0b004201 0b004d01 10000 100 16143 2053283 61811 55167
0b000601 0b005201 10000 100 8005 2030874 89746 89949
0b001101 0b001501 10000 100 24794 2249155 61719 62395
0b004b01 0b000601 10000 100 24913 2232446 109361 104090
0b003501 0b006a01 10000 100 57716 2237432 156358 131600
0b007b01 0b007f01 10000 100 1415329 1165938 1256621 1228237
0b006101 0b007001 10000 100 5491 2349504 103660 87823
0b003601 0b004a01 10000 100 4260 2391355 88028 86800
0b000e01 0b001901 10000 100 747064 754621 1728643 709574
0b007901 0b007b01 10000 100 13078 2430299 56435 52600
0b001d01 0b002d01 10000 100 1358 2481559 94157 84363
0b007001 0b003101 10000 100 14215 2536388 100701 95148
0b000d01 0b004101 10000 100 55265 2386503 277864 129562
0b002301 0b001001 10000 100 1315729 1488209 1185297 1186317
0b003301 0b007c01 10000 100 36600 2591277 133788 113900
0b004601 0b002901 10000 100 1983825 156457 2598872 1746445
0b005d01 0b004701 10000 100 34246 2441091 341661 111940
0b001b01 0b004601 10000 100 39522 2624130 306066 116353
0b004301 0b002f01 10000 100 29076 2834042 108209 107612
0b005f01 0b001a01 10000 100 52319 2754760 193767 127090
0b003b01 0b005501 10000 100 39134 2804802 156093 116043
0b003701 0b007c01 10000 100 21468 2864729 119544 101219
0b001201 0b000e01 10000 100 7366 2884904 100081 89400
0b004e01 0b001a01 10000 100 13546 2996445 110165 94574
0b006d01 0b001801 10000 100 58175 2994405 134176 132005
0b002601 0b001a01 10000 100 1419235 597717 2702708 1273116
0b002801 0b002d01 10000 100 3592289 251229 3052461 3053402
0b002a01 0b007e01 10000 100 38614 3201152 210595 115588
0b004601 0b006401 10000 100 27442 3283600 138778 106228
0b003401 0b006001 10000 100 4741 3279889 204091 87184
0b007c01 0b005b01 10000 100 986537 2400787 1151954 910330
0b003d01 0b004901 10000 100 31168 3509550 108856 109363
0b007401 0b000001 10000 100 22910 3536624 102344 102411
0b001e01 0b001d01 10000 100 2199372 1764548 1902080 1885577
0b003501 0b007601 10000 100 770288 2923429 760816 729036
0b007201 0b001c01 10000 100 28181 3571485 129520 106858
0b007201 0b004601 10000 100 12355 3490593 256590 93583
0b006201 0b003701 10000 100 120209 3300521 470902 184013
0b004701 0b006c01 10000 100 2569157 1466330 2306732 2237213
0b004001 0b002901 10000 100 1253 3522597 350978 84279
0b002501 0b001401 10000 100 34586 3793455 177536 112212
0b000b01 0b002701 10000 100 5874 3885700 87633 88129
0b007901 0b005a01 10000 100 46552 3733884 300674 122246
0b000e01 0b001801 10000 100 50449 3991462 152012 125517
0b003901 0b001601 10000 100 6414 4098954 96777 88600
0b005101 0b006201 10000 100 584937 3539579 664078 573613
0b005801 0b004901 10000 100 64916 4113540 151355 137628
0b001b01 0b001d01 10000 100 20187 4266669 58170 58556
0b000e01 0b000a01 10000 100 9908 4301313 54268 49910
0b006601 0b000801 10000 100 37639 4270543 126815 114770
0b005801 0b003b01 10000 100 652 4320853 97446 83760
0b007901 0b004101 10000 100 73333 4061529 357455 144708
0b004201 0b005501 10000 100 620054 3701684 834426 603089
0b002101 0b006b01 10000 100 883389 2919220 1624907 823856
0b005501 0b003501 10000 100 1589599 2951527 1593885 1415935
0b007c01 0b003f01 10000 100 406135 3700676 848594 423736
0b002001 0b004201 10000 100 1704379 1497716 3075457 1512175
0b006101 0b000e01 10000 100 3279 4482293 98082 85976
0b004f01 0b003401 10000 100 1362 4406066 196283 84366
0b003d01 0b005a01 10000 100 612718 4112506 661678 596913
0b005901 0b004201 10000 100 71050 4526416 276230 142804
0b001d01 0b004101 10000 100 791020 2815577 2000303 746428
0b004a01 0b000e01 10000 100 40946 4674361 150148 117531
0b005201 0b003e01 10000 100 28475 4716637 107980 107093
0b003201 0b000401 10000 100 8780 4810699 118420 90569
0b005f01 0b005801 10000 100 64468 4711783 261704 95670
0b007201 0b001a01 10000 100 1156842 3347120 1654571 1053102
0b002c01 0b006e01 10000 100 42065 4895664 118500 118503
0b007d01 0b000101 10000 100 2459 4945331 84787 85282
0b006301 0b004501 10000 100 523898 3265673 1847053 522440
0b007201 0b006401 10000 100 97309 4987910 168302 164810
0b001501 0b007401 10000 100 34894 5141119 141721 112459
0b004601 0b006f01 10000 100 2444231 1238298 4130038 2132472
0b001901 0b006401 10000 100 4956947 608478 4765378 4239106
0b004001 0b004901 10000 100 104543 5225087 156134 129266
0b000401 0b004b01 10000 100 72477 5167100 258654 143984
0b005301 0b006301 10000 100 68868 5037391 397047 140944
0b004e01 0b002801 10000 100 1900571 3718210 1730023 1676655
0b004e01 0b003301 10000 100 161782 5255429 273764 218846
0b007101 0b007701 10000 100 62062 5438994 96046 93668
0b007901 0b004901 10000 100 458974 3761807 1784651 468004
0b007301 0b004201 10000 100 757242 4201410 1410496 718100
0b005401 0b000f01 10000 100 29270 5525775 126473 107768
0b004c01 0b006201 10000 100 1788 5571967 96628 84707
0b003f01 0b003801 10000 100 1171797 4477998 1264676 1024042
0b000301 0b007101 10000 100 22322 5645338 114042 101940
0b005d01 0b003301 10000 100 8685 5265710 501457 90493
0b000e01 0b001001 10000 100 55087 5451733 339749 129420
0b002f01 0b007b01 10000 100 1373 5736564 85109 84375
0b004e01 0b000b01 10000 100 63893 5758697 137339 136772
0b002e01 0b006a01 10000 100 945 5821998 84730 83994
0b005a01 0b000601 10000 100 3691959 2705489 3229587 3178540
0b004001 0b004301 10000 100 44929 5904109 87901 79271
0b003901 0b002001 10000 100 4410627 2230067 3853690 3781084
0b006901 0b005401 10000 100 1060716 2820593 3456275 972515
0b006401 0b001901 10000 100 124850 5871774 468072 187880
0b006e01 0b005d01 10000 100 1142984 3601182 2739513 1041478
0b005f01 0b004801 10000 100 1837206 2388823 3955789 1623544
0b004301 0b001801 10000 100 20613 6363358 118200 100496
0b006801 0b005101 10000 100 16778 6428115 107819 97275
0b005101 0b002d01 10000 100 973299 3937709 2646540 899240
0b003501 0b003601 10000 100 9609 6556513 52353 49671
0b001501 0b001301 10000 100 1940705 4090790 2539033 1668698
0b005001 0b001901 10000 100 1815339 1645777 5015049 1605205
0b000001 0b001901 10000 100 1245137 3060593 3614976 1127156
0b004801 0b004401 10000 100 58396 6589796 89893 90582
0b004701 0b000f01 10000 100 58457 6505634 180333 132231
0b003f01 0b005a01 10000 100 595235 4745630 1992603 582274
0b000c01 0b006b01 10000 100 14020 6671766 106616 94992
0b003801 0b007701 10000 100 1112934 4062865 2758999 1016286
0b002501 0b005f01 10000 100 1720968 2777561 4107689 1526060
0b001a01 0b005e01 10000 100 138881 6499007 427370 199642
0b001701 0b000101 10000 100 12465 6833226 93268 93671
0b002e01 0b001501 10000 100 38206 6814121 145947 115262
0b000f01 0b005101 10000 100 67059 6803517 172859 139458
0b005a01 0b006c01 10000 100 22439 6871677 120216 102034
0b000701 0b000501 10000 100 840413 5084745 1975725 746224
0b003701 0b000f01 10000 100 7276 6998078 94207 89328
0b000801 0b006801 10000 100 994 7021501 83710 84033
0b007701 0b005301 10000 100 1624954 5103850 2037260 1445563
0b007d01 0b002901 10000 100 18200 7363556 99664 98489
0b000901 0b007a01 10000 100 23664 7387437 119796 103052
0b005401 0b003a01 10000 100 5074 7422217 90385 87489
0b001001 0b004801 10000 100 76535 7097640 436345 147384
0b000b01 0b007401 10000 100 27276 7399257 140258 106096
0b007001 0b003101 10001 100 47544 7357824 239863 123078
0b000701 0b000801 10000 100 1696133 4790851 2814933 1463671
0b001d01 0b007e01 10000 100 28669 7477222 129635 107248
0b005d01 0b005501 10000 100 1382 7702541 42510 42782
0b002601 0b006901 10000 100 37730 7726786 170714 114843
0b003101 0b007501 10000 100 421 7890641 82428 83575
0b002e01 0b007801 10000 100 54455 7876722 180586 128876
0b003e01 0b005a01 10000 100 21551 7862048 211397 101285
0b007c01 0b005201 10000 100 664334 7105931 1015227 640203
0b003401 0b005601 10000 100 1880208 5254969 2895629 1659596
0b005201 0b002b01 10000 100 26105 8003409 162652 105120
0b004101 0b000d01 10000 100 839800 7342485 827583 787296
0b002001 0b006901 10000 100 37248 8085739 129614 114457
0b005e01 0b000501 10000 100 168008 7326829 897642 224096
0b001001 0b003601 10000 100 1568481 6239676 2241548 1398234
0b006e01 0b005201 10000 100 9718 8402892 98517 91358
0b007001 0b002501 10000 100 59122 8374992 132548 132801
0b003401 0b000901 10000 100 2513 8428013 88130 85325
0b007701 0b005501 10000 100 132205 7907146 620688 194071
0b001b01 0b001901 10000 100 1683923 7001014 1573595 1453404
0b004401 0b001301 10000 100 69687 8314304 287871 141637
0b006f01 0b006201 10000 100 1282806 7476116 1132541 1117112
0b006201 0b004c01 10000 100 21899 8487898 128936 101564
0b002801 0b002101 10000 100 152435 8453305 168696 169423
0b006e01 0b005f01 10000 100 136026 8381059 276541 197281
0b004501 0b001801 10000 100 30964 8581487 137246 109161
0b003601 0b005e01 10000 100 46388 8598393 202545 122115
0b002901 0b000101 10000 100 4106 8647746 163780 86676
0b007d01 0b003b01 10000 100 1026104 7651585 1208416 943520
0b006301 0b002901 10000 100 58888 8719143 176538 132576
0b004401 0b007101 10000 100 724 8934167 83872 83817
0b005c01 0b007401 10000 100 883782 7163640 1861806 824171
0b006a01 0b000501 10000 100 673195 7777905 1342698 647637
0b001201 0b001c01 10000 100 16619 9082828 56001 55548
0b005e01 0b003001 10000 100 785811 7013832 2267275 742031
0b005b01 0b007101 10000 100 4019699 2400413 6961650 3453327
0b005401 0b003c01 10000 100 24092 8979786 399575 103433
0b003401 0b007001 10000 100 51391 9167970 256183 126309
0b000701 0b000e01 10000 100 5008 9379034 53642 45836
0b000501 0b003f01 10000 100 77706 9110831 337859 148360
0b007901 0b004b01 10000 100 2014 9335042 217200 84926
0b001501 0b003501 10000 100 8030 9486739 104697 89969
0b002e01 0b001301 10000 100 2733308 5133269 4474289 2374832
0b001e01 0b001a01 10000 100 34903 9450632 173828 70866
0b007601 0b006e01 10000 100 6996 9561123 92255 89065
0b005701 0b004c01 10000 100 185887 9141452 543220 239052
0b007301 0b007501 10000 100 20243 9630585 57926 58600
0b002701 0b006a01 10000 100 1562198 6159054 3532867 1392977
0b000b01 0b000401 10000 100 43064 9627519 78348 77740
0b004801 0b005c01 10000 100 6718 9528072 181017 88843
0b002d01 0b006401 10000 100 668131 8100286 1628566 643394
0b002201 0b007b01 10000 100 2792386 5493935 4332518 2424360
0b007401 0b001001 10000 100 2641492 4822653 5023603 2297846
0b004601 0b000001 10000 100 38428 9407937 466053 115440
0b004601 0b002501 10000 100 15719 9833701 107166 96389
0b001401 0b002001 10000 100 34207 9887130 126930 111909
0b004b01 0b003801 10000 100 46790 9885301 134492 122436
0b004301 0b005101 10000 100 20507 9847188 257462 100412
0b005901 0b001e01 10000 100 13278 9928590 304839 94360
0b005f01 0b001101 10000 100 168930 9937527 306256 224833
0b004201 0b004a01 10000 100 5025 10265476 46164 45850
0b006101 0b000301 10000 100 4980676 181323 10170966 4259011
0b002a01 0b006301 10000 100 4259149 1059297 9295937 3654103
0b002501 0b001c01 10000 100 38988 10084308 273796 115888
0b005901 0b001001 10000 100 2719982 4624290 5751057 2363633
0b002e01 0b004701 10000 100 79088 10297919 213416 149542
0b001301 0b001e01 10000 100 1518019 8540025 2084000 1314344
0b001501 0b007601 10000 100 1436840 5668426 5035163 1287852
0b000701 0b004601 10000 100 128334 10314680 414191 190820
0b004701 0b004301 10000 100 1062823 9082659 1651979 932677
0b001a01 0b002001 10000 100 21496 10635537 101219 101241
0b006e01 0b004c01 10000 100 30713 10520916 224376 108960
0b005f01 0b000d01 10000 100 66940 10493726 284669 139324
0b001e01 0b001701 10000 100 137530 10647016 163754 156923
0b005c01 0b000601 10000 100 5001 10719875 115072 87431
0b004501 0b000301 10000 100 1026405 8473630 2383931 943760
0b004201 0b003401 10000 100 1326047 7094416 3768576 1194994
0b002601 0b001c01 10000 100 29046 10545747 331654 107588
0b006b01 0b007201 10000 100 66390 10678513 200361 138884
0b004001 0b006201 10000 100 4177 10833616 92766 86733
0b006101 0b001601 10000 100 121813 10707060 235490 185335
0b003f01 0b007801 10000 100 625085 10310570 700293 607306
0b005a01 0b007201 10000 100 2161089 6293224 4792193 1895092
0b006501 0b005401 10000 100 26879 11016712 117871 105740
0b001a01 0b007301 10000 100 28316 11178543 111618 106966
0b006301 0b000a01 10000 100 4721720 1721848 9632148 4041900
0b001801 0b003201 10000 100 952 11160360 227885 84000
0b004e01 0b007701 10000 100 20165 11304657 117185 100138
0b004c01 0b001401 10001 100 858219 10000322 1426273 802760
0b007501 0b007e01 10000 100 20724 11449143 58599 58985
0b002e01 0b000501 10000 100 24854 11294141 267158 104043
0b000301 0b000701 10000 100 169596 11420127 187919 183804
0b007501 0b001301 10000 100 55292 11473434 144335 129584
0b003e01 0b002b01 10000 100 23050 11531603 108308 102561
0b001301 0b000701 10000 100 5517 11348464 347938 87844
0b004001 0b004601 10000 100 224157 11166430 534708 229565
0b006401 0b007a01 10000 100 5663486 2062131 9655804 4831486
0b007d01 0b001101 10000 100 28978 11336781 382897 107496
0b007c01 0b005501 10000 100 950935 10014404 1718323 880466
0b006b01 0b004601 10000 100 32774 11196000 536785 110686
0b007101 0b001a01 10000 100 47293 11624368 123324 122877
0b007801 0b000b01 10000 100 565379 10707914 1049705 557237
0b000b01 0b000501 10000 100 976303 10512557 1260221 860159
0b007e01 0b002301 10000 100 1772748 8269228 3575381 1569481
0b002901 0b002601 10000 100 4093 11841671 47994 45066
0b001001 0b006c01 10000 100 52302 11800619 129098 127076
0b003001 0b004f01 10000 100 28750 11833491 119290 107313
0b004701 0b003d01 10000 100 4466404 4785483 7204754 3827856
0b005f01 0b004501 10000 100 75274 11891385 221208 146337
0b001001 0b003201 10000 100 67082 11964726 162363 139476
0b001d01 0b004601 10000 100 2889435 7231890 4956803 2505724
0b005901 0b004101 10000 100 74557 11806962 508441 145725
0b007801 0b000b01 10001 100 32516 12211935 163778 110480
0b004a01 0b000c01 10001 100 25632 12265470 134987 104704
0b004801 0b000e01 10000 100 27688 12249303 213360 106425
0b005e01 0b003001 10001 100 7884 12244356 224443 89814
0b001801 0b002901 10000 100 23765 12450374 112633 103133
0b003701 0b002d01 10000 100 914573 10055066 2526361 849994
0b003501 0b007b01 10000 100 58670 12337760 264790 132401
0b003501 0b005f01 10000 100 60182 12492125 198244 133688
0b003001 0b006001 10000 100 4047025 6055171 6648646 3476263
0b003701 0b006f01 10000 100 1554966 10133266 2576773 1386884
0b003301 0b000c01 10000 100 87066 12441512 295498 156232
0b004501 0b004001 10000 100 6854 12727353 134625 47352
0b007a01 0b004b01 10000 100 26903 12820127 116024 105759
0b007501 0b007201 10000 100 69804 12897728 121225 100131
0b004301 0b003b01 10000 100 23712 12833495 292549 103091
0b006101 0b006301 10000 100 6379 13085600 46303 46972
0b000f01 0b004201 10000 100 14495 12942010 307571 95372
0b007901 0b004501 10000 100 150382 12810834 500766 209304
0b000201 0b006701 10000 100 1000441 11497089 1835443 921991
0b002601 0b007c01 10000 100 44946 13304033 127078 120884
0b004a01 0b006101 10000 100 11062 13351284 110026 92510
0b000a01 0b003901 10000 100 18116 13118280 361118 98422
0b004801 0b007801 10000 100 27248 13341042 168417 106073
0b007e01 0b001101 10000 100 49116 13326433 209761 124412
0b000e01 0b004501 10000 100 377630 12597553 1014034 399819
0b007c01 0b005101 10000 100 59697 13432320 184003 133261
0b000501 0b006201 10000 100 89271 13190346 461653 158072
0b007b01 0b000a01 10000 100 1161463 10562380 3091570 1056991
0b000901 0b005701 10000 100 6987 13561094 96192 89058
0b001c01 0b005a01 10000 100 46493 13244144 417165 122199
0b004f01 0b004201 10000 100 20860 13545871 136338 59094
0b004001 0b004201 10000 100 79758 13544893 163630 108478
0b003501 0b005e01 10000 100 74517 13457260 261735 145693
0b000001 0b003e01 10000 100 64689 13208081 543797 137447
0b006f01 0b007f01 10000 100 65253 13628734 166804 137936
0b004c01 0b001401 10000 100 1705979 7899101 5939306 1513493
0b003701 0b007301 10000 100 660438 12563944 1306602 636932
0b001e01 0b002f01 10000 100 1652299 6024563 7868096 1468514
0b006901 0b006201 10000 100 508083 13188476 710217 467612
0b002501 0b000101 10000 100 3412879 8826866 5105141 2944562
0b000e01 0b005f01 10000 100 25596 13635554 304939 104675
0b003001 0b004201 10000 100 694445 12298118 1666554 665444
0b007501 0b005e01 10000 100 37021 13674165 326344 114276
0b002e01 0b001a01 10000 100 770454 12780320 1295523 729169
0b003501 0b005801 10000 100 63021 13843453 233727 136074
0b007a01 0b003201 10000 100 76085 13919559 160566 147024
0b001601 0b002201 10000 100 2342147 6139459 7942287 2046888
0b005501 0b000d01 10000 100 112511 13677355 502901 177548
0b004d01 0b005c01 10000 100 29075 13954686 243535 107612
0b004301 0b005c01 10000 100 507 14114436 88241 83644
0b001401 0b000d01 10000 100 36003 13673542 532078 113423
0b002901 0b004401 10000 100 1959776 10734439 3519257 1726284
0b007901 0b001301 10000 100 9741 14135297 149805 91376
0b001801 0b004201 10000 100 127781 14047353 260905 190340
0b007c01 0b003c01 10000 100 108049 14041844 276671 173824
0b002a01 0b005b01 10000 100 28028 14176101 235537 106736
0b004f01 0b001b01 10000 100 80810 14122941 350166 150958
0b004001 0b003301 10000 100 695485 12871287 1611207 666314
0b005701 0b003c01 10000 100 1409646 11016941 3469925 1265060
0b000401 0b007001 10000 100 1337 14306162 184400 84346
0b006e01 0b003301 10000 100 28778 14224963 266049 107336
0b006701 0b000801 10000 100 47814 14049849 453455 123294
0b003601 0b003101 10000 100 731684 13860835 656929 655056
0b004201 0b004501 10000 100 3600426 10896348 3745699 3060219
0b003b01 0b007001 10000 100 2055390 12593302 2265852 1806462
0b002701 0b004901 10000 100 6288 14809299 93423 88499
0b000401 0b000a01 10000 100 1372835 11840201 3065983 1192591
0b002a01 0b001e01 10000 100 1340527 4062967 10882108 1207116
0b002801 0b000901 10000 100 916 14755112 250038 83971
0b007a01 0b007901 10000 100 159184 14683917 339500 175091
0b004a01 0b003901 10000 100 4751 14855316 180836 87192
0b007c01 0b003901 10000 100 4345863 6566545 8483741 3726776
0b001101 0b004001 10000 100 4858963 4439857 10625888 4156956
0b007001 0b006401 10000 100 50077 14935164 162297 125220
0b001901 0b000001 10000 100 9669 14384755 712771 91319
0b005101 0b001d01 10000 100 5152 14812961 298189 87552
0b002701 0b002301 10000 100 16814 15064629 59303 55704
0b006701 0b007b01 10000 100 61239 14946873 207931 134572
0b000a01 0b007801 10000 100 1011637 11721505 3449899 931370
0b001201 0b006d01 10000 100 155695 14818145 359630 213746
0b006c01 0b004901 10000 100 6177052 5665464 9532296 5262076
0b003c01 0b001801 10000 100 4396957 4910248 10289602 3769610
0b006d01 0b003401 10000 100 27384 15171901 147617 106182
0b005801 0b001301 10000 100 79337 15107495 285235 149741
0b006701 0b002701 10000 100 327425 13802622 1601490 357735
0b006001 0b000601 10000 100 6146478 8250155 7195843 5236427
0b007d01 0b001f01 10000 100 5619 15383500 99839 87925
0b003d01 0b003b01 10000 100 815448 14269670 1235132 725292
0b000901 0b003b01 10000 100 13162 15357124 181746 94267
0b001b01 0b002d01 10000 100 2724713 8233800 7328449 2367610
0b005d01 0b005f01 10000 100 1983322 10374190 5188108 1704443
0b004a01 0b002601 10000 100 2364050 10401006 5181220 2065256
0b005c01 0b007101 10000 100 1403 15512591 85217 84399
0b003801 0b007301 10000 100 192950 15268361 344974 244971
0b004c01 0b007501 10000 100 640074 14325096 1425221 619873
0b007701 0b001101 10000 100 1876245 13308775 2497949 1656272
0b005f01 0b002f01 10000 100 43597 15669388 155951 119767
0b001101 0b003e01 10000 100 1391987 9023445 6808143 1250242
0b006401 0b005901 10000 100 18899 15686277 156168 99048
0b000901 0b006701 10000 100 119891 15615604 243997 183720
0b002c01 0b006201 10000 100 744143 14829693 1072750 707122
0b002d01 0b005401 10000 100 51234 15771719 138956 126184
0b002a01 0b006301 10001 100 38654 15765977 172304 115620
0b003301 0b003d01 10000 100 3073 15844144 101729 44212
0b007801 0b003101 10000 100 550260 14845358 1197072 544566
0b002501 0b002901 10000 100 33575 15899054 145507 69765
0b000d01 0b004e01 10000 100 4999595 7032063 9086440 4274876
0b000d01 0b005f01 10000 100 7929075 1563517 14576368 6730972
0b007301 0b000e01 10000 100 50454 15878340 273166 125521
0b004001 0b006601 10000 100 1001 15989132 168068 84077
0b004d01 0b003701 10000 100 75518 15946404 211701 146532
0b007e01 0b003301 10000 100 842704 12883637 3318456 789734
0b002d01 0b001e01 10000 100 26330 15960968 250596 105300
0b001f01 0b007301 10000 100 186775 15803030 431791 239800
0b007601 0b000801 10000 100 599960 14562644 1707701 586208
0b000d01 0b000b01 10000 100 5536 16134901 171350 46259
0b007401 0b002c01 10000 100 32992 16234161 123849 110860
0b000a01 0b006101 10000 100 71805 15989651 382402 143408
0b001e01 0b000601 10000 100 22755 16346966 108489 102287
0b003001 0b003301 10000 100 1770729 13106469 3408894 1526189
0b006901 0b001d01 10000 100 3487018 12416293 4109874 3006753
0b007801 0b002301 10000 100 20074 16419095 150352 100065
0b006801 0b006a01 10000 100 26013 16491943 78692 63447
0b007901 0b003901 10000 100 108136 16339503 311815 173894
0b002001 0b001201 10000 100 74511 16196765 478106 145688
0b004601 0b000901 10000 100 2257388 13170892 3570789 1975817
0b000501 0b005a01 10000 100 70235 16722291 223670 142114
0b000e01 0b005201 10000 100 30201 16651632 302522 108551
0b006301 0b002c01 10000 100 48569 16791014 175388 123936
0b007d01 0b002701 10000 100 3237702 11868500 5110768 2797700
0b003001 0b003a01 10000 100 63649 16898624 98208 94976
0b001901 0b001201 10000 100 28902 16948217 103615 65835
0b003b01 0b005501 10001 100 1240914 14609101 2481245 1123585
0b004f01 0b001e01 10000 100 26856 16845247 263309 105721
0b002101 0b005501 10000 100 28930 16952944 159150 107457
0b001001 0b003501 10000 100 101880 16828977 304667 168620
0b001901 0b005201 10000 100 4621407 12316671 4834267 3957810
0b007f01 0b007b01 10000 100 6966628 9201102 7975078 5882435
0b002a01 0b001c01 10000 100 3056250 2492857 14789493 2645588
0b000901 0b007001 10000 100 26970 17180848 119623 105812
0b000c01 0b003301 10000 100 1049796 15460750 1844301 963356
0b007801 0b006601 10000 100 63501 16987106 324113 136458
0b001501 0b007901 10000 100 21296 17153932 261583 101081
0b004e01 0b007b01 10000 100 8398 17203921 223955 90264
0b004601 0b007c01 10000 100 68957 17040433 422960 141015
0b001801 0b000901 10000 100 83501 17223369 269234 153226
0b007401 0b003401 10001 100 57554 17168908 340924 131470
0b004d01 0b002201 10000 100 22684 17300247 219150 102230
0b004e01 0b006201 10000 100 24498 17314066 212053 103758
0b000601 0b002201 10000 100 2401930 13428289 4186899 2096980
0b003801 0b005a01 10000 100 3915 17589366 89797 86485
0b002f01 0b005201 10000 100 197901 17342370 356093 249124
0b007901 0b001401 10000 100 1414544 15296589 2410834 1269171
0b004c01 0b000501 10000 100 11563 17518187 190019 92911
0b006601 0b005501 10000 100 28289 17617378 173603 106944
0b002f01 0b002c01 10000 100 32139 17751326 81307 68578
0b005901 0b007b01 10000 100 1105248 16104685 1831712 1009868
0b004e01 0b004601 10000 100 6916558 8310663 9626026 5840459
0b003d01 0b007001 10000 100 2998669 14441973 3529602 2597296
0b002201 0b002801 10000 100 194255 17700094 294198 204492
0b002901 0b006901 10000 100 77773 17765874 277218 148413
0b001a01 0b000801 10000 100 3004 17965782 92411 85756
0b003a01 0b006601 10000 100 6455 17933649 259095 88632
0b007701 0b007001 10000 100 7500 18161495 50188 47907
0b005c01 0b001e01 10000 100 4620459 4298575 13937806 3957013
0b003001 0b002b01 10000 100 6183 17849290 431262 88415
0b003801 0b007801 10000 100 1847283 16397729 1890797 1631989
0b004f01 0b005101 10000 100 7543759 8553979 9748559 6407896
0b003a01 0b005c01 10000 100 3794162 8168103 10137119 3264257
0b001f01 0b002d01 10000 100 8456 18112416 224555 90310
0b004301 0b006a01 10000 100 4963329 7795138 10574834 4244480
0b000701 0b004301 10000 100 1683223 14771420 3631867 1494444
0b005f01 0b004f01 10000 100 4536394 9164166 9322049 3886536
0b003f01 0b005c01 10000 100 3731 18428769 90501 86338
0b003e01 0b007201 10000 100 4852999 7170888 11374496 4151954
0b007c01 0b000801 10000 100 58639 18308958 252974 132376
0b001c01 0b003201 10000 100 3469469 7361084 11236173 2992023
0b005901 0b001501 10000 100 50538 18465118 152705 125588
0b003f01 0b007a01 10000 100 139129 18328173 336223 199879
0b001b01 0b004401 10000 100 29887 18567758 129461 108261
0b002901 0b003b01 10000 100 10980 18648470 104342 92406
0b004e01 0b000701 10000 100 1719199 14053716 4765723 1524607
0b004901 0b004d01 10000 100 6863 18775175 47973 47359
0b005801 0b000d01 10000 100 1561494 15963602 2866367 1392376
0b003201 0b001c01 10000 100 45698 18706083 138610 121524
0b000301 0b001901 10000 100 51153 18659621 187805 126119
0b001a01 0b002201 10000 100 17115 18767135 111725 97583
0b006b01 0b001501 10000 100 15907 18713954 200525 96540
0b002501 0b003101 10000 100 26647 18816614 112391 105554
0b004301 0b006301 10000 100 110833 18522431 519665 176128
0b006401 0b004301 10000 100 21405 18944086 121082 101168
0b005a01 0b004101 10000 100 61201 18954910 199593 134541
0b000a01 0b003501 10000 100 9688 19046430 124036 91334
0b006e01 0b002601 10000 100 13755 19077040 115564 94741
0b006701 0b000b01 10000 100 38428 18844155 355015 115440
0b004401 0b001501 10000 100 5103 19150159 90496 87512
0b005601 0b006c01 10000 100 9653 19186897 104089 91306
0b003a01 0b002c01 10000 100 7564449 5988072 13313618 6425255
0b001a01 0b007b01 10000 100 43718 19035332 270934 119864
0b004201 0b002e01 10000 100 5796 19229969 94875 88067
0b004c01 0b007f01 10000 100 1924969 15672196 3655322 1697095
0b005f01 0b003c01 10000 100 44646 19082261 275039 120644
0b000f01 0b005401 10000 100 3767046 12052826 7327661 3241528
0b003101 0b000501 10000 100 8869 19284727 111252 90640
0b005701 0b007001 10000 100 26553 19165917 235783 105479
0b000b01 0b004901 10000 100 37114 19213820 215861 114350
0b003201 0b006401 10000 100 9936 19362849 114821 91532
0b002901 0b002201 10000 100 3566186 14186958 5295926 3031521
0b000b01 0b003a01 10000 100 8239 19389106 117265 90136
0b000d01 0b003901 10000 100 33817 19387987 126134 111559
0b006801 0b006401 10000 100 2817 19471444 45182 43968
0b000701 0b003601 10000 100 20111 19441976 102374 100095
0b002001 0b006901 10001 100 2608014 15279539 4283614 2269796
0b007e01 0b005301 10000 100 5405245 14239074 5347891 4614986
0b002a01 0b001001 10000 100 31266 19477684 140425 109441
0b005201 0b006d01 10000 100 3493309 10854533 8803294 3012016
0b003201 0b000301 10000 100 58105 19576437 142709 131949
0b003901 0b002d01 10000 100 609896 18762370 992147 594540
0b000001 0b001e01 10000 100 35206 19636155 146844 112747
0b006d01 0b000d01 10000 100 2109846 14669579 5166619 1852100
0b007101 0b000c01 10000 100 7317 19592052 293107 89360
0b007d01 0b006f01 10000 100 3727967 12812213 7158995 3208728
0b006e01 0b004d01 10000 100 4799827 11151168 8837720 4107381
0b005301 0b006601 10000 100 22829 19828491 166950 102346
0b007b01 0b004501 10000 100 826459 18744897 1259344 776124
0b001e01 0b004f01 10000 100 537125 19052986 1019245 533559
0b000601 0b001301 10000 100 68445 19895244 206439 140605
0b007b01 0b001101 10000 100 6410 20039738 117004 88596
0b005301 0b001d01 10000 100 275574 18457775 1715511 314257
0b001f01 0b006f01 10000 100 1669089 16042093 4135982 1482599
0b000601 0b007c01 10000 100 6083 20043913 227168 88335
0b003b01 0b004101 10000 100 56883 19792736 527527 130895
0b001b01 0b006801 10000 100 49070 20211826 125950 124376
0b007801 0b007001 10000 100 7162 20311526 57637 47636
0b007801 0b007901 10001 100 3334406 14094886 6274779 2837188
0b001d01 0b000a01 10000 100 3834112 7956005 12434368 3297753
0b003401 0b005601 10001 100 37919 20364444 128063 114994
0b007d01 0b005201 10000 100 64219 20343095 168293 137071
0b004701 0b004c01 10000 100 37560 20260658 262777 73107
0b007001 0b000001 10000 100 29067 20473201 131373 107605
0b007401 0b000b01 10000 100 3501627 12878200 7750453 3018978
0b005701 0b001d01 10000 100 616794 19919546 710992 600328
0b007601 0b001901 10000 100 166095 20279313 376540 222488
0b007201 0b003001 10000 100 184766 20281049 376589 238116
0b001801 0b007401 10000 100 101042 20127577 542928 167950
0b003501 0b007701 10000 100 18906 20569756 101115 99054
0b003401 0b000b01 10000 100 20846 20613406 148247 100683
0b001701 0b003701 10000 100 36556 20584818 186276 113865
0b006901 0b001801 10000 100 173770 20406924 411585 228897
0b004d01 0b005001 10000 100 70542 20381947 458077 142360
0b002401 0b000801 10000 100 6409 20742323 104520 88596
0b002001 0b001901 10000 100 3964 20781260 116756 86524
0b003b01 0b004701 10000 100 35206 20811337 134208 112747
0b000601 0b002501 10000 100 4717685 16272744 4723825 4038519
0b000101 0b000b01 10000 100 1505652 16875689 4157358 1303952
0b000b01 0b004b01 10000 100 29091 20833868 241965 107624
0b001f01 0b001b01 10000 100 4989 21059337 45953 45783
0b001901 0b002701 10000 100 54796 20974112 153795 129148
0b000a01 0b007b01 10000 100 18141 21010348 128709 98442
0b000901 0b005901 10000 100 629517 20332397 816000 611005
0b003101 0b003301 10000 100 1543190 19596950 1611536 1335441
0b007701 0b001d01 10000 100 166627 20789808 426022 222914
0b006b01 0b001f01 10000 100 13742 21059034 188786 94731
0b004a01 0b007101 10000 100 20615 21107553 210823 100498
0b004101 0b003a01 10000 100 24243 20890928 431401 103554
0b007701 0b007301 10000 100 23935 21346790 80216 61669
0b002201 0b006301 10000 100 147474 21325666 246659 206862
0b007c01 0b007101 10000 100 791916 20896017 721853 705545
0b004301 0b003d01 10000 100 45997 21509174 137061 121764
0b004501 0b003101 10000 100 55799 21390976 270047 129989
0b004e01 0b002f01 10000 100 79726 21522842 184379 150052
0b004301 0b006901 10000 100 20725 21534046 179329 100586
0b005501 0b004101 10000 100 5420 21591231 127827 87766
0b005d01 0b007b01 10000 100 3891300 1338313 20392475 3345692
0b004101 0b005c01 10000 100 12599 21650827 108626 93778
0b006001 0b007a01 10000 100 56792 21662116 159431 130822
0b002a01 0b007a01 10000 100 22462 21670709 235353 102052
0b004301 0b004b01 10000 100 22317 21849946 79436 60336
0b006201 0b004101 10000 100 53028 21708759 244621 127696
0b001001 0b006901 10000 100 2426776 15803845 6153655 2117817
0b001c01 0b004301 10000 100 72257 21828204 208625 143808
0b003d01 0b001001 10000 100 704114 20302065 1764422 673563
0b005c01 0b007e01 10000 100 131851 21780323 302335 193749
0b000901 0b006c01 10000 100 31938 21949140 142741 109979
0b007401 0b006001 10000 100 10260 21978167 171324 91830
0b006f01 0b001401 10000 100 2993629 16225312 5945390 2593072
0b005d01 0b006301 10000 100 1425944 16478581 5705403 1278713
0b002e01 0b000201 10000 100 96639 21988415 198853 164236
0b006001 0b004301 10000 100 42972 22099528 139487 119228
0b007f01 0b003601 10000 100 60708 22181127 134716 134108
0b006f01 0b001101 10000 100 1440 22252242 90038 84428
0b005301 0b005001 10000 100 38803 22184393 171320 74140
0b000101 0b002601 10000 100 29268 22255401 122840 107766
0b007601 0b001e01 10000 100 2422925 18390493 4004261 2114583
0b003701 0b007401 10000 100 35008 22423754 146820 112588
0b004601 0b005901 10000 100 2585 22507001 232256 85383
0b000101 0b007d01 10000 100 70454 22595656 211497 142289
0b000401 0b000201 10000 100 2198 22830245 42806 43473
0b002b01 0b005c01 10000 100 776193 20199731 2703596 733991
0b000601 0b005201 10001 100 16193 22707516 231388 96807
0b001301 0b007d01 10000 100 64333 22800064 176483 137162
0b000101 0b004d01 10000 100 181729 22552589 430787 235572
0b000701 0b005701 10000 100 1381960 20513404 2485568 1241836
0b006201 0b000101 10000 100 1612756 20434053 2653435 1435344
0b005d01 0b004d01 10000 100 8962311 704375 22416527 7597228
0b006401 0b007d01 10000 100 2058814 18911629 4241659 1809316
0b000e01 0b006c01 10000 100 71739 22869213 284121 143356
0b001c01 0b004501 10000 100 156435 22657412 548939 214376
0b001d01 0b004c01 10000 100 6185 23022733 220446 88416
0b004301 0b000301 10000 100 1805003 15859979 7385232 1596552
0b006001 0b001001 10000 100 1580437 13223627 10025034 1408260
0b006001 0b007c01 10000 100 53126 23147771 134362 127774
0b001a01 0b003201 10000 100 5011 23151147 131356 87439
0b006601 0b004301 10000 100 24603 23222676 162418 103842
0b000201 0b004201 10000 100 145865 23173181 260582 205498
0b001801 0b006001 10000 100 8208720 14927276 8536649 6965401
0b005601 0b001601 10000 100 29168 23302961 170590 107686
0b001e01 0b002301 10000 100 56336 23120428 359694 130457
0b001b01 0b001401 10000 100 218432 23298334 228082 224755
0b003201 0b007701 10000 100 25305 23481520 122762 104442
0b000e01 0b004501 10001 100 473937 22213231 1427316 480551
0b000801 0b003a01 10000 100 2331 23590484 86200 85180
0b002a01 0b005d01 10000 100 515206 21745028 1949010 515179
0b002301 0b000f01 10000 100 68600 23203303 492582 140729
0b002e01 0b001f01 10000 100 257790 22823882 922408 299339
0b004401 0b007001 10000 100 2942 23668774 110049 85668
0b007301 0b002901 10000 100 59969 23562571 236829 133479
0b007701 0b004201 10000 100 6462293 3375253 20453598 5501213
0b003601 0b000301 10000 100 47165 23706704 159757 122775
0b002e01 0b007801 10001 100 657 23761556 141545 83764
0b007d01 0b007601 10000 100 487445 23207925 718169 450295
0b005a01 0b000a01 10000 100 1667868 12872759 11079711 1481545
0b000601 0b001b01 10000 100 157340 23715307 257049 215139
0b004a01 0b002e01 10000 100 4112126 17055142 6952763 3530840
0b001501 0b003f01 10000 100 9224 23969393 110619 90963
0b002c01 0b003501 10000 100 9921 23989045 106591 91520
0b002f01 0b007a01 10000 100 1705 23991524 106941 84640
0b005a01 0b005601 10000 100 619947 23160414 948584 561365
0b003401 0b006b01 10000 100 75853 23840313 271013 146800
0b002901 0b005201 10000 100 21183 23962077 151854 100991
0b007a01 0b007b01 10000 100 31737 24036075 84213 68218
0b007501 0b006101 10000 100 198425 23762112 418314 249581
0b001c01 0b006801 10000 100 5946 24092322 105350 88187
0b006701 0b001401 10000 100 40151 24094854 119026 116895
0b000701 0b003101 10000 100 43680 23978021 252170 119833
0b001201 0b001901 10000 100 4714778 20028101 4327739 3994478
0b000001 0b003f01 10000 100 25706 24207560 149412 104763
0b001001 0b004501 10000 100 295581 23538802 882476 331031
0b000801 0b004601 10000 100 2251443 19683146 4796152 1970831
0b005a01 0b007f01 10000 100 8349 24449711 92714 90224
0b000c01 0b002001 10000 100 9223 24502783 105308 90962
0b007f01 0b006e01 10000 100 707841 23744736 866081 676660
0b006901 0b002d01 10000 100 66093 24507741 152468 138647
0b005301 0b003801 10000 100 9339527 2185908 22534743 7913477
0b006f01 0b003301 10000 100 884371 21193061 3544458 824680
0b000d01 0b002801 10000 100 2641904 15804376 8993903 2298176
0b001601 0b004401 10000 100 6357 24697010 128797 88554
0b003701 0b003801 10000 100 3786567 19659643 5176008 3216274
0b007801 0b007a01 10000 100 186554 24572311 419720 198024
0b001b01 0b006801 10001 100 47264 24962475 123272 122854
0b003101 0b004b01 10000 100 2069406 11067369 14046144 1818212
0b005601 0b001b01 10000 100 7792 25025948 94526 89740
0b000a01 0b007e01 10000 100 6247 24936485 216973 88466
0b004a01 0b000601 10000 100 2647240 12022050 13152513 2302675
0b006601 0b004901 10000 100 9049 24963803 211404 90823
0b000d01 0b001701 10000 100 1106454 20659014 4538219 1010872
0b006f01 0b003b01 10000 100 52306 24984458 283022 127080
0b004901 0b000901 10000 100 14774 25168957 117372 95595
0b001001 0b003e01 10000 100 1366 25194436 112442 84369
0b002c01 0b007801 10000 100 622 25223280 99828 83736
0b002301 0b004c01 10000 100 3456846 16554639 8770036 2981425
0b001701 0b001201 10000 100 9545971 12486469 12899397 8044943
0b004201 0b006201 10000 100 47899 25239920 160115 123362
0b001601 0b004b01 10000 100 4341421 15949656 9473063 3723069
0b007501 0b000901 10000 100 26096 25167054 262464 105113
0b006c01 0b006101 10000 100 41320 25357009 98197 76268
0b006c01 0b002001 10000 100 2826 25314993 178406 85576
0b005f01 0b004701 10000 100 7147 25409336 94566 89224
0b005a01 0b000401 10000 100 74250 25178128 368117 145480
0b002701 0b001101 10000 100 1374247 22307362 3248916 1235397
0b004a01 0b001501 10000 100 633297 23926718 1667832 614183
0b002d01 0b005b01 10000 100 916 25518197 118745 83971
0b003001 0b000e01 10000 100 139261 25249288 394441 199984
0b005201 0b003e01 10001 100 545 25631390 82792 83674
0b001a01 0b001e01 10000 100 6206 25672044 46165 46833
0b006c01 0b002901 10000 100 4173188 9081365 16696462 3582032
0b000001 0b007501 10000 100 201 25463210 388185 83399
0b003f01 0b000f01 10000 100 7749 25481825 386122 89706
0b007e01 0b004e01 10000 100 1954171 20720335 5297569 1721608
0b003d01 0b005a01 10001 100 7179 25993889 97170 89250
0b002101 0b002a01 10000 100 6999 26055213 49667 47468
0b000501 0b006401 10000 100 648903 24818961 1366968 627244
0b004301 0b004601 10000 100 9397 26144024 48832 49501
0b006201 0b001301 10000 100 127811 25772749 480644 190364
0b005301 0b005601 10000 100 5501232 16222690 10113404 4653862
0b005601 0b005001 10000 100 36558 26279842 73218 72267
0b005301 0b003601 10000 100 31230 25948781 411643 109412
0b003001 0b007901 10000 100 883881 23540696 2874558 824250
0b006901 0b005a01 10000 100 45313 26246526 194015 121216
0b002201 0b000a01 10000 100 1220080 18068556 8384595 1106150
0b006101 0b003201 10000 100 685449 25212326 1303678 657901
0b000401 0b006601 10000 100 1063454 24201987 2346012 974820
0b003c01 0b002101 10000 100 39634 26418813 130924 116443
0b000201 0b004d01 10000 100 74863 26367054 206940 145970
0b003f01 0b004201 10000 100 7860 26507305 95108 89795
0b006d01 0b001401 10000 100 2539 26535458 86106 85346
0b003101 0b007001 10000 100 6935 26350069 305969 89016
0b000d01 0b004801 10000 100 4145 26532971 131120 86708
0b007701 0b003d01 10000 100 365892 25696895 971097 389968
0b007001 0b007e01 10000 100 517180 26278460 503442 475235
0b005d01 0b003b01 10000 100 17687 26718970 167155 98040
0b001201 0b005b01 10000 100 22314 26667539 289605 101934
0b004a01 0b003501 10000 100 75 26896387 81254 83298
0b005d01 0b001401 10000 100 125158 26615986 436443 188164
0b005d01 0b007b01 10001 100 756292 22974671 4206889 717302
0b004301 0b004b01 10001 100 253120 26891971 297618 253849
0b005401 0b000701 10000 100 2123504 19837654 7362262 1863564
0b004a01 0b000301 10000 100 1874631 14603993 12598459 1654904
0b003401 0b007e01 10000 100 14169 27233698 122907 95111
0b001301 0b005c01 10000 100 8233 27331398 102040 90132
0b006401 0b007a01 10001 100 9745121 3465811 24069956 8253543
0b003e01 0b004701 10000 100 16341 27428168 111248 96925
0b007701 0b003301 10000 100 1924961 24054908 3513012 1697088
0b002d01 0b003001 10000 100 22641 27447712 122020 102196
0b007401 0b001d01 10000 100 389966 26848414 1014663 410148
0b002501 0b003701 10000 100 418481 26513157 1350223 434074
0b001e01 0b002b01 10000 100 66595 27332852 538509 139048
0b006401 0b001601 10000 100 1657713 24144384 3778808 1473037
0b006a01 0b007a01 10000 100 33744 27769043 196229 111500
0b005401 0b001301 10000 100 4007097 6931462 21050808 3442784
0b006e01 0b003901 10000 100 5580716 14358657 13749619 4762083
0b004e01 0b006101 10000 100 4685002 18962777 9188346 4011144
0b005301 0b002a01 10000 100 20462 28124163 102711 100376
0b004e01 0b002301 10000 100 1093379 24888324 3351332 999912
0b006d01 0b006901 10000 100 937657 27025127 1222940 827744
0b005601 0b004501 10000 100 271217 27531266 726654 310618
0b007f01 0b000701 10000 100 486454 26378681 1897876 491064
0b005401 0b000101 10000 100 250943 27664995 612543 293592
0b004401 0b000a01 10000 100 21585 28362343 119914 101312
0b007601 0b006d01 10000 100 1943548 21564034 6921183 1712688
0b006901 0b004f01 10000 100 22400 28443924 115334 102003
0b003501 0b002801 10000 100 148770 28188865 392637 207937
0b007e01 0b000c01 10000 100 1358065 24719909 3957080 1221837
0b007301 0b000401 10000 100 71555 28356765 343482 143208
0b007801 0b004e01 10000 100 8746 28595674 109601 90542
0b005901 0b006a01 10000 100 67136 28470299 349451 139520
0b002e01 0b005c01 10000 100 47321 28574538 274507 122900
0b001101 0b006e01 10000 100 26802 28883225 144055 105678
0b000601 0b005c01 10000 100 20820 28951476 127640 100662
0b005101 0b002501 10000 100 8755 29023380 97050 90549
0b003e01 0b004201 10000 100 4106 28930966 196030 86676
0b005401 0b002c01 10000 100 8859 29060753 97191 90632
0b007f01 0b006801 10000 100 2376 29045114 117805 85216
0b003801 0b003301 10000 100 47848 29142820 87740 81721
0b001a01 0b002001 10001 100 944546 27365246 1947972 875124
0b002401 0b001c01 10000 100 5062 29184420 130148 87480
0b000801 0b004701 10000 100 75415 29090181 273271 146450
0b002601 0b001d01 10000 100 56278 29146218 292338 130411
0b001c01 0b001e01 10000 100 2778460 26935433 2504771 2371081
0b001801 0b003101 10000 100 4237 29270788 239883 86781
0b002801 0b006a01 10000 100 5285400 20833591 8686975 4514502
0b006601 0b007401 10000 100 117809 29264792 264239 181978
0b007901 0b005d01 10000 100 99 29340121 197273 83317
0b004e01 0b006a01 10000 100 45968 29386272 238207 121740
0b001801 0b006101 10000 100 33654 29485706 149688 111428
0b005001 0b005a01 10000 100 18924 29561899 81935 57468
0b007501 0b000401 10000 100 62653 29440945 224805 135741
0b004001 0b005501 10000 100 39219 29376539 290464 116111
0b007d01 0b004e01 10000 100 1748352 26182104 3495686 1549043
0b004801 0b005b01 10000 100 8108174 9727246 19962147 6881124
0b001401 0b006601 10000 100 3591396 23820589 5890698 3094249
0b002f01 0b004501 10000 100 1949671 23461657 6252494 1717816
0b001401 0b002b01 10000 100 62632 29230675 511888 135724
0b007201 0b002901 10000 100 9229500 15506327 14253593 7821232
0b000d01 0b001a01 10000 100 2277 29631668 146159 85136
0b002401 0b000501 10000 100 13984 29603700 174672 94924
0b001e01 0b000e01 10000 100 70348 29287455 518177 142204
0b002a01 0b001d01 10000 100 20161 29736617 121437 100135
0b005801 0b005001 10000 100 117318 29721514 143243 139985
0b004b01 0b001f01 10000 100 1689981 20575734 9444043 1500080
0b007501 0b005101 10000 100 919051 29102691 950546 853768
0b000b01 0b003b01 10000 100 9440 29966154 95202 91136
0b001501 0b001101 10000 100 21593 30001536 77049 59719
0b004001 0b000001 10000 100 40532 29843269 235627 117200
0b001901 0b001001 10000 100 922298 28683237 1450673 814881
0b001201 0b007301 10000 100 696753 28572799 1612882 667367
0b007301 0b006b01 10000 100 19710 30082967 104759 99736
0b005001 0b006e01 10000 100 2796175 25427763 4776591 2427544
0b003501 0b001b01 10000 100 4849939 8785178 21461224 4149391
0b006a01 0b005001 10000 100 5135 29996249 310429 87538
0b007f01 0b004101 10000 100 5560473 16171108 14174768 4745120
0b005601 0b000701 10000 100 6396273 14163936 16193911 5445863
0b006801 0b005901 10000 100 6816 30234808 123300 88921
0b005301 0b001f01 10000 100 60489 29973752 409314 133933
0b007101 0b007001 10000 100 3503 30400165 46947 44556
0b002701 0b003e01 10000 100 786079 26424117 4101778 742284
0b007701 0b002e01 10000 100 44518 30297760 230125 120542
0b005501 0b001a01 10000 100 5205399 13531334 17003345 4447429
0b005c01 0b000501 10000 100 8886020 13558470 17007625 7533276
0b003601 0b005c01 10000 100 833927 28931754 1767609 782367
0b003601 0b005501 10000 100 43199 30560368 147825 119448
0b005f01 0b000101 10000 100 36956 30475798 253222 114185
0b001d01 0b002e01 10000 100 3518305 14385700 16361058 3032973
0b007801 0b003d01 10000 100 73528 30478166 277389 144864
0b005601 0b004201 10000 100 6491 30626833 132351 88661
0b004701 0b003701 10000 100 22758 30522916 276654 102289
0b003401 0b004601 10000 100 17408 30481930 337930 97817
0b001701 0b002301 10000 100 4039002 18186004 12690194 3469537
0b001e01 0b007001 10000 100 48060 30711774 203933 123529
0b004701 0b005801 10000 100 54196 30573032 383120 128668
0b003e01 0b002401 10000 100 7422 30551261 414278 89444
0b003c01 0b006e01 10000 100 62769 30925060 187955 135834
0b002d01 0b004f01 10000 100 63385 30682493 499441 136365
0b005501 0b005101 10000 100 722707 30487768 697119 647528
0b003a01 0b007801 10000 100 75758 30755753 501706 146724
0b007801 0b006d01 10000 100 43445 31030484 243057 119645
0b007901 0b001901 10000 100 57908 31039448 247573 131753
0b007601 0b000b01 10000 100 1378 31236768 98922 84379
0b002101 0b006e01 10000 100 33700 31167610 173224 111465
0b002101 0b004901 10000 100 21407 31235269 143236 101170
0b003301 0b004f01 10000 100 4212 31091499 474721 86761
0b001201 0b006101 10000 100 45247 31319298 268816 121164
0b006a01 0b003301 10000 100 24906 31401896 188864 104084
0b004e01 0b000201 10000 100 3384148 12927103 18693818 2920502
0b002701 0b003f01 10000 100 4495859 24678733 6983455 3852533
0b005801 0b000601 10000 100 310133 30915443 771988 343248
0b005501 0b004201 10000 100 78369 31443669 323378 148928
0b004201 0b001a01 10000 100 2987 31370678 413929 85704
0b007d01 0b005301 10000 100 28656 31656849 130417 107238
0b006301 0b002e01 10000 100 6321 31703618 99865 88525
0b005301 0b004201 10000 100 105580 31474212 347586 171734
0b004a01 0b002301 10000 100 366742 30424782 1437173 390686
0b005601 0b003101 10000 100 57956 31732030 162594 131792
0b005401 0b001001 10000 100 3892443 24438221 7464714 3346645
0b000a01 0b006601 10000 100 72505 31631141 296355 144007
0b006b01 0b000201 10000 100 21064 31777618 181776 100896
0b005f01 0b004401 10000 100 35180 31739502 231719 112726
0b004e01 0b005601 10000 100 131627 31511589 472510 193570
0b005201 0b003301 10000 100 26107 31731102 276585 105122
0b006601 0b004201 10000 100 70172 31785985 273323 142064
0b005001 0b001a01 10000 100 1399156 30748388 1326675 1256284
0b006501 0b001e01 10000 100 8567 31884084 192388 90399
0b001401 0b001501 10000 100 4737 32041728 47654 45581
0b003801 0b005101 10000 100 75168 31818137 284728 146252
0b005801 0b005e01 10000 100 19500 32068227 68174 57968
0b000701 0b001f01 10000 100 222738 31663225 479295 269953
0b000c01 0b007b01 10000 100 90844 31695033 466355 159369
0b005301 0b007e01 10000 100 4468236 14028481 18138731 3829398
0b001001 0b004801 10001 100 54393 31938234 265693 128826
0b000301 0b001a01 10000 100 62549 31999829 254700 135658
0b005701 0b004701 10000 100 1293903 27779747 4576556 1168012
0b002201 0b000f01 10000 100 1079097 29185525 3302877 987949
0b004401 0b001301 10001 100 7869 32216480 296382 89802
0b001d01 0b000c01 10000 100 4524919 14082392 18611651 3876895
0b004a01 0b006c01 10000 100 66530 32351038 381769 138996
0b005d01 0b000801 10000 100 9299537 8527121 24222124 7879949
0b000001 0b003d01 10000 100 5051912 22577343 10192542 4318726
0b001f01 0b004f01 10000 100 423629 31024472 1751073 438384
0b003201 0b000101 10000 100 1324340 30492708 2305398 1193552
0b000301 0b007601 10000 100 7375134 20944912 11985567 6266545
0b007e01 0b005c01 10000 100 78153 32588601 379860 148756
0b004901 0b007101 10000 100 22179 32787986 214202 101826
0b005101 0b001701 10000 100 9151961 21166042 11837152 7756205
0b007901 0b000101 10000 100 23683 32905927 164032 103068
0b001201 0b004c01 10000 100 3348 32963424 130510 86032
0b006e01 0b005401 10000 100 777645 31539059 1592125 735191
0b006801 0b003e01 10000 100 22400 33022622 207463 102003
0b002501 0b006a01 10000 100 3745622 26587908 6642181 3223544
0b002701 0b002601 10000 100 739523 32505396 827890 661634
0b007301 0b001d01 10000 100 18921 33051903 310307 99066
0b004a01 0b006401 10000 100 4386 33098271 268056 86900
0b007001 0b004c01 10000 100 1681502 30260286 3205544 1492990
0b002501 0b000301 10000 100 1491730 25483229 7985860 1333876
0b007601 0b007801 10000 100 754883 32585821 909233 674498
0b000301 0b003201 10000 100 329702 32837508 727398 359633
0b004c01 0b006a01 10001 100 68835 33182100 422979 140917
0b000201 0b004c01 10000 100 76981 33411081 210106 147741
0b001101 0b002801 10000 100 1016199 31576023 2050874 935212
0b000c01 0b003f01 10000 100 3832131 23785743 9876338 3296092
0b002a01 0b005001 10000 100 69520 33281602 388808 141504
0b001b01 0b002e01 10000 100 9027 33567801 120399 90805
0b006801 0b001301 10000 100 5380707 14118641 19582934 4594396
0b007b01 0b000501 10000 100 17164 33570632 163757 97622
0b007701 0b000301 10001 100 133194 33213793 523927 194900
0b001901 0b001101 10000 100 4471 33698850 44701 45368
0b006b01 0b003601 10000 100 1985954 29883498 3864055 1748225
0b006e01 0b005a01 10000 100 40442 33591906 257927 117128
0b006c01 0b000701 10000 100 29351 33658894 215845 107832
0b000c01 0b007001 10000 100 1561627 30228500 3658074 1392482
0b001c01 0b000501 10000 100 20917 33766913 123807 100740
0b000701 0b000f01 10000 100 77826 33796753 154870 106856
0b006a01 0b003301 10001 100 48085 33626828 328336 123549
0b007201 0b003101 10001 100 59201 33751629 227547 132864
0b002f01 0b006601 10000 100 446119 32401670 1577787 457260
0b000c01 0b001501 10000 100 6291350 3827750 30237144 5357892
0b001701 0b007f01 10000 100 57318 34004093 155608 131281
0b007901 0b004d01 10000 100 7458 34027742 161428 89473
0b001e01 0b001301 10000 100 4564185 28105269 6087218 3868244
0b007701 0b003501 10000 100 1226821 31135596 3083402 1111773
0b004101 0b006d01 10000 100 78371 33836554 387436 148930
0b007801 0b007901 10000 100 25516160 1929742 32294774 21434380
0b002101 0b001e01 10000 100 25209 33959371 280418 104365
0b002601 0b004901 10000 100 789131 31996804 2283219 744840
0b000601 0b005b01 10000 100 9849 34196111 99647 91463
0b007d01 0b004101 10000 100 9219992 34944 34271345 7813241
0b004001 0b007301 10000 100 14377 34237066 106721 95277
0b006901 0b004301 10000 100 35268 33823797 571790 112796
0b004a01 0b002f01 10000 100 7408 34058997 410897 89433
0b006c01 0b002a01 10000 100 29949 34335716 139334 108311
0b005401 0b001301 10001 100 42285 34083802 419353 118679
0b000501 0b005101 10000 100 113320 34276017 271089 178233
0b004a01 0b006601 10000 100 7848 34445500 184831 89785
0b000001 0b004d01 10000 100 482 34459643 244345 83624
0b000501 0b007c01 10000 100 51494 34558925 169673 126392
0b007f01 0b001a01 10000 100 70466 34555892 183867 142299
0b002d01 0b000d01 10000 100 850165 31538639 3224124 796010
0b003b01 0b004b01 10000 100 35419 34594713 172523 112917
0b002101 0b001501 10000 100 5764319 13522791 21245265 4916031
0b007801 0b003201 10000 100 51378 34608808 170483 126299
0b001501 0b004b01 10000 100 567341 32913899 1866812 558884
0b000d01 0b002601 10000 100 66693 34604820 197876 139127
0b005801 0b007101 10000 100 14022 34736164 109791 94993
0b004701 0b004d01 10000 100 1355489 33464551 1394286 1178061
0b007201 0b002a01 10000 100 1602439 31565115 3312217 1426706
0b001601 0b007001 10000 100 1971151 28276456 6666375 1735845
0b001e01 0b007a01 10000 100 3532018 26240940 8702856 3044481
0b001701 0b005a01 10000 100 282150 34352952 617210 319787
0b006801 0b002501 10000 100 617633 33256920 1788969 601037
0b000001 0b000e01 10000 100 29124403 4629192 30456186 24459522
0b001c01 0b002701 10000 100 64576 34933057 167839 137356
0b007c01 0b001c01 10000 100 25908 35090556 117679 104924
0b002701 0b000a01 10000 100 923677 30696790 4518309 857623
0b003d01 0b002a01 10000 100 10315 35210162 98875 91874
0b005301 0b001b01 10000 100 71230 35205112 227157 142948
0b003e01 0b005501 10000 100 210008 35170058 305746 259308
0b007d01 0b000801 10000 100 27712 35341936 150160 106444
0b004001 0b005301 10000 100 164345 34819257 694431 221012
0b001001 0b002d01 10000 100 532129 33643550 1904475 529370
0b007101 0b000001 10000 100 4015 35387438 173146 86604
0b002e01 0b007401 10000 100 15959 35515660 107939 96581
0b002701 0b004b01 10000 100 1169008 28780657 6860585 1063334
0b005c01 0b001f01 10000 100 21940 35528806 132430 101596
0b004501 0b006801 10000 100 1588644 29505934 6185558 1415132
0b004901 0b000101 10000 100 1698998 31286203 4454753 1507640
0b002801 0b002e01 10000 100 2022 35725376 43897 43332
0b002401 0b002801 10000 100 5029 35733230 46395 45853
0b006901 0b005c01 10000 100 27820 35672575 121949 106531
0b000601 0b006d01 10000 100 2663831 32889863 2921699 2316562
0b002901 0b004401 10001 100 1506586 26688200 9125102 1346337
0b002b01 0b004701 10000 100 2222161 19646429 16174786 1946292
0b006301 0b005601 10000 100 26933 35686365 150340 105783
0b007f01 0b007601 10000 100 7818 35725346 124573 48161
0b003a01 0b001801 10000 100 1342 35959347 83856 84350
0b003a01 0b006601 10001 100 913 35951906 100226 83968
0b001001 0b005301 10000 100 9271 35981638 94056 91000
0b000601 0b000e01 10000 100 62399 36026030 93247 93938
0b004b01 0b004901 10000 100 21448 36082250 60070 59603
0b004001 0b006701 10000 100 70123 35454093 694112 142024
0b004501 0b007d01 10000 100 3110 35645606 580202 85841
0b003601 0b006101 10000 100 1391474 32668620 3608076 1249832
0b002e01 0b007b01 10000 100 1620010 31630457 4735791 1441454
0b004201 0b006201 10001 100 22039 36216003 193279 101714
0b002201 0b002d01 10000 100 29874 36353018 75836 66651
0b007c01 0b004c01 10000 100 26829 36214113 323364 105700
0b006501 0b007401 10000 100 18738 36349989 239704 98920
0b000101 0b001f01 10000 100 951153 35376940 1244894 880679
0b000001 0b001201 10000 100 43256 36252277 380399 119494
0b001901 0b003001 10000 100 2659213 25363931 11329713 2312714
0b001301 0b000501 10000 100 5935364 24153607 12566247 5059433
0b005d01 0b001601 10000 100 392210 36087394 698894 412059
0b000301 0b007b01 10000 100 510 36551646 279541 83646
0b005901 0b004801 10000 100 2093749 31539533 5317405 1838608
0b000901 0b003701 10000 100 162568 36482310 388472 219513
0b003701 0b002301 10000 100 6486932 7723182 29159316 5521846
0b006201 0b001e01 10000 100 29344 36828033 144141 107827
0b003701 0b005601 10000 100 16286 36872752 112776 96881
0b003401 0b005401 10000 100 22478 36886283 105617 102065
0b000101 0b001001 10000 100 9616 36940908 97122 91276
0b007a01 0b003301 10000 100 4805 36896220 191585 87236
0b002d01 0b006901 10000 100 52640 36906128 275681 127347
0b005101 0b007601 10000 100 169935 36609607 576174 225676
0b003101 0b004e01 10000 100 7537 36928321 294025 89536
0b002501 0b006601 10001 100 1665115 35233184 2035582 1479266
0b001b01 0b001101 10000 100 759282 36620846 677240 678209
0b001401 0b001d01 10000 100 146558 37113021 275850 164491
0b007901 0b001d01 10000 100 83315 37147563 266837 153077
0b007401 0b003001 10000 100 28609 37213633 256159 107200
0b005f01 0b002d01 10000 100 11735 37173068 345571 93048
0b005301 0b005701 10000 100 3460788 34111901 3487691 2943132
0b000a01 0b001201 10000 100 9751 37324872 299301 91384
0b000a01 0b000401 10000 100 19041771 12398940 25283595 16006229
0b007601 0b004801 10000 100 892 37401236 314228 83952
0b003101 0b000801 10000 100 237378 37281253 438345 282241
0b003a01 0b003601 10000 100 51968 37606660 127399 85171
0b001001 0b001301 10000 100 550659 37288453 513631 503285
0b007201 0b003101 10000 100 4003052 30729533 7099530 3439395
0b001001 0b002901 10000 100 61899 37747051 165726 135100
0b005e01 0b002301 10000 100 1072384 35141926 2779186 982310
0b004401 0b005901 10000 100 8298425 26785012 11352790 7040621
0b003301 0b005b01 10000 100 121614 37724465 434545 185176
0b007e01 0b004901 10000 100 36571 37891498 278422 113877
0b004b01 0b006d01 10000 100 196270 37832817 397898 247780
0b001a01 0b007801 10000 100 33724 38187062 136616 111484
0b001c01 0b003801 10000 100 556102 37116950 1242212 549470
0b000b01 0b007801 10000 100 66642 38144354 217281 139086
0b006c01 0b006401 10000 100 37236 38316058 74071 72848
0b006b01 0b001d01 10000 100 21611 38026823 379891 101333
0b004201 0b006101 10000 100 40946 38276740 146040 117531
0b005f01 0b004301 10000 100 3757323 30275200 8175497 3233365
0b007801 0b003d01 10001 100 53446 38310717 212974 128030
0b003001 0b006001 10001 100 65296 38373487 166654 137971
0b007901 0b006701 10000 100 21682 38159900 396930 101390
0b003101 0b001e01 10000 100 33282 38423439 135075 111131
0b007801 0b006f01 10000 100 3245 38200217 368865 85949
0b000401 0b000001 10000 100 4253463 32689899 5928855 3607724
0b005f01 0b001901 10000 100 30828 38572181 110597 109052
0b005201 0b004e01 10000 100 2953736 22747438 16066491 2559622
0b003701 0b000601 10000 100 8686 38544743 285767 90494
0b007f01 0b002101 10000 100 582098 37089257 1752443 571265
0b006b01 0b004401 10000 100 100693 38656560 316970 167632
0b005c01 0b002801 10000 100 70777 38641453 410305 142548
0b003b01 0b006701 10000 100 72463 38811359 258395 143973
0b001801 0b002d01 10000 100 13019 38994538 110807 94152
0b003601 0b002a01 10000 100 47944 38880498 257766 123398
0b005501 0b005f01 10000 100 6854478 31279293 7863308 5788414
0b000a01 0b005f01 10000 100 311896 37873613 1364300 344697
0b003301 0b002f01 10000 100 8183 39078733 160553 90092
0b004201 0b006801 10000 100 2937884 30198798 9068770 2546326
0b001801 0b004b01 10001 100 4975850 30660589 8686092 4254958
0b003c01 0b001601 10000 100 234149 38798523 587278 279543
0b005401 0b007d01 10000 100 172066 39018144 374963 227496
0b006701 0b003001 10000 100 47531 39342108 150689 123068
0b005b01 0b004c01 10000 100 769990 38186069 1363172 728760
0b006301 0b002101 10000 100 1405192 36136298 3415870 1261344
0b007401 0b003101 10000 100 155149 38934609 668790 213309
0b006d01 0b002001 10000 100 10730 39554139 103734 92206
0b003c01 0b002e01 10000 100 4344773 29941071 9726248 3725866
0b003d01 0b000001 10000 100 8823667 18456341 21244422 7480975
0b001f01 0b003a01 10000 100 6795 39487196 235578 88904
0b001001 0b005301 10001 100 32398 39452070 331298 110385
0b001601 0b007401 10000 100 8269626 22486231 17361608 7016468
0b002901 0b001b01 10000 100 134065 39643410 240226 195636
0b004501 0b000501 10000 100 28687 39768407 127756 107263
0b003101 0b002a01 10000 100 74098 39640451 271918 145358
0b006b01 0b000001 10000 100 25315 39781163 138315 104450
0b005b01 0b006a01 10000 100 26212 39787186 136611 105206
0b003001 0b001201 10000 100 50097 39598739 338142 125236
0b001801 0b007501 10000 100 50131 39829917 250718 125263
0b003101 0b000901 10000 100 865486 38426100 1680780 808843
0b004901 0b007801 10000 100 73649 39783877 354535 144960
0b005f01 0b003801 10000 100 3963 40092469 88857 86524
0b001301 0b001101 10000 100 1452078 38133762 2051122 1259057
0b005d01 0b000701 10000 100 723235 38116085 2092693 689589
0b007801 0b006101 10000 100 6591804 27045211 13225070 5609776
0b003a01 0b004001 10000 100 89230 39670197 601645 158040
0b004401 0b000f01 10000 100 1387279 35889323 4382986 1246322
0b002401 0b000601 10000 100 164566 39917579 411855 221188
0b006401 0b006a01 10000 100 1336343 38164623 2255533 1162015
0b003601 0b000401 10000 100 1631988 35014802 5447185 1451459
0b007e01 0b006001 10000 100 33472 40184920 318227 111283
0b004e01 0b007401 10000 100 137807 39917073 607638 198744
0b005901 0b003b01 10000 100 56343 40205544 418283 130463
0b004501 0b005101 10000 100 44520 40164156 539786 120544
0b002201 0b007f01 10000 100 18187 40554392 166212 98479
0b005d01 0b006b01 10000 100 49079 40585515 149635 124383
0b005b01 0b004801 10000 100 4434745 20198008 20543030 3801300
0b001701 0b007801 10000 100 8966561 21682690 19161193 7600781
0b007d01 0b007f01 10000 100 6359925 34112991 6771556 5373764
0b006a01 0b005401 10000 100 1638 40828922 87506 84587
0b002801 0b006301 10000 100 4484890 33259719 7673441 3843336
0b005001 0b004d01 10000 100 2630 41034603 86688 85419
0b004c01 0b007901 10000 100 23185 40984885 149363 102669
0b003e01 0b007501 10000 100 8100007 24174773 17021191 6874284
0b006a01 0b007c01 10000 100 29917 40969233 233223 108285
0b003d01 0b003b01 10001 100 50908 41081385 128312 84284
0b004501 0b003201 10000 100 46840 40977513 259902 122476
0b004c01 0b005801 10000 100 153264 40884728 376080 211724
0b006501 0b006101 10000 100 166240 40970464 295950 181004
0b006701 0b004f01 10000 100 6120 40864044 439591 88364
0b003301 0b004401 10000 100 29315 41107807 233643 107804
0b001701 0b001b01 10000 100 77644 41236470 128639 106710
0b002801 0b007c01 10000 100 724 41338711 156239 83817
0b002a01 0b005301 10000 100 6000 41351586 160397 88230
0b001c01 0b007301 10000 100 69698 41377817 200605 141646
0b001701 0b001d01 10000 100 22312 41566118 61382 60332
0b001001 0b004c01 10000 100 541304 40416066 1266146 537056
0b000201 0b000701 10000 100 5141413 35993226 5726728 4352183
0b002d01 0b004001 10000 100 2469 41514848 220002 85290
0b000101 0b006901 10000 100 1905076 38953344 2833600 1680451
0b003501 0b002901 10000 100 3768143 31859147 9992375 3242444
0b002401 0b002201 10000 100 182888 41579466 305482 194937
0b003001 0b006501 10000 100 649282 40797797 1100151 627585
0b002b01 0b005401 10000 100 48934 41762194 165112 124228
0b005001 0b004a01 10000 100 23436 41830231 164992 102870
0b004001 0b001301 10000 100 2973832 37850067 4174099 2576467
0b004901 0b000001 10000 100 32355 41679774 432093 110351
0b004c01 0b000a01 10000 100 53942 41911526 210000 128427
0b004b01 0b007001 10000 100 10567 42298772 256546 92076
0b003e01 0b000d01 10000 100 67983 42332396 280085 140197
0b006101 0b007901 10000 100 1968541 36970047 5658619 1733642
0b002401 0b000f01 10000 100 9349135 11088223 31671670 7921548
0b002701 0b003601 10000 100 994981 41118033 1689848 917392
0b006301 0b004401 10000 100 8255050 25315456 17515584 7004270
0b000001 0b001c01 10000 100 149802 42489212 378520 208801
0b002a01 0b007701 10000 100 1175095 37329773 5544843 1068434
0b002801 0b001a01 10000 100 21971 42666376 211630 101621
0b003d01 0b004001 10000 100 1082079 40118425 2912273 990450
0b002701 0b005b01 10000 100 79188 42978010 185234 149622
0b006901 0b002701 10000 100 27513 42762534 405173 106285
0b007a01 0b000601 10000 100 45326 43072262 149323 121227
0b004e01 0b002b01 10000 100 1920494 34741099 8502337 1693361
0b004f01 0b001c01 10000 100 21580700 12010098 31343752 18176470
0b003801 0b002c01 10000 100 77763 43046766 407239 148405
0b004501 0b002401 10000 100 1351273 40044466 3414992 1216135
0b004b01 0b004101 10000 100 25879 43411726 74515 63301
0b007f01 0b001101 10000 100 2594 43500823 87339 85390
0b004901 0b005101 10000 100 73081 43337454 251559 144506
0b003301 0b007b01 10000 100 46652 43360505 332985 122326
0b001701 0b007301 10000 100 22344 43591121 137284 101958
0b001d01 0b005701 10000 100 1996730 28876173 14871252 1757268
0b001701 0b000a01 10000 100 36429 43564510 187127 113764
0b004501 0b001d01 10000 100 2419548 28495498 15286469 2111766
0b004901 0b004d01 10001 100 4793152 38430356 5354791 4060211
0b007101 0b006901 10000 100 1116457 41267388 2540454 1019258
0b004d01 0b006401 10000 100 122185 43504568 329325 185671
0b005701 0b003c01 10001 100 7177 43743861 93699 89248
0b001201 0b005101 10000 100 47773 43741659 158071 123261
0b000301 0b003e01 10000 100 333046 42487969 1466263 362462
0b001f01 0b002801 10000 100 47170 43748881 244513 122779
0b002b01 0b001a01 10000 100 876330 42111658 2002680 817940
0b001001 0b002e01 10000 100 43130 43815821 315121 119393
0b002c01 0b005301 10000 100 2611813 23426313 20735719 2272951
0b007701 0b006101 10000 100 1547139 40944407 3349223 1380354
0b001201 0b003701 10000 100 349224 43447088 881777 376019
0b007101 0b004f01 10000 100 25515 44246805 123624 104610
0b005401 0b002f01 10000 100 6673863 30634348 13830864 5678572
0b000501 0b007e01 10000 100 72669 44259273 303609 144138
0b000d01 0b002301 10000 100 9251469 17213838 27353818 7839652
0b001501 0b003701 10000 100 12541 44501427 106950 93732
0b006801 0b002a01 10000 100 2995656 38605916 6023101 2594771
0b001701 0b006f01 10000 100 25972 44521749 133065 104976
0b005301 0b002701 10000 100 697611 43297509 1377979 668092
0b006e01 0b000d01 10000 100 1258173 38173231 6551734 1138084
0b007a01 0b004d01 10000 100 1292126 42629021 2098279 1166552
0b006001 0b006301 10000 100 1779810 42557868 2424740 1533800
0b006201 0b000401 10000 100 69806 44646264 439364 141732
0b002601 0b002f01 10000 100 36724 44940397 147251 72400
0b002a01 0b001901 10000 100 764472 43707486 1402372 724153
0b002d01 0b002001 10000 100 1406470 43412485 1710529 1220804
0b004401 0b001101 10000 100 1795 45032947 219989 84712
0b003e01 0b007c01 10000 100 32383 45089790 237596 110373
0b007801 0b004801 10000 100 7680 45202154 141050 89651
0b002901 0b002f01 10000 100 74438 45286134 122443 104030
0b002601 0b002401 10000 100 3507709 40971101 4530331 2982474
0b005101 0b006e01 10000 100 24610 45488285 130349 103848
0b003301 0b005c01 10000 100 1063690 43178642 2457990 975009
0b004a01 0b003401 10000 100 9841210 30568611 15100309 8334100
0b005901 0b002801 10000 100 757284 41439434 4293264 718134
0b005001 0b002f01 10000 100 77865 45526267 221287 148487
0b003e01 0b004001 10000 100 4985804 11173402 34619946 4263305
0b006b01 0b005601 10000 100 7786138 33931704 11867680 6611131
0b007801 0b002a01 10000 100 394535 45029772 862212 413996
0b006301 0b004701 10000 100 17378 45799342 132321 97793
0b001601 0b004001 10000 100 4774 45913635 90195 87211
0b005b01 0b002d01 10000 100 20679 45814267 210229 100549
0b006e01 0b007601 10000 100 28451 45834857 216960 107074
0b000b01 0b005201 10000 100 8365 46049345 247173 90237
0b003101 0b002c01 10000 100 24142 46190869 143511 103473
0b002c01 0b005301 10001 100 4179728 24130554 22231457 3587494
0b007c01 0b006601 10000 100 1711768 43053993 3317907 1518355
0b003801 0b002001 10000 100 110843 46147533 311953 176136
0b000201 0b007101 10000 100 20094 46020842 456947 100081
0b002101 0b005601 10000 100 2944258 30326166 16159679 2551694
0b004f01 0b007701 10001 100 752784 44540578 1946967 714342
0b001601 0b006e01 10000 100 28786 46381537 132863 107342
0b005d01 0b002d01 10000 100 8478597 11109301 35470751 7191671
0b002f01 0b005301 10000 100 1781749 30706307 15887344 1577028
0b005d01 0b001401 10001 100 45797 46459201 165558 121604
0b004901 0b005901 10000 100 4658410 29673294 17042270 3988833
0b000501 0b001501 10000 100 2265420 44192699 2617277 1982550
0b000001 0b002601 10000 100 66088 46669174 180588 138643
0b006101 0b007c01 10000 100 1935648 37882548 8972770 1706060
0b003601 0b006f01 10000 100 1415389 42568785 4486894 1269885
0b001001 0b005301 10002 100 6824 46918327 166564 88928
0b003301 0b004201 10000 100 5759155 22818043 24285792 4911708
0b002b01 0b005201 10000 100 4521599 33739634 13428249 3874124
0b001601 0b004901 10000 100 97331 46997790 193390 164828
0b004b01 0b007901 10000 100 1557525 43703014 3600229 1389047
0b003701 0b005401 10000 100 1388708 39515223 7810715 1247504
0b005101 0b006601 10000 100 625417 45825749 1604611 607572
0b007501 0b000901 10001 100 41763 47378681 181180 118223
0b002601 0b002801 10000 100 2625714 44799490 2842394 2243009
0b002d01 0b000101 10000 100 25057 47612430 166751 104244
0b003701 0b004201 10000 100 17735 47680765 151931 98079
0b007501 0b005101 10001 100 72471 47684942 240094 143980
0b001001 0b002501 10000 100 3889237 40168804 7851978 3343965
0b000701 0b004e01 10000 100 8685293 26005090 22202677 7364976
0b004701 0b001801 10000 100 4198639 33358762 14950343 3603352
0b005001 0b005b01 10000 100 994432 47253982 1108815 875353
0b005c01 0b000f01 10000 100 3308197 38554951 10228995 2856823
0b006601 0b001c01 10000 100 401720 47824845 1018174 420012
0b003101 0b005201 10000 100 350327 48278137 758624 376940
0b002101 0b000301 10000 100 6015578 36525179 12621986 5126676
0b002d01 0b005401 10001 100 30260 48862489 325178 108598
0b006001 0b005401 10000 100 4013261 41334077 8109850 3447946
0b004401 0b002d01 10000 100 3694910 44355599 5097610 3181016
0b006101 0b007b01 10000 100 2753031 39883989 9669293 2391378
0b000701 0b001201 10000 100 8985083 4416797 45255982 7616328
0b003d01 0b004801 10000 100 8081412 30487471 19280697 6858678
0b000101 0b001e01 10000 100 3118406 42359927 7452760 2697694
0b006501 0b007201 10000 100 4654525 31259696 18718245 3985572
