708 
97 27 3 100 5781346 0.000165242
25 38 3 100 949 0.000168411
81 99 3 100 241 0.000621715
107 41 3 100 134 0.000647544
10 47 3 100 941 0.001573563
96 42 3 100 1335 0.001681936
83 70 3 100 909 0.002320933
78 2 3 100 336 0.002363424
14 41 3 100 210 0.002675442
72 102 3 100 1023 0.002887845
96 100 3 100 105 0.003144237
72 93 3 100 175 0.003245702
36 60 3 100 6090 0.003537566
88 58 3 100 433 0.003708103
36 121 3 100 330 0.003973767
12 45 3 100 28906161 0.004025780
121 29 3 100 290725 0.004141885
20 73 3 100 17750 0.004610735
21 98 3 100 122 0.004758742
81 86 3 100 252 0.005022777
21 48 3 100 302 0.005800363
7 53 3 100 102 0.006939675
37 26 3 100 614 0.006970089
109 29 3 100 667 0.008319204
36 41 3 100 1325 0.008352968
97 38 3 100 496 0.008864837
54 43 3 100 1766941 0.009125226
75 59 3 100 701 0.010677770
58 83 3 100 981725 0.010731559
52 90 3 100 1795329 0.011460827
52 35 3 100 107 0.011632314
114 109 3 100 510 0.011889447
63 97 3 100 954 0.014638230
69 31 3 100 8138 0.015017463
45 47 3 100 375 0.015555716
8 77 3 100 499 0.015873395
94 82 3 100 374423 0.016222147
23 26 3 100 85540 0.016381921
118 19 3 100 1364 0.016432342
93 42 3 100 409 0.016473264
66 96 3 100 476 0.016654390
118 78 3 100 863 0.017243766
61 112 3 100 149058 0.017692512
96 51 3 100 1818 0.019189032
114 4 3 100 23255 0.019955227
104 111 3 100 1144 0.022101544
65 52 3 100 1074 0.023912065
40 109 3 100 41204 0.024379072
62 116 3 100 1107 0.025245428
52 74 3 100 8359 0.026303449
69 56 3 100 1062 0.029438060
52 38 3 100 437 0.029609389
109 51 3 100 345718 0.029860944
58 61 3 100 478 0.029863712
124 82 3 100 8952 0.030745792
1 25 3 100 98371 0.031588803
121 22 3 100 3487 0.031688749
69 65 3 100 146208 0.031711685
43 50 3 100 8098 0.032876676
83 39 3 100 7940 0.033023209
8 13 3 100 2986 0.033212844
68 54 3 100 63294 0.034947093
94 35 3 100 821 0.035553735
81 53 3 100 31851 0.036921132
13 42 3 100 376 0.036936407
54 61 3 100 962 0.037605534
48 104 3 100 256 0.038973696
124 88 3 100 227452 0.040216831
117 13 3 100 133 0.043908422
94 113 3 100 1821858 0.046537156
