537 
117 60 3 100 505 0.000058622
22 107 3 100 951 0.000214071
15 105 3 100 1404 0.000359718
0 37 3 100 1124 0.000504571
54 52 3 100 1348 0.000631116
77 34 3 100 1020 0.000643113
10 93 3 100 1348 0.000943947
65 119 3 100 178 0.000987425
8 107 3 100 761 0.001058408
81 99 3 100 91175 0.001897762
15 120 3 100 185666 0.002091116
68 9 3 100 803 0.002104835
36 19 3 100 800 0.002165198
97 0 3 100 957 0.002358333
96 100 3 100 318 0.002432074
36 10 3 100 243 0.002472036
83 39 3 100 509959 0.002615377
21 0 3 100 232688319 0.002664838
26 78 3 100 987 0.002826113
23 7 3 100 142 0.003081003
26 101 3 100 249 0.003221287
76 86 3 100 581 0.003419401
110 0 3 100 336 0.003643889
73 18 3 100 299 0.003688431
103 119 3 100 117 0.003723680
97 59 3 100 984 0.003838709
102 15 3 100 162553442 0.003957175
36 17 3 100 1068 0.003974821
72 42 3 100 1863 0.004135504
57 60 3 100 427 0.004138423
94 58 3 100 1376 0.004209564
26 107 3 100 3613 0.004232040
59 31 3 100 566 0.004278733
120 100 3 100 790 0.004720740
124 99 3 100 5147 0.004890117
47 69 3 100 1589 0.005266696
120 123 3 100 1548 0.005290150
63 30 3 100 2714 0.005343540
120 26 3 100 185 0.005523838
42 86 3 100 183 0.005616194
73 27 3 100 581 0.005884873
46 75 3 100 1167698 0.006055373
14 76 3 100 23093 0.006287006
4 87 3 100 2007126 0.006373962
0 115 3 100 8946 0.006523039
34 105 3 100 2961 0.006580467
33 27 3 100 272 0.006694300
107 105 3 100 818 0.006832840
9 77 3 100 840 0.006834503
34 71 3 100 718 0.007045114
70 42 3 100 401 0.007075706
59 111 3 100 1288 0.007351888
101 61 3 100 561 0.007501319
102 112 3 100 4466 0.007815257
79 60 3 100 155 0.008242026
6 38 3 100 243 0.008276463
34 82 3 100 862 0.008318540
65 2 3 100 883561 0.008334565
14 122 3 100 296 0.008410292
66 26 3 100 21893343 0.008515976
76 43 3 100 234 0.008856642
10 106 3 100 7449 0.009129711
16 55 3 100 424 0.009255188
71 97 3 100 102 0.009325504
113 28 3 100 91888 0.009524790
31 15 3 100 828 0.009538563
58 17 3 100 4860 0.009691843
51 90 3 100 617115 0.010194613
10 114 3 100 481 0.010313853
21 1 3 100 52927 0.010890912
83 114 3 100 8957 0.010909736
57 100 3 100 11922 0.011124737
67 66 3 100 1627 0.011247162
79 83 3 100 3966 0.011347204
53 118 3 100 95088 0.011358597
127 27 3 100 552676 0.011390323
2 60 3 100 1453 0.011480605
98 1 3 100 188461 0.011613865
73 96 3 100 1577232 0.011739507
81 76 3 100 967 0.011739772
41 32 3 100 682 0.011905072
80 90 3 100 788 0.012109233
32 1 3 100 694319 0.012128296
8 105 3 100 3450 0.012137646
78 67 3 100 291506 0.012301903
110 49 3 100 338 0.012346455
13 115 3 100 6694 0.012635715
58 40 3 100 202 0.012810202
32 48 3 100 165 0.012932862
116 51 3 100 380 0.013279512
35 60 3 100 473 0.013337113
47 53 3 100 2274 0.013498098
35 87 3 100 1009 0.013802635
34 62 3 100 3979 0.013843030
102 58 3 100 5969 0.013895238
57 70 3 100 93537 0.014285176
94 5 3 100 555 0.014822004
58 114 3 100 6599 0.014898931
44 54 3 100 1022 0.015073520
7 112 3 100 229 0.015479685
85 58 3 100 500 0.015480201
31 49 3 100 115 0.015488036
4 121 3 100 7871 0.015527539
114 122 3 100 89627 0.015556426
0 50 3 100 925 0.015690054
79 35 3 100 462 0.016124943
83 32 3 100 1577 0.016133450
107 121 3 100 214 0.016170904
32 36 3 100 1745 0.016197765
30 76 3 100 2441 0.016305538
79 90 3 100 1859 0.016442323
40 87 3 100 372823 0.016443104
81 2 3 100 9154 0.016684328
25 100 3 100 501494684 0.016839296
68 6 3 100 41490 0.017094339
75 81 3 100 2448 0.017636575
125 5 3 100 424 0.017672870
55 6 3 100 209 0.017774811
38 103 3 100 344 0.018098615
88 89 3 100 3794 0.018162808
20 18 3 100 558 0.018281468
120 98 3 100 1522 0.018406596
9 44 3 100 13966323 0.018481099
34 106 3 100 676 0.018715335
69 66 3 100 1521953 0.018981552
58 88 3 100 741 0.019322081
15 99 3 100 130 0.019561382
5 124 3 100 127 0.019834421
1 34 3 100 93501561 0.019920711
72 38 3 100 788 0.019960722
84 25 3 100 1038608 0.020338636
70 3 3 100 392 0.020486377
26 80 3 100 1945 0.020506196
49 0 3 100 4740929 0.020553113
85 50 3 100 1360 0.020742520
107 127 3 100 1777 0.020798374
83 103 3 100 700 0.020881839
122 85 3 100 1809353 0.021070730
21 97 3 100 510 0.021322803
75 125 3 100 1401 0.021441309
87 5 3 100 986 0.021543822
14 29 3 100 943 0.021611609
110 4 3 100 1856 0.021636353
24 29 3 100 123 0.021818046
35 62 3 100 1769 0.021903771
113 97 3 100 326 0.021949290
41 99 3 100 558 0.022129903
112 63 3 100 5613 0.022274228
74 75 3 100 1777936 0.022662882
127 63 3 100 2055 0.022669263
24 109 3 100 512 0.022735042
11 85 3 100 664 0.022795972
24 40 3 100 2591 0.022920951
15 32 3 100 340 0.022999176
12 21 3 100 2417 0.023101678
65 58 3 100 1651 0.023151065
26 120 3 100 405 0.023417987
55 91 3 100 1460102 0.023495162
44 68 3 100 1362 0.023635952
127 126 3 100 3540 0.023738926
105 87 3 100 846 0.023766657
102 103 3 100 325 0.023929902
54 2 3 100 280863 0.023988673
34 92 3 100 74832 0.024297804
40 46 3 100 251208 0.024377895
46 76 3 100 699 0.024662369
21 18 3 100 752 0.024677628
36 104 3 100 541 0.024686982
2 50 3 100 163 0.025057339
9 126 3 100 51606 0.025236118
94 47 3 100 712 0.025608642
28 16 3 100 110 0.025817475
16 40 3 100 921 0.025911618
9 50 3 100 245 0.026046058
30 25 3 100 1285 0.026179425
51 36 3 100 794 0.026233158
84 74 3 100 373 0.026273404
55 70 3 100 655974 0.026476644
91 39 3 100 167 0.026898460
56 84 3 100 931 0.027089280
67 85 3 100 975 0.027258003
75 127 3 100 386 0.027604276
34 89 3 100 1189 0.027961040
39 75 3 100 9680 0.028085263
72 105 3 100 7678 0.028396728
36 17 3 100 279 0.028509982
84 54 3 100 224 0.028695356
86 50 3 100 20861 0.028700682
59 23 3 100 309 0.028775180
48 10 3 100 523 0.028934327
112 4 3 100 8178 0.029091329
121 28 3 100 323 0.029148529
114 109 3 100 3477 0.029529916
40 49 3 100 7401 0.029879190
63 0 3 100 655 0.030007967
78 30 3 100 2548 0.030174968
47 110 3 100 1765092 0.030332324
114 75 3 100 303373 0.030503580
82 73 3 100 2860 0.030528363
92 74 3 100 149 0.030678833
32 78 3 100 447 0.030822854
82 46 3 100 7172071 0.031125372
55 98 3 100 1018 0.031201161
87 67 3 100 207 0.031304431
49 52 3 100 83877 0.031345654
103 82 3 100 8628 0.031457386
32 29 3 100 158 0.031483440
23 110 3 100 208 0.031499835
88 117 3 100 630 0.031573385
18 66 3 100 6659 0.031988205
47 51 3 100 28978 0.032209421
118 70 3 100 491 0.032438147
69 115 3 100 4613 0.032441296
69 79 3 100 772614 0.032467404
16 58 3 100 654 0.032696106
121 87 3 100 745 0.032844887
110 88 3 100 253 0.032913251
104 33 3 100 928 0.033008572
84 106 3 100 85965 0.033165772
81 62 3 100 2943 0.033285866
58 9 3 100 127 0.033289843
16 4 3 100 422 0.033347106
15 54 3 100 674 0.033407591
19 5 3 100 1382185 0.033507976
94 20 3 100 1529 0.033602240
88 19 3 100 277 0.033745170
123 106 3 100 751 0.033965494
79 98 3 100 175 0.034020572
35 77 3 100 3883 0.034050078
8 0 3 100 179 0.034237775
39 113 3 100 522 0.034681525
35 77 3 100 42302 0.034787749
30 61 3 100 566 0.034808071
49 11 3 100 2914 0.034881360
48 16 3 100 1334 0.034919456
78 10 3 100 126 0.034970195
87 23 3 100 1737 0.035124383
19 49 3 100 1013 0.035595992
118 98 3 100 503 0.035927356
126 101 3 100 1255 0.036108518
95 34 3 100 1490 0.036275812
91 43 3 100 1320 0.036324629
81 39 3 100 575 0.036361188
81 15 3 100 2032 0.036988249
29 77 3 100 1492 0.037033060
59 106 3 100 761 0.037094547
18 67 3 100 960 0.037130631
100 75 3 100 221649 0.037156145
123 9 3 100 243 0.037445829
63 107 3 100 8904 0.037810967
75 127 3 100 213 0.038012521
125 119 3 100 386 0.038023201
25 67 3 100 1500 0.038297344
12 58 3 100 398 0.038766578
30 101 3 100 947 0.039210050
68 98 3 100 1030 0.039312579
43 67 3 100 4645 0.039441173
100 9 3 100 1620970 0.039494989
21 60 3 100 1806 0.039496306
119 8 3 100 2725 0.040142922
11 58 3 100 2474 0.040267311
107 90 3 100 129 0.040411361
101 126 3 100 8229 0.040754939
127 60 3 100 7834 0.040809867
95 75 3 100 305 0.041019388
27 74 3 100 514 0.041692579
9 41 3 100 344 0.041696860
119 20 3 100 261 0.041707858
39 60 3 100 111 0.041928716
87 0 3 100 1093 0.042146457
56 103 3 100 835 0.042167884
120 8 3 100 232 0.042231499
54 53 3 100 198 0.042274540
33 36 3 100 809 0.042832142
77 71 3 100 158 0.042885123
62 118 3 100 385257 0.043207920
59 27 3 100 152 0.043302878
50 77 3 100 783 0.043382009
94 75 3 100 567 0.043458144
52 38 3 100 374 0.043884405
8 88 3 100 7388 0.043920839
124 46 3 100 490 0.043925906
105 106 3 100 127 0.043986019
14 126 3 100 820 0.044231604
24 62 3 100 242 0.044267849
99 38 3 100 325 0.044356670
65 18 3 100 662 0.044370142
53 125 3 100 67120 0.044936634
122 54 3 100 1685885 0.045420512
6 13 3 100 576 0.045449074
17 90 3 100 1186 0.045481929
65 60 3 100 1649003 0.045530577
79 125 3 100 813 0.045586903
121 92 3 100 386093 0.045854222
122 58 3 100 878 0.045936249
56 119 3 100 205 0.046021801
52 83 3 100 4145 0.046150918
46 78 3 100 633 0.046277474
101 21 3 100 447 0.046363472
47 96 3 100 840 0.047471610
38 121 3 100 17998781 0.047528971
34 30 3 100 168 0.048031455
26 27 3 100 321 0.048214481
105 49 3 100 728 0.048893186
78 10 3 100 1017 0.048958476
64 86 3 100 156 0.049285646
39 47 3 100 55140 0.049550768
2 85 3 100 373 0.049608619
75 66 3 100 1581856 0.049774872
28 111 3 100 273 0.050003240
88 22 3 100 313 0.050185619
101 106 3 100 6019721 0.050238903
10 108 3 100 1059 0.050248310
105 124 3 100 7684 0.050259501
69 23 3 100 253 0.050555060
8 23 3 100 140429431 0.050611506
91 50 3 100 253360 0.051289792
74 104 3 100 926 0.051381842
115 44 3 100 136 0.051590479
59 118 3 100 430 0.051722641
112 120 3 100 2066 0.051835838
123 18 3 100 695 0.051948513
107 1 3 100 393 0.052332730
38 64 3 100 3020 0.052518112
57 71 3 100 152 0.052669951
19 76 3 100 2394 0.052780173
76 84 3 100 511 0.052815222
87 110 3 100 465 0.052950687
26 123 3 100 1032 0.052961492
31 87 3 100 679239 0.053123210
45 118 3 100 7801 0.053381538
57 48 3 100 1131 0.053518686
106 3 3 100 1413 0.053604845
70 27 3 100 1528 0.053941300
5 109 3 100 1212 0.053994586
84 96 3 100 1080 0.054035033
27 34 3 100 248 0.054548824
42 25 3 100 507 0.055055474
6 101 3 100 685 0.055180184
33 54 3 100 6952 0.055262279
54 44 3 100 871 0.055687671
127 89 3 100 191 0.055766346
126 65 3 100 697142 0.055906658
119 32 3 100 1419 0.056364982
84 48 3 100 296 0.056466291
62 44 3 100 511 0.056678282
118 95 3 100 294 0.056869865
85 26 3 100 694 0.056991494
111 88 3 100 300 0.057113954
34 123 3 100 951 0.057122352
27 55 3 100 543 0.057143996
110 122 3 100 5908 0.057264544
69 29 3 100 11604027 0.057290969
101 86 3 100 1869 0.057308163
116 34 3 100 1138 0.057584678
104 50 3 100 944 0.057631160
26 12 3 100 686 0.057964321
72 44 3 100 274 0.058196323
99 62 3 100 225 0.058289854
75 1 3 100 486 0.058457654
112 59 3 100 74590107 0.058533701
40 51 3 100 62513 0.058538509
115 97 3 100 61353 0.058929385
14 33 3 100 175 0.059084387
98 41 3 100 164 0.059344787
75 104 3 100 663908131 0.059454744
21 51 3 100 701 0.059526768
0 80 3 100 159221 0.059581010
21 84 3 100 7236 0.059581810
96 116 3 100 2647 0.059810119
105 112 3 100 25818765 0.059932679
104 105 3 100 1776 0.060069477
64 0 3 100 5289 0.060234102
5 56 3 100 168 0.060248030
120 23 3 100 325319 0.060548854
29 60 3 100 331 0.060759094
113 75 3 100 242 0.060802837
19 11 3 100 258 0.061378931
34 15 3 100 1250226 0.061380525
61 73 3 100 8781 0.061409510
99 26 3 100 1496 0.061491387
69 31 3 100 1858 0.061515910
55 74 3 100 1561 0.061580645
26 54 3 100 1171644 0.061730747
85 17 3 100 246 0.061922147
40 96 3 100 595 0.062160855
106 109 3 100 524 0.062201631
6 124 3 100 99291249 0.062290406
55 102 3 100 8542 0.062592928
120 92 3 100 562087 0.062739849
1 55 3 100 1086 0.062745911
38 26 3 100 1633 0.062975552
96 64 3 100 3080 0.063194574
105 107 3 100 1036 0.063198511
26 1 3 100 179 0.063362728
96 80 3 100 221 0.063472970
41 33 3 100 534 0.063603771
114 25 3 100 917 0.063819238
103 117 3 100 830 0.063921890
117 7 3 100 436 0.063946638
81 85 3 100 1400 0.064166546
114 1 3 100 4141 0.065152607
64 21 3 100 23472 0.065226976
124 65 3 100 2451 0.065431277
12 61 3 100 2340 0.065500665
116 103 3 100 320 0.065509588
9 8 3 100 913 0.065939925
4 108 3 100 87188667 0.066134853
79 127 3 100 291 0.066280836
22 46 3 100 156 0.066382006
80 23 3 100 5556 0.066434130
105 106 3 100 194 0.066743523
66 17 3 100 600 0.066913175
65 7 3 100 761 0.067425584
2 52 3 100 100 0.067509511
62 100 3 100 2728 0.067747485
1 116 3 100 8005 0.067767947
105 14 3 100 758 0.068004335
109 76 3 100 380 0.068019429
102 108 3 100 328 0.068047754
47 102 3 100 226 0.068097006
87 115 3 100 572 0.068112834
9 59 3 100 467 0.068123512
2 30 3 100 1448 0.068132685
64 68 3 100 720 0.068255707
48 91 3 100 178 0.068483918
26 61 3 100 1950 0.068744323
106 3 3 100 916 0.068799311
1 27 3 100 1052 0.068999579
110 76 3 100 189 0.069420536
119 107 3 100 28717 0.069635240
25 57 3 100 171 0.069719232
125 25 3 100 498 0.069878398
83 0 3 100 4294 0.070040249
94 73 3 100 101 0.070389730
109 75 3 100 1082 0.070415184
43 109 3 100 461 0.070487673
9 109 3 100 817853 0.070490080
103 17 3 100 8943112 0.070490279
38 111 3 100 935 0.070561628
39 92 3 100 30088 0.070735339
12 70 3 100 641 0.070971587
117 5 3 100 1547518 0.071000106
14 74 3 100 118 0.071092192
23 70 3 100 7425 0.071297474
109 20 3 100 852 0.071391237
124 17 3 100 1481 0.071596119
81 25 3 100 6995 0.071738121
76 0 3 100 2250 0.072289103
117 27 3 100 169 0.072464435
64 31 3 100 11388 0.072499202
0 31 3 100 117 0.072505721
0 11 3 100 421 0.072827474
69 116 3 100 171 0.073367059
120 67 3 100 1485 0.073380431
4 49 3 100 653 0.073390898
94 35 3 100 58454 0.073535671
111 122 3 100 1310 0.073780244
8 10 3 100 382963 0.073817004
67 49 3 100 295 0.073956204
54 2 3 100 6407 0.074059694
120 47 3 100 2737 0.074270079
121 97 3 100 1084 0.074730435
27 2 3 100 691 0.074754366
85 72 3 100 697 0.075153068
25 100 3 100 515 0.075354627
126 61 3 100 146 0.075390939
12 54 3 100 2522 0.075461044
119 71 3 100 2754 0.075494461
71 87 3 100 2166 0.075529144
76 69 3 100 476818 0.075613292
8 36 3 100 1096 0.075934171
125 69 3 100 44526 0.076279611
19 87 3 100 641 0.076281165
101 113 3 100 485105300 0.076297249
92 93 3 100 608271 0.076377409
5 122 3 100 545 0.076561724
127 116 3 100 6247 0.076696906
34 53 3 100 209 0.076898674
23 119 3 100 469 0.077036267
83 24 3 100 1230 0.077810257
30 100 3 100 779 0.077913808
66 34 3 100 1776631 0.078101432
40 68 3 100 397 0.078177763
51 8 3 100 1362 0.079237231
123 96 3 100 19160 0.079513400
8 54 3 100 438 0.079594492
15 57 3 100 1423381 0.079840067
126 40 3 100 9825111 0.080616259
40 74 3 100 129 0.080960191
41 56 3 100 142265 0.081248312
42 75 3 100 119 0.081609526
124 113 3 100 1740 0.081700670
9 10 3 100 1254 0.081730049
61 77 3 100 3095 0.082107688
6 58 3 100 1004 0.082462513
55 42 3 100 580 0.082507046
101 90 3 100 585 0.082706743
42 57 3 100 844 0.083653547
124 80 3 100 445 0.083730438
7 88 3 100 407 0.084158569
65 113 3 100 710 0.084423428
64 24 3 100 523 0.084471599
37 123 3 100 1403 0.084809507
1 86 3 100 862 0.085080286
22 14 3 100 861 0.085717327
81 38 3 100 2556 0.085772133
117 77 3 100 872509 0.085905615
79 76 3 100 151 0.085991922
40 84 3 100 6595 0.086032945
41 22 3 100 2222 0.086100519
121 9 3 100 9331 0.086114299
8 70 3 100 8898 0.086352636
88 29 3 100 313 0.086487262
113 10 3 100 995 0.086767424
15 45 3 100 1017 0.086808468
101 70 3 100 630 0.086826014
38 7 3 100 915 0.086995367
77 21 3 100 386 0.087296958
28 1 3 100 628 0.087740029
117 113 3 100 965 0.087782702
37 100 3 100 14400 0.088377211
105 116 3 100 200 0.088447523
5 62 3 100 468 0.088629630
22 78 3 100 163 0.088735728
101 12 3 100 9032 0.089221658
92 67 3 100 355 0.089234521
4 120 3 100 2093 0.089708694
83 121 3 100 118 0.090034264
72 49 3 100 773 0.090413147
105 40 3 100 680 0.090758959
44 125 3 100 1821 0.090949663
83 113 3 100 210 0.091221904
47 10 3 100 577 0.093213351
28 17 3 100 122 0.093348043
44 10 3 100 823 0.094592923
48 124 3 100 3048 0.095892260
