336 
109 2 3 100 843 0.000029326
77 8 3 100 183 0.000318616
70 112 3 100 1449 0.000357678
60 125 3 100 132 0.000502609
5 46 3 100 1288 0.000547990
126 111 3 100 757986 0.000756727
111 41 3 100 11108 0.000775960
17 28 3 100 685310 0.000793870
63 57 3 100 1866 0.000938332
113 75 3 100 170 0.001013976
62 43 3 100 978 0.001115886
14 10 3 100 287 0.001178576
59 80 3 100 78905 0.001399084
110 15 3 100 1776 0.001477088
112 31 3 100 446 0.001562311
115 76 3 100 447705 0.001768704
121 3 3 100 7961280 0.001799470
10 21 3 100 936 0.001850964
22 19 3 100 531 0.001888275
61 43 3 100 958 0.002045243
80 61 3 100 5820 0.002211631
61 104 3 100 339 0.002251020
1 101 3 100 340 0.002552738
66 19 3 100 253621 0.002718445
90 107 3 100 86465567 0.002746499
59 30 3 100 79903 0.002879897
58 127 3 100 3760333 0.003059381
46 2 3 100 34419 0.003478497
119 116 3 100 572 0.003603526
104 1 3 100 97439 0.003820285
46 3 3 100 83848 0.003880881
86 50 3 100 1734 0.003922806
94 75 3 100 421 0.004144865
62 96 3 100 533084300 0.004470895
76 104 3 100 410 0.004476295
12 126 3 100 639 0.004541527
72 116 3 100 929 0.004592486
115 8 3 100 7645 0.004756184
93 83 3 100 398 0.004788958
84 58 3 100 614 0.004888064
18 64 3 100 1833 0.005062836
121 92 3 100 1445 0.005128056
112 100 3 100 1064081 0.005170592
101 110 3 100 573 0.005206618
94 89 3 100 449 0.005282670
65 64 3 100 654 0.005427225
78 104 3 100 1285 0.005549252
62 67 3 100 429 0.005589287
43 99 3 100 539 0.005630880
93 52 3 100 4883 0.005906509
64 15 3 100 68601 0.005971503
12 109 3 100 154 0.005979500
103 49 3 100 905 0.006050151
94 86 3 100 210 0.006172769
63 69 3 100 345 0.006239974
28 39 3 100 1329073 0.006310757
11 76 3 100 275 0.006439565
113 29 3 100 469 0.006483749
122 60 3 100 121 0.006581287
13 70 3 100 130 0.006610776
104 39 3 100 1464 0.006687240
12 37 3 100 1866 0.006746941
65 56 3 100 713 0.006889714
106 75 3 100 395 0.006931610
122 78 3 100 589 0.007010106
119 45 3 100 340582 0.007042281
90 31 3 100 983 0.007046987
77 106 3 100 5381 0.007093851
120 78 3 100 827 0.007155785
8 49 3 100 1368 0.007161588
89 85 3 100 1840 0.007385226
95 70 3 100 7831 0.007392484
35 59 3 100 7115 0.007483342
83 6 3 100 170 0.007632926
92 110 3 100 164 0.007853775
19 93 3 100 16072 0.007959333
75 29 3 100 2226 0.008068604
105 80 3 100 970 0.008086741
39 99 3 100 636 0.008188182
19 123 3 100 882 0.008363134
109 47 3 100 20857 0.008434643
93 89 3 100 67636 0.008801310
120 76 3 100 150 0.009011802
81 80 3 100 390 0.009167745
98 107 3 100 8454 0.009571404
27 114 3 100 510 0.009609954
46 62 3 100 819 0.009736500
115 12 3 100 1200364 0.009759100
123 82 3 100 2964 0.009799282
5 2 3 100 8031 0.010076247
68 126 3 100 1796 0.010089006
86 5 3 100 6146 0.010124010
98 82 3 100 648 0.010337680
54 56 3 100 317 0.010411145
123 30 3 100 410 0.010414755
83 64 3 100 88059000 0.010544249
101 7 3 100 135 0.010577791
88 85 3 100 202 0.010912125
19 6 3 100 149 0.010967779
19 8 3 100 846 0.011103249
119 36 3 100 2406 0.011105003
117 38 3 100 137 0.011161099
101 73 3 100 780 0.011240026
67 119 3 100 581 0.011266446
91 126 3 100 73038345 0.011278095
0 15 3 100 9234 0.011303032
46 57 3 100 92542 0.011555581
60 118 3 100 661 0.011598270
28 73 3 100 322 0.011643467
85 3 3 100 112727 0.011653774
125 82 3 100 184 0.011680952
119 66 3 100 1636 0.011821589
86 4 3 100 219 0.011859646
78 10 3 100 100 0.012099684
37 1 3 100 1542127 0.012142657
44 12 3 100 516 0.012215117
31 108 3 100 155 0.012281403
20 44 3 100 7059 0.012612836
81 29 3 100 257 0.012697371
66 72 3 100 440 0.012728126
126 22 3 100 1794 0.012733315
26 114 3 100 304 0.012830294
22 15 3 100 837 0.012878645
6 29 3 100 673439 0.012910721
11 95 3 100 165 0.013053242
18 54 3 100 725991 0.013944668
95 112 3 100 371 0.013995014
32 102 3 100 353 0.014119374
59 106 3 100 466 0.014298629
92 19 3 100 818 0.014464717
47 92 3 100 279870 0.014524051
24 20 3 100 372 0.014540109
19 111 3 100 1342 0.014725733
58 94 3 100 78449 0.014868066
17 27 3 100 45904 0.014877263
28 19 3 100 371 0.014910833
77 123 3 100 3081 0.015116272
109 88 3 100 163 0.015153724
73 103 3 100 7562 0.015203626
35 74 3 100 847 0.015207421
62 69 3 100 683 0.015443323
79 38 3 100 53988 0.015444740
94 51 3 100 409 0.015488846
115 103 3 100 78579 0.015506570
83 31 3 100 2473 0.015653788
54 98 3 100 712 0.015657407
37 117 3 100 421992 0.015794735
30 41 3 100 431 0.015862259
103 22 3 100 974 0.015900289
32 122 3 100 1139 0.015978434
32 118 3 100 960 0.016029367
79 126 3 100 1434 0.016936942
123 67 3 100 209 0.017048499
110 69 3 100 230 0.017079637
72 22 3 100 227 0.017138321
46 49 3 100 612 0.017287182
13 66 3 100 367 0.017479001
111 77 3 100 1021 0.017674294
73 51 3 100 86819 0.017880510
54 42 3 100 2085 0.018183009
125 98 3 100 928 0.018566457
29 43 3 100 382 0.018631017
113 111 3 100 1080 0.018673687
46 23 3 100 253 0.018818252
1 127 3 100 880105 0.018880783
37 89 3 100 158061 0.018973160
10 36 3 100 1684 0.019085569
15 111 3 100 367 0.019253296
98 120 3 100 572 0.019269885
100 95 3 100 1660 0.019302901
0 28 3 100 308 0.019364041
106 102 3 100 1023 0.019365287
20 68 3 100 828 0.019441077
48 51 3 100 3453 0.019700624
4 96 3 100 1682 0.019757634
62 98 3 100 104 0.019802462
47 63 3 100 778 0.019821034
121 12 3 100 1118 0.019872728
96 28 3 100 1570 0.020217406
53 30 3 100 75285 0.020312592
105 74 3 100 163 0.020452228
71 32 3 100 571 0.020540946
73 62 3 100 1195 0.020600320
30 56 3 100 290 0.020749284
20 70 3 100 711 0.020883310
78 73 3 100 9750 0.021066430
61 101 3 100 812 0.021112653
30 8 3 100 310 0.021293024
53 67 3 100 353 0.021426946
49 21 3 100 340 0.022054144
120 91 3 100 1016 0.022295961
14 71 3 100 66181 0.022611049
17 42 3 100 2512 0.022736848
55 93 3 100 222 0.023602426
76 48 3 100 363 0.023664659
58 33 3 100 239 0.023952312
6 20 3 100 14139 0.023955375
111 40 3 100 441 0.024087613
42 78 3 100 1208 0.024455023
14 50 3 100 794 0.024729332
44 126 3 100 4274819 0.024737430
27 117 3 100 10541 0.024767424
85 124 3 100 1277 0.024787918
120 27 3 100 76589 0.024805720
33 36 3 100 495729 0.025044240
98 82 3 100 126 0.025181653
113 77 3 100 630393 0.025188782
98 30 3 100 1158 0.025234290
37 123 3 100 287 0.025330569
37 7 3 100 177 0.025432796
18 59 3 100 469 0.025539612
57 85 3 100 161 0.025628966
48 34 3 100 879 0.025785794
45 46 3 100 1243 0.025827275
110 98 3 100 91708 0.025844652
80 82 3 100 970 0.025904680
123 45 3 100 1553 0.026069376
89 56 3 100 883 0.026101614
124 62 3 100 190 0.026136786
65 37 3 100 1638505 0.026160710
14 82 3 100 380 0.026161055
11 120 3 100 394 0.026292225
30 1 3 100 114 0.026631409
35 56 3 100 150 0.026696748
55 81 3 100 901 0.026740782
9 15 3 100 68898 0.026832205
123 68 3 100 184 0.027114073
42 59 3 100 508 0.027258466
31 0 3 100 148 0.027261569
39 111 3 100 483 0.027332191
70 69 3 100 1014 0.027671744
18 49 3 100 1688 0.027748273
54 44 3 100 3340 0.027945229
33 30 3 100 1205427 0.028027935
53 10 3 100 1054 0.028041428
18 30 3 100 1609 0.028049866
78 105 3 100 8714 0.028134012
45 51 3 100 56344885 0.028160879
19 26 3 100 380 0.028231818
105 92 3 100 590 0.028250513
111 22 3 100 208 0.028262816
117 52 3 100 8034348 0.028333514
20 50 3 100 5397 0.028462593
88 30 3 100 371 0.028521366
125 90 3 100 255 0.028653934
114 37 3 100 7591 0.028666196
98 51 3 100 887 0.028722237
15 124 3 100 1121 0.029018305
61 99 3 100 3423 0.029177532
20 116 3 100 5220 0.029252168
11 65 3 100 1536 0.029255651
42 37 3 100 8893 0.029392990
123 86 3 100 149 0.029566455
93 71 3 100 284 0.029720327
46 43 3 100 705 0.029764662
103 122 3 100 1549 0.029793161
49 58 3 100 1016 0.029843861
92 28 3 100 95715 0.030061303
14 70 3 100 919 0.030167667
21 24 3 100 425 0.030213560
115 90 3 100 203 0.030422354
115 86 3 100 479 0.030633148
39 72 3 100 1912 0.031052187
86 22 3 100 9338 0.031359285
44 74 3 100 5112816 0.031369742
58 83 3 100 132 0.031648172
98 65 3 100 112 0.031653534
21 19 3 100 613 0.031863602
127 33 3 100 357735 0.032005080
72 23 3 100 949 0.032198151
81 11 3 100 84225 0.032281327
102 73 3 100 95827 0.032482404
80 47 3 100 595 0.032824212
23 7 3 100 2557 0.033008496
41 119 3 100 58430272 0.033027205
73 29 3 100 5017 0.033058496
18 26 3 100 278 0.033088306
77 45 3 100 712 0.033189323
49 52 3 100 608 0.033288724
103 72 3 100 144 0.033331975
82 79 3 100 8205912 0.033554145
61 85 3 100 580717702 0.033578392
123 74 3 100 184 0.033613415
92 96 3 100 498 0.033702764
46 103 3 100 879 0.034354930
15 52 3 100 1319563 0.035180054
35 67 3 100 8388 0.035239993
49 2 3 100 5118975 0.035298058
101 46 3 100 286 0.035349920
79 53 3 100 19480730 0.035827340
31 82 3 100 6492 0.036052856
42 57 3 100 831 0.036202751
24 23 3 100 210 0.036253786
14 10 3 100 678 0.036405958
116 30 3 100 668 0.036634593
117 127 3 100 1359496 0.036693195
92 71 3 100 88190 0.036791197
74 101 3 100 1744 0.036895633
72 46 3 100 345 0.036965972
58 120 3 100 216 0.037063809
77 87 3 100 1648 0.037117174
17 9 3 100 241 0.037162458
21 12 3 100 3183 0.037395908
61 101 3 100 245 0.037617415
61 123 3 100 6953453 0.037669904
27 41 3 100 6770 0.037826314
115 83 3 100 1964 0.038070519
123 127 3 100 999 0.038234246
124 36 3 100 7294 0.038741812
40 4 3 100 692 0.038971549
39 63 3 100 150 0.039189639
39 106 3 100 850587105 0.039359035
92 124 3 100 395 0.040531123
98 50 3 100 716 0.040607916
24 76 3 100 470 0.040918328
112 80 3 100 1062 0.041087817
29 66 3 100 1008 0.041103506
76 22 3 100 197 0.041162799
29 2 3 100 789 0.041453153
27 68 3 100 6268 0.041850477
18 6 3 100 249454 0.042001881
80 98 3 100 1016 0.042301089
61 4 3 100 113472 0.042474918
53 54 3 100 58958 0.043924087
76 125 3 100 1575 0.044166693
8 6 3 100 365 0.044407946
21 121 3 100 559 0.044737006
49 13 3 100 169 0.045031585
13 49 3 100 1087 0.045627544
58 14 3 100 2948 0.045653548
0 25 3 100 9581 0.046120165
103 96 3 100 1279 0.046689423
80 69 3 100 6489 0.047446689
101 24 3 100 692 0.048455423
9 4 3 100 464 0.048987313
14 83 3 100 1405547 0.049309253
