1170 
38 20 3 100 1014 0.000001747
36 116 3 100 277 0.000044141
106 49 3 100 848 0.000085024
71 8 3 100 671 0.000087100
126 23 3 100 1164610 0.000236877
57 2 3 100 8002 0.000236977
53 64 3 100 539 0.000376502
39 69 3 100 1167 0.000384688
103 17 3 100 137 0.000403827
111 5 3 100 505 0.000426420
3 112 3 100 1345 0.000451576
39 112 3 100 3122 0.000541928
15 125 3 100 109 0.000601360
77 115 3 100 192 0.000719909
29 91 3 100 1094982 0.000786077
31 120 3 100 177 0.000849644
80 117 3 100 790 0.000966512
120 16 3 100 213293612 0.000981142
125 118 3 100 743 0.000989754
24 56 3 100 132 0.001004798
121 19 3 100 1079 0.001097459
62 35 3 100 1575 0.001126815
94 67 3 100 753 0.001165965
81 99 3 100 424 0.001264148
2 113 3 100 1230879 0.001286382
126 73 3 100 740 0.001433159
119 46 3 100 7890 0.001455456
20 9 3 100 1100 0.001519308
59 106 3 100 540 0.001531406
123 56 3 100 1525 0.001598541
109 87 3 100 8032 0.001690204
48 119 3 100 291 0.001755937
67 53 3 100 797 0.001778608
29 93 3 100 1642 0.001948121
49 113 3 100 4556 0.002125934
81 63 3 100 561 0.002233500
48 33 3 100 1562 0.002237060
115 22 3 100 9318 0.002308845
24 76 3 100 1050 0.002455134
82 110 3 100 734477 0.002665713
15 1 3 100 976 0.002681976
90 113 3 100 657 0.002699926
49 23 3 100 484 0.002747193
82 4 3 100 1800 0.002771774
32 83 3 100 1081717 0.002961182
9 31 3 100 9821 0.003016254
47 101 3 100 430 0.003176645
48 6 3 100 1080 0.003246133
101 61 3 100 154 0.003341316
40 70 3 100 9569 0.003426505
79 72 3 100 1176 0.003448734
120 67 3 100 1067 0.003470679
113 9 3 100 312 0.003567361
95 45 3 100 488 0.003577819
91 100 3 100 105 0.003690064
107 122 3 100 1258 0.004035546
72 65 3 100 496 0.004049758
5 35 3 100 225 0.004106299
13 104 3 100 270 0.004141469
53 4 3 100 7182 0.004172250
44 76 3 100 81521 0.004232887
102 87 3 100 500 0.004239916
21 72 3 100 936 0.004428754
88 52 3 100 414540 0.004505812
95 41 3 100 792 0.004575191
56 4 3 100 884 0.004577412
32 124 3 100 1055 0.005001436
96 23 3 100 14715816 0.005005481
104 91 3 100 4443 0.005012028
76 42 3 100 982 0.005043263
0 59 3 100 305 0.005110554
60 65 3 100 876 0.005427322
70 10 3 100 695 0.005450776
50 2 3 100 27540718 0.005454233
61 8 3 100 471 0.005559602
39 120 3 100 940 0.005654465
122 87 3 100 8359 0.005661168
105 6 3 100 500 0.005799590
38 45 3 100 1033 0.005799767
111 87 3 100 1130 0.006224196
51 80 3 100 1042 0.006371450
46 88 3 100 388 0.006554242
88 14 3 100 343 0.006670030
66 56 3 100 414 0.006676634
98 36 3 100 273 0.006708302
98 75 3 100 922 0.006787443
122 80 3 100 962 0.007213154
26 99 3 100 1634 0.007263688
2 115 3 100 128 0.007304562
28 111 3 100 1841 0.007325012
109 88 3 100 16315 0.007401493
34 51 3 100 526 0.007450497
48 113 3 100 164 0.007465185
122 42 3 100 463 0.007653141
115 36 3 100 72335 0.007930480
6 74 3 100 328 0.007977088
48 77 3 100 226798 0.007979806
102 59 3 100 1566 0.008074111
27 73 3 100 905 0.008103323
46 49 3 100 1800 0.008148360
117 31 3 100 758 0.008207918
44 108 3 100 1951 0.008295287
107 42 3 100 218 0.008339386
77 8 3 100 935 0.008402858
70 117 3 100 205 0.008405440
97 36 3 100 1481 0.008482316
3 98 3 100 152 0.008529959
93 112 3 100 52002 0.008655716
111 109 3 100 2800 0.008658972
37 29 3 100 2826 0.008752370
113 52 3 100 351 0.008806241
61 0 3 100 340 0.009024817
35 7 3 100 352 0.009060417
5 94 3 100 269 0.009106216
9 36 3 100 2748 0.009123871
90 75 3 100 148 0.009140834
28 27 3 100 519 0.009188587
92 37 3 100 475 0.009195110
125 48 3 100 331 0.009257191
93 108 3 100 1541183 0.009276264
49 114 3 100 2246 0.009281225
100 46 3 100 268 0.009294846
26 32 3 100 7495285 0.009387033
0 37 3 100 1198 0.009397234
102 55 3 100 1029 0.009571934
75 86 3 100 961 0.009572128
55 12 3 100 647 0.009578798
112 10 3 100 647 0.009586232
38 50 3 100 936 0.009677267
107 39 3 100 681 0.009772451
21 86 3 100 1367145 0.009779988
19 30 3 100 613 0.009867535
111 5 3 100 72366 0.009989665
88 81 3 100 107 0.010090919
97 33 3 100 2719 0.010178000
87 122 3 100 118 0.010238343
32 2 3 100 2011273 0.010246167
2 71 3 100 216384 0.010301404
57 35 3 100 140 0.010371296
115 102 3 100 467 0.010436547
30 23 3 100 2247 0.010444512
25 33 3 100 88143049 0.010487791
37 63 3 100 2025 0.010693007
1 91 3 100 402 0.010813637
20 115 3 100 1011 0.010818362
82 61 3 100 204 0.010851881
110 108 3 100 3517854 0.010894098
50 13 3 100 79060 0.010898417
49 22 3 100 84884 0.010917371
82 112 3 100 420 0.010963906
120 124 3 100 394 0.010969303
110 66 3 100 1064 0.011118557
57 108 3 100 654 0.011355102
29 47 3 100 101 0.011452227
52 16 3 100 1036 0.011648768
30 8 3 100 72362 0.011693839
90 4 3 100 1725715 0.011953345
17 18 3 100 2335 0.011958241
68 24 3 100 443 0.011990701
25 67 3 100 381 0.012083218
53 89 3 100 6426 0.012099514
50 69 3 100 9970452 0.012154861
124 100 3 100 1037 0.012261145
37 125 3 100 481 0.012277064
1 32 3 100 3378 0.012360978
106 24 3 100 567 0.012497505
75 102 3 100 7698 0.012583795
48 1 3 100 7684 0.012627968
50 87 3 100 7287 0.012628399
95 116 3 100 2627 0.012629789
57 5 3 100 2249 0.012740796
65 45 3 100 128 0.012763054
29 36 3 100 238 0.012942169
50 103 3 100 21599 0.013043533
115 79 3 100 73904464 0.013437082
8 71 3 100 748 0.013569407
76 42 3 100 4308 0.013580962
9 70 3 100 469 0.013627564
121 103 3 100 1622 0.013699011
17 51 3 100 444 0.013799998
77 81 3 100 523 0.013819703
118 43 3 100 212 0.013849974
83 5 3 100 866 0.013898454
67 32 3 100 7837 0.014081387
66 37 3 100 534 0.014178286
117 74 3 100 2874 0.014516953
26 37 3 100 179 0.014542008
77 113 3 100 145 0.014649602
4 122 3 100 258 0.014769457
127 99 3 100 65505 0.014794769
114 85 3 100 1203 0.014813331
122 88 3 100 349 0.014819931
124 117 3 100 169 0.014840080
9 40 3 100 47250466 0.014879583
36 106 3 100 1678 0.014908102
83 127 3 100 108 0.015050947
75 41 3 100 1859754 0.015077786
21 86 3 100 1806 0.015206690
32 9 3 100 301 0.015209410
100 21 3 100 17652 0.015297597
21 83 3 100 538 0.015454127
75 125 3 100 177 0.015455003
29 114 3 100 759 0.015497519
76 95 3 100 1632754 0.015509834
118 107 3 100 255 0.015538497
30 122 3 100 47178 0.015583132
21 40 3 100 500 0.015621003
49 23 3 100 144 0.015910299
55 126 3 100 137699 0.015922639
127 105 3 100 1410 0.015928465
29 18 3 100 716 0.015996449
17 91 3 100 4499 0.016058880
91 6 3 100 8322 0.016069720
125 103 3 100 3040 0.016160561
87 91 3 100 470 0.016346138
56 91 3 100 1203423 0.016416111
44 77 3 100 366 0.016519014
115 58 3 100 900 0.016588681
38 16 3 100 2908 0.016806096
103 62 3 100 6448 0.016910547
97 76 3 100 373 0.016917685
121 35 3 100 437 0.017057530
102 81 3 100 177 0.017158242
74 24 3 100 3411 0.017182666
35 21 3 100 645 0.017262107
53 45 3 100 8007 0.017386675
117 85 3 100 902648 0.017447952
118 30 3 100 189 0.017496733
32 108 3 100 76689530 0.017538052
98 109 3 100 798 0.017548339
85 79 3 100 212189 0.017631999
51 58 3 100 148 0.017652397
5 54 3 100 189 0.017764320
111 123 3 100 7108 0.018122615
124 1 3 100 758 0.018202078
101 13 3 100 855 0.018345229
52 108 3 100 801 0.018409330
29 24 3 100 300 0.018486386
120 121 3 100 310 0.018569463
60 108 3 100 154670 0.018630575
116 22 3 100 544 0.018785850
95 88 3 100 9673 0.018935861
49 62 3 100 1289 0.018961763
108 18 3 100 37359 0.018966883
76 62 3 100 1472 0.018987412
56 84 3 100 861 0.019032531
34 52 3 100 469 0.019282860
87 57 3 100 1329548 0.019284714
70 60 3 100 2890069 0.019409765
45 125 3 100 34330 0.019442298
92 75 3 100 358 0.019539203
82 89 3 100 164 0.019943535
86 117 3 100 347 0.019949326
28 114 3 100 1259 0.020074617
73 67 3 100 2619 0.020104891
43 58 3 100 405 0.020238165
75 113 3 100 827 0.020298333
76 42 3 100 256 0.020353965
124 49 3 100 991 0.020354649
64 86 3 100 2369 0.020546885
9 102 3 100 168 0.020573617
40 107 3 100 1247 0.020573848
85 70 3 100 1745 0.020630720
54 120 3 100 1000 0.020669145
55 75 3 100 690 0.020743901
39 22 3 100 789 0.020811081
76 13 3 100 2889 0.020842493
96 33 3 100 396 0.020884029
27 21 3 100 746 0.020954022
111 60 3 100 1670 0.020956144
15 21 3 100 213 0.020995500
77 5 3 100 1778 0.021154666
28 30 3 100 1036 0.021211623
50 44 3 100 143 0.021214967
42 50 3 100 512 0.021232799
65 71 3 100 1072 0.021241187
84 2 3 100 651 0.021271208
77 120 3 100 104 0.021370538
84 20 3 100 1316 0.021615782
113 2 3 100 245857 0.021656467
26 23 3 100 7802 0.021665876
45 46 3 100 1656 0.021702529
65 9 3 100 747 0.021737696
79 114 3 100 1735 0.021840788
73 119 3 100 964 0.021866493
106 82 3 100 2966 0.021891118
63 56 3 100 6476 0.021943239
20 12 3 100 100 0.022072831
40 13 3 100 90156772 0.022094209
126 13 3 100 308640 0.022192315
103 89 3 100 191 0.022213329
124 113 3 100 653 0.022214421
105 31 3 100 960 0.022257590
119 30 3 100 371 0.022516157
30 117 3 100 186 0.022584152
122 22 3 100 954 0.022671756
122 91 3 100 480 0.022810374
21 98 3 100 77112 0.022846334
72 114 3 100 189 0.022898074
26 16 3 100 1525 0.022958901
53 112 3 100 177 0.023036370
55 37 3 100 177 0.023056113
36 26 3 100 6412 0.023129705
51 65 3 100 322 0.023143922
79 120 3 100 2130 0.023272060
79 62 3 100 166 0.023291606
89 71 3 100 463 0.023393158
30 2 3 100 45244 0.023400652
12 16 3 100 175 0.023500248
23 127 3 100 42549 0.023552419
16 37 3 100 363 0.023695322
47 59 3 100 308793 0.023735579
99 105 3 100 166 0.023761428
57 125 3 100 1081 0.023785262
11 93 3 100 443 0.024099549
30 8 3 100 183 0.024146439
102 86 3 100 576 0.024310363
67 12 3 100 4374 0.024377353
61 97 3 100 156 0.024422337
112 15 3 100 514265 0.024453128
116 117 3 100 76469 0.024454685
126 64 3 100 1651 0.024517201
61 104 3 100 739 0.024522899
13 89 3 100 461 0.024534632
42 38 3 100 8824 0.024613878
88 3 3 100 102 0.024642661
69 80 3 100 9224 0.024713347
14 4 3 100 594 0.024777793
22 23 3 100 1631 0.024779506
56 84 3 100 172 0.024832327
127 82 3 100 1864 0.024869384
103 27 3 100 51361 0.025035366
91 117 3 100 315 0.025109690
46 124 3 100 390 0.025153960
35 10 3 100 1644 0.025194536
125 59 3 100 995 0.025270750
102 52 3 100 547 0.025440539
29 23 3 100 973 0.025463955
93 73 3 100 1823 0.025491890
21 50 3 100 342 0.025786612
125 8 3 100 563 0.025848022
40 88 3 100 958 0.025910134
67 23 3 100 776 0.026018152
20 103 3 100 4414 0.026251766
87 116 3 100 485 0.026379637
122 18 3 100 175 0.026414528
9 56 3 100 56601 0.026420511
4 78 3 100 6209 0.026506218
103 36 3 100 155 0.026606190
55 106 3 100 613 0.026667224
60 124 3 100 130 0.026849568
63 67 3 100 1678 0.026912015
83 108 3 100 106 0.027045421
100 116 3 100 102 0.027287153
1 10 3 100 163 0.027316639
83 25 3 100 50938 0.027403243
39 102 3 100 147 0.027563194
91 125 3 100 379 0.027681617
2 21 3 100 283 0.027695236
53 77 3 100 30158571 0.027696000
68 77 3 100 263 0.027727677
10 72 3 100 5721 0.027779270
55 96 3 100 7534 0.027828730
65 93 3 100 252 0.027838553
73 43 3 100 1774 0.028106155
20 59 3 100 831 0.028314103
71 54 3 100 212 0.028389412
12 109 3 100 5489 0.028426926
72 27 3 100 188 0.028470022
60 36 3 100 1474 0.028482026
55 92 3 100 335205 0.028539186
4 47 3 100 216 0.028569992
20 94 3 100 322 0.028576887
52 42 3 100 889 0.028589809
78 77 3 100 155 0.028595311
50 34 3 100 36493 0.028623638
12 103 3 100 52894 0.028670548
78 56 3 100 164 0.028706823
72 96 3 100 733 0.028775787
98 97 3 100 316 0.028845056
124 103 3 100 433 0.028850105
52 101 3 100 297810 0.028921415
116 73 3 100 274 0.028994098
124 42 3 100 100 0.029135441
102 38 3 100 643 0.029402292
37 28 3 100 2179 0.029429310
55 23 3 100 1095232 0.029456225
58 19 3 100 8015 0.029464064
98 22 3 100 229 0.029519634
68 90 3 100 968 0.029629811
55 48 3 100 156 0.029805922
122 47 3 100 182 0.029948661
39 76 3 100 54484 0.029974300
90 69 3 100 167 0.030053259
80 41 3 100 39415 0.030200292
113 23 3 100 220 0.030251778
68 5 3 100 409 0.030430292
92 69 3 100 1590718 0.030556331
96 78 3 100 2468 0.030557039
24 73 3 100 174 0.030575147
126 64 3 100 5041 0.030655035
125 79 3 100 171 0.030805717
56 9 3 100 4145 0.030963147
52 112 3 100 232 0.031200152
30 101 3 100 354 0.031232746
80 119 3 100 560 0.031329696
124 10 3 100 106 0.031481975
95 108 3 100 1027868 0.031535870
86 64 3 100 6382 0.031625541
42 64 3 100 1027 0.031642655
76 52 3 100 597 0.031703495
107 43 3 100 423 0.031722746
112 9 3 100 1838 0.031727509
32 102 3 100 4847 0.031772253
87 68 3 100 2155875 0.032033398
70 96 3 100 383 0.032067619
100 85 3 100 283 0.032157928
120 71 3 100 171 0.032184895
84 117 3 100 59108 0.032263310
14 16 3 100 39787 0.032336838
102 84 3 100 929 0.032513805
87 118 3 100 9599446 0.032547681
96 89 3 100 1069 0.032622025
118 101 3 100 950 0.032850334
4 84 3 100 229 0.033019897
87 22 3 100 1783229 0.033061023
70 116 3 100 109 0.033232525
81 104 3 100 911 0.033373348
102 45 3 100 2610 0.033378192
101 2 3 100 257 0.033484164
4 106 3 100 314 0.033485502
121 35 3 100 900 0.033514215
83 95 3 100 894 0.033570390
124 47 3 100 393 0.033626162
83 15 3 100 1161 0.033668796
48 6 3 100 491 0.033998619
28 43 3 100 386 0.034008643
59 28 3 100 3598 0.034023135
1 27 3 100 1060 0.034025592
8 38 3 100 6305 0.034083051
120 121 3 100 329 0.034149761
105 114 3 100 656 0.034252851
58 37 3 100 95740 0.034399656
54 88 3 100 201 0.034475603
44 46 3 100 623 0.034556672
51 113 3 100 166 0.034557808
101 58 3 100 219 0.034612180
126 96 3 100 1370 0.034693626
76 105 3 100 273 0.034778939
45 28 3 100 526 0.034826427
20 59 3 100 941 0.034863795
13 101 3 100 253 0.034959279
8 25 3 100 78749228 0.035023240
66 127 3 100 178022 0.035144112
88 15 3 100 221 0.035182164
46 101 3 100 43464161 0.035216296
99 7 3 100 661 0.035274667
1 81 3 100 1292 0.035338476
39 1 3 100 1703 0.035373584
35 39 3 100 36995 0.035392281
0 29 3 100 2794 0.035413404
22 58 3 100 527 0.035534353
86 37 3 100 194 0.035593393
38 79 3 100 289566 0.035663878
113 20 3 100 1323 0.035717467
116 77 3 100 151 0.035909637
72 20 3 100 7472 0.035935382
115 15 3 100 270 0.036178552
122 106 3 100 1031 0.036194261
57 6 3 100 624157659 0.036269499
43 87 3 100 477 0.036384375
94 66 3 100 135 0.036394457
58 1 3 100 188 0.036554213
67 102 3 100 4680 0.036691501
126 5 3 100 365384 0.036794177
4 100 3 100 3358 0.036812948
39 99 3 100 532 0.036871822
38 46 3 100 106 0.036937974
109 116 3 100 750917 0.036988739
88 77 3 100 172 0.037103323
31 105 3 100 403 0.037201514
34 60 3 100 269 0.037262653
28 85 3 100 1016 0.037268186
122 64 3 100 593 0.037308435
108 25 3 100 319 0.037329517
21 93 3 100 1383 0.037411094
79 45 3 100 2179 0.037421503
112 77 3 100 1334 0.037514293
55 72 3 100 1678 0.037562546
80 82 3 100 922 0.037575187
96 86 3 100 242 0.037631014
71 14 3 100 6335 0.037671439
7 127 3 100 1000 0.037793614
120 62 3 100 376 0.037942546
78 9 3 100 295 0.037962197
94 92 3 100 660177 0.038263253
68 90 3 100 137 0.038302862
7 118 3 100 850 0.038452037
33 72 3 100 1070581 0.038521891
24 49 3 100 548 0.038545204
32 18 3 100 254 0.038570103
124 94 3 100 566 0.038663334
81 69 3 100 937 0.038805604
64 12 3 100 944 0.038808222
48 100 3 100 323 0.038910702
60 61 3 100 1764496 0.038981403
87 8 3 100 1382 0.039156281
99 98 3 100 151 0.039159401
51 15 3 100 507 0.039275873
19 122 3 100 4985 0.039305971
95 63 3 100 161 0.039406178
40 73 3 100 310 0.039408541
118 46 3 100 3963 0.039592807
47 88 3 100 372 0.039782791
9 43 3 100 9027 0.039815628
47 102 3 100 1146 0.039848376
83 13 3 100 29977 0.039854974
127 22 3 100 2624 0.039879410
12 103 3 100 6344502 0.039937792
91 72 3 100 64673 0.039944000
6 86 3 100 825 0.040016929
59 1 3 100 2543 0.040083603
78 67 3 100 1678 0.040091415
27 24 3 100 1093 0.040177910
100 9 3 100 16058 0.040213027
40 77 3 100 543 0.040384354
90 98 3 100 1060 0.040435395
85 24 3 100 1336416 0.040450109
7 71 3 100 662 0.040490311
72 11 3 100 9551878 0.040518910
17 70 3 100 462 0.040541312
6 56 3 100 140 0.040547178
121 10 3 100 265 0.040652455
108 105 3 100 9902242 0.040671935
74 54 3 100 962 0.040679233
71 13 3 100 450 0.040684170
28 4 3 100 289 0.040687343
29 69 3 100 411 0.040692109
90 4 3 100 4428 0.040740084
1 51 3 100 475 0.040756559
19 7 3 100 23326 0.040826071
25 32 3 100 1332 0.040877225
71 86 3 100 384 0.040945494
87 100 3 100 2233 0.040950274
108 32 3 100 4030 0.041021247
78 61 3 100 688 0.041405540
61 79 3 100 242 0.041550640
107 117 3 100 2169 0.041582241
69 12 3 100 3214 0.041583101
56 32 3 100 725 0.041600437
64 79 3 100 269 0.041828983
116 0 3 100 85106833 0.041839800
3 30 3 100 523707 0.041875406
65 114 3 100 264733 0.041935644
9 79 3 100 1380 0.042005977
105 75 3 100 495340664 0.042054207
98 110 3 100 878 0.042122198
21 80 3 100 6677 0.042274565
19 37 3 100 396 0.042292466
7 90 3 100 1039259 0.042316702
105 43 3 100 2343 0.042432667
78 108 3 100 544 0.042578390
58 64 3 100 155735 0.042599719
105 83 3 100 899014606 0.042694087
38 6 3 100 452 0.042961063
21 36 3 100 479 0.043037040
94 32 3 100 312 0.043249098
39 11 3 100 684260 0.043337551
6 102 3 100 241 0.043348826
48 112 3 100 716 0.043492514
59 14 3 100 515 0.043522971
79 109 3 100 3830 0.043598583
72 83 3 100 886 0.043608010
60 96 3 100 382 0.043860113
38 51 3 100 231 0.043892659
15 42 3 100 304192 0.043900503
24 28 3 100 824 0.043956425
81 104 3 100 83911 0.044081932
11 17 3 100 53546371 0.044172329
10 119 3 100 19181 0.044275291
67 42 3 100 6996 0.044542494
28 31 3 100 518 0.044548198
57 114 3 100 639 0.044567342
100 69 3 100 120 0.044572544
34 103 3 100 79957 0.044709268
37 117 3 100 158 0.044743819
102 54 3 100 1084 0.044852448
41 127 3 100 990 0.044896553
108 1 3 100 1593500 0.044921019
36 15 3 100 5760 0.045129498
13 5 3 100 2776 0.045518419
126 45 3 100 21314 0.045560327
50 81 3 100 479 0.045735437
25 124 3 100 489 0.045769280
28 40 3 100 1319767 0.045824004
16 75 3 100 254 0.045831151
103 3 3 100 1640 0.045839085
47 28 3 100 111 0.045853688
7 32 3 100 252 0.045963652
22 50 3 100 126 0.045972376
114 74 3 100 107 0.045987314
126 14 3 100 5271 0.046070915
1 80 3 100 3075 0.046130690
45 89 3 100 194847010 0.046145742
23 21 3 100 901 0.046158834
79 109 3 100 3507 0.046487766
127 111 3 100 1055 0.046684345
3 57 3 100 142 0.046706184
100 52 3 100 112 0.046851010
101 69 3 100 136 0.046865199
39 71 3 100 15503 0.046887006
59 92 3 100 531 0.047065505
42 96 3 100 917 0.047079864
25 14 3 100 202 0.047290480
30 79 3 100 256810 0.047386706
119 12 3 100 464 0.047412114
25 32 3 100 757 0.047527346
43 60 3 100 133 0.047596938
46 70 3 100 2097 0.047717055
66 60 3 100 697 0.047744387
72 32 3 100 211 0.047766632
57 24 3 100 77075 0.047774660
74 109 3 100 222 0.047809451
117 50 3 100 524 0.047892493
82 104 3 100 1586 0.047938283
58 3 3 100 4997 0.047975050
10 109 3 100 535 0.048034888
49 3 3 100 117493872 0.048084210
42 86 3 100 6734 0.048127930
36 15 3 100 136 0.048183306
60 10 3 100 427 0.048237901
23 108 3 100 231 0.048422258
127 17 3 100 22593 0.048457159
84 75 3 100 628 0.048459785
91 34 3 100 208922053 0.048461890
62 13 3 100 157 0.048467077
33 59 3 100 732 0.048491729
11 4 3 100 8352 0.048767694
106 113 3 100 1790 0.048784585
95 75 3 100 1584 0.048792727
124 125 3 100 1394 0.048979684
75 39 3 100 164122 0.049024074
111 28 3 100 1157 0.049081851
14 114 3 100 177 0.049108814
52 92 3 100 203 0.049204733
52 104 3 100 563 0.049226450
71 49 3 100 214 0.049279673
73 20 3 100 917 0.049312297
102 103 3 100 1254717 0.049346317
65 3 3 100 612 0.049530074
38 35 3 100 99467 0.049551858
127 77 3 100 1644 0.049574576
60 127 3 100 331 0.049607909
60 79 3 100 49287 0.049744485
16 96 3 100 816 0.049752345
108 116 3 100 3657149 0.049781752
59 25 3 100 120 0.049959712
9 64 3 100 4391 0.050061193
120 38 3 100 813945 0.050117039
9 97 3 100 55381 0.050143296
96 102 3 100 457 0.050152238
93 67 3 100 368 0.050320338
82 71 3 100 2491 0.050321735
2 113 3 100 1761 0.050521283
43 48 3 100 157 0.050542110
119 121 3 100 1229 0.050545407
84 89 3 100 1157 0.050573458
71 56 3 100 496 0.050685010
3 115 3 100 573 0.050887400
39 61 3 100 382 0.050950058
84 74 3 100 10932079 0.050961571
77 28 3 100 6992 0.050973928
20 11 3 100 8008 0.051029772
30 43 3 100 126 0.051065550
29 81 3 100 1627 0.051106929
113 68 3 100 144 0.051138007
40 97 3 100 600 0.051268072
83 59 3 100 97088 0.051313424
116 118 3 100 980 0.051352699
14 119 3 100 6436 0.051373174
1 28 3 100 615 0.051448569
39 103 3 100 206 0.051715665
65 64 3 100 411 0.051731065
97 55 3 100 399 0.051750996
27 39 3 100 944 0.051927737
106 85 3 100 380 0.052074157
97 11 3 100 2311 0.052236155
83 74 3 100 1503 0.052257691
72 124 3 100 1073 0.052272616
62 106 3 100 1248 0.052292325
2 91 3 100 136 0.052366533
52 97 3 100 775 0.052373309
13 97 3 100 2357 0.052381486
102 24 3 100 1421662 0.052394634
23 46 3 100 38375 0.052697781
39 65 3 100 2111 0.052787958
0 71 3 100 6923 0.052879746
89 95 3 100 448 0.052911767
24 113 3 100 296 0.052918917
55 33 3 100 529 0.052977841
28 127 3 100 768 0.053058960
97 49 3 100 575714 0.053078222
23 13 3 100 300 0.053085301
89 50 3 100 649 0.053249142
120 57 3 100 382 0.053263845
72 114 3 100 161 0.053267596
110 20 3 100 991 0.053292168
82 115 3 100 228 0.053324425
94 10 3 100 446 0.053372579
5 3 3 100 9248 0.053390927
57 119 3 100 1779 0.053446323
57 108 3 100 656 0.053481583
98 122 3 100 343309 0.053512185
34 117 3 100 9810 0.053577762
76 31 3 100 263 0.053598202
96 84 3 100 1143 0.053672882
81 109 3 100 8203 0.053864536
13 89 3 100 22403857 0.053938546
25 89 3 100 414 0.053946836
15 36 3 100 294 0.054070939
99 118 3 100 116 0.054090964
51 99 3 100 554695 0.054194516
71 104 3 100 9443 0.054242479
59 32 3 100 325 0.054276356
35 85 3 100 105463 0.054286973
5 56 3 100 5787 0.054296852
108 68 3 100 1044 0.054305598
51 30 3 100 786 0.054406258
93 31 3 100 613 0.054424416
92 79 3 100 585 0.054464852
89 58 3 100 486 0.054493907
44 11 3 100 6641 0.054533879
114 107 3 100 181 0.054570580
92 117 3 100 737 0.054623414
70 112 3 100 160 0.054646708
113 93 3 100 267 0.054831028
124 80 3 100 2446 0.054861782
103 5 3 100 392 0.055045166
116 113 3 100 345 0.055107350
55 58 3 100 1445 0.055119326
14 125 3 100 932 0.055130823
119 121 3 100 7859 0.055213157
42 123 3 100 8744 0.055302734
109 70 3 100 767 0.055303952
79 27 3 100 9804 0.055454195
19 40 3 100 400 0.055465977
80 40 3 100 401 0.055654359
23 109 3 100 986 0.055732682
10 17 3 100 6220454 0.055767138
116 32 3 100 148 0.055943146
24 13 3 100 3157 0.056006168
40 17 3 100 622 0.056030236
114 104 3 100 1311 0.056072007
90 39 3 100 843 0.056200626
44 109 3 100 215 0.056201198
105 124 3 100 51069 0.056253330
95 125 3 100 446 0.056264438
8 53 3 100 568 0.056306568
44 37 3 100 848 0.056326957
107 70 3 100 5875 0.056343242
123 49 3 100 1087 0.056484043
27 101 3 100 1372 0.056494569
124 123 3 100 2104 0.056553977
72 79 3 100 10601 0.056594687
104 91 3 100 862 0.056607358
25 43 3 100 1110 0.056619152
70 2 3 100 136 0.056682804
76 105 3 100 289 0.056689418
43 75 3 100 9735 0.056789314
75 95 3 100 1502217 0.056841381
17 116 3 100 1081 0.056858961
91 5 3 100 609 0.056976845
96 11 3 100 750 0.057110036
43 56 3 100 95184 0.057133597
76 125 3 100 618 0.057231649
42 6 3 100 882 0.057505163
96 20 3 100 85922282 0.057517270
91 41 3 100 386 0.057598147
68 71 3 100 4600 0.057822805
72 127 3 100 166452 0.057888378
2 40 3 100 432 0.057901130
126 18 3 100 819 0.058132341
3 117 3 100 1386 0.058330897
111 2 3 100 318 0.058380265
117 71 3 100 8442 0.058465904
26 97 3 100 161 0.058496465
112 69 3 100 1498 0.058543686
25 104 3 100 165 0.058559356
76 30 3 100 493 0.058587489
17 93 3 100 90491 0.058701188
19 119 3 100 2563 0.058789684
41 74 3 100 666 0.058816063
21 10 3 100 463 0.058954393
97 20 3 100 330 0.059025923
105 61 3 100 806 0.059026637
90 123 3 100 153172 0.059133491
57 10 3 100 16566 0.059156627
48 8 3 100 699 0.059174130
11 17 3 100 403552 0.059194462
20 54 3 100 217 0.059224948
54 24 3 100 1365 0.059360997
54 123 3 100 675 0.059449090
13 126 3 100 60549 0.059561428
22 103 3 100 1554558 0.059564310
120 114 3 100 251 0.059576150
90 85 3 100 2900 0.059579946
75 92 3 100 1630 0.059586117
64 15 3 100 184 0.059613111
90 112 3 100 9777 0.059744902
102 1 3 100 173 0.059844670
111 39 3 100 1082503 0.060024114
63 4 3 100 73862 0.060085406
52 63 3 100 1330 0.060098886
27 48 3 100 239 0.060164292
38 41 3 100 3136 0.060243924
95 94 3 100 199 0.060248562
108 95 3 100 2012 0.060348925
78 73 3 100 848 0.061073814
124 41 3 100 353 0.061276558
89 104 3 100 344 0.061288319
37 17 3 100 5348 0.061293084
67 102 3 100 19499772 0.061334977
1 77 3 100 780 0.061343951
4 82 3 100 5224 0.061373784
106 93 3 100 826 0.061417937
70 1 3 100 132 0.061683617
34 65 3 100 4930425 0.061777433
99 77 3 100 572 0.061788414
77 84 3 100 788 0.061860343
99 93 3 100 18793704 0.061862116
89 85 3 100 1793 0.061888508
74 5 3 100 7155 0.061893178
14 2 3 100 765 0.061970809
126 14 3 100 489 0.061993541
90 58 3 100 5998 0.062020329
117 80 3 100 484 0.062074140
18 38 3 100 534 0.062131346
7 12 3 100 475 0.062156407
36 7 3 100 536 0.062188720
77 23 3 100 2326000 0.062451894
70 78 3 100 378 0.062736876
109 25 3 100 121 0.062753818
37 86 3 100 4190 0.062794911
59 98 3 100 743 0.062890241
46 69 3 100 62229 0.063147186
71 27 3 100 493 0.063210860
113 80 3 100 138 0.063251572
31 54 3 100 289 0.063308947
21 70 3 100 1202 0.063906540
7 93 3 100 5950 0.064065082
19 109 3 100 9101 0.064161639
127 53 3 100 176 0.064183048
52 17 3 100 65220 0.064193583
103 57 3 100 203 0.064257012
46 112 3 100 20779 0.064371552
2 80 3 100 177 0.064443778
1 40 3 100 314 0.064539674
60 35 3 100 72602 0.064587830
102 19 3 100 1552 0.064625415
35 53 3 100 128 0.064788156
25 55 3 100 323 0.064860038
32 39 3 100 97835 0.065357117
102 3 3 100 1234 0.065361609
24 119 3 100 871 0.065385789
69 105 3 100 1312 0.065414207
125 97 3 100 127 0.065498413
45 57 3 100 743 0.065524968
116 126 3 100 141 0.065680557
83 38 3 100 166324 0.065705860
99 25 3 100 209 0.065769536
11 97 3 100 202 0.065997352
64 57 3 100 438 0.066006536
79 91 3 100 388 0.066084431
70 99 3 100 4683376 0.066342523
9 91 3 100 398 0.066361116
26 88 3 100 9354 0.066522874
113 21 3 100 689 0.066535447
16 99 3 100 969 0.066613229
72 49 3 100 167 0.066623728
2 96 3 100 303452 0.066625197
107 121 3 100 1443 0.066943400
60 30 3 100 66473 0.066988314
86 77 3 100 1071 0.066991109
55 92 3 100 1559351 0.067212572
104 18 3 100 147 0.067228339
115 51 3 100 822 0.067377164
40 22 3 100 129 0.067587701
11 64 3 100 1582 0.067737598
63 68 3 100 390 0.067823830
39 98 3 100 13706713 0.067853267
84 25 3 100 307 0.068025422
80 96 3 100 1095 0.068056380
123 126 3 100 742 0.068092727
51 17 3 100 3155 0.068115440
13 2 3 100 46603 0.068147049
90 105 3 100 75702 0.068239122
83 24 3 100 1386162 0.068436706
117 64 3 100 682 0.068456647
11 27 3 100 1436 0.068482316
63 86 3 100 7100 0.068556933
110 47 3 100 953 0.068599216
37 39 3 100 3781 0.068730312
86 53 3 100 39157 0.068774600
48 32 3 100 1083 0.068801440
76 83 3 100 1609 0.068826197
106 66 3 100 5995 0.068858977
56 7 3 100 157 0.068925503
105 107 3 100 1755 0.068939235
70 6 3 100 910 0.069013314
103 107 3 100 6394 0.069018415
29 85 3 100 32243 0.069032712
47 98 3 100 5087 0.069220691
9 43 3 100 956 0.069456324
103 83 3 100 1336 0.069568665
99 119 3 100 1429363 0.069599246
35 61 3 100 1425 0.069638746
92 14 3 100 414 0.069748354
59 78 3 100 1010 0.069942420
114 2 3 100 477281 0.069972078
113 47 3 100 815 0.069978562
32 97 3 100 149 0.070014650
73 111 3 100 70163 0.070237579
79 116 3 100 130 0.070349564
71 20 3 100 1072 0.070553024
28 77 3 100 167814 0.070636805
86 58 3 100 806 0.070661456
85 14 3 100 537 0.070741328
95 118 3 100 1736 0.070758803
46 96 3 100 923 0.070821253
107 67 3 100 152 0.071124119
13 44 3 100 135 0.071149296
58 79 3 100 943 0.071158978
23 55 3 100 245 0.071192978
65 52 3 100 695 0.071194122
45 60 3 100 437 0.071247262
117 70 3 100 8606 0.071295236
98 65 3 100 1437773 0.071994190
109 30 3 100 574 0.072023318
94 108 3 100 723270 0.072034087
104 13 3 100 1050 0.072199931
43 4 3 100 66435664 0.072205806
92 84 3 100 601 0.072250630
117 104 3 100 374862 0.072336278
96 38 3 100 868 0.072373237
121 35 3 100 325 0.072912584
108 63 3 100 832 0.073157135
7 50 3 100 903 0.073167749
88 25 3 100 1519 0.073486337
100 26 3 100 569 0.073554152
96 50 3 100 3564 0.073782560
27 87 3 100 132 0.073900188
60 118 3 100 700 0.073966299
104 2 3 100 1739 0.073967759
80 69 3 100 1047 0.074033925
107 34 3 100 28460172 0.074162925
113 31 3 100 9812 0.074299539
32 99 3 100 442 0.074327948
28 2 3 100 6886 0.074355198
20 23 3 100 876 0.074413798
124 69 3 100 1659 0.074436467
39 56 3 100 1276 0.074556035
67 81 3 100 924 0.074559554
125 116 3 100 622 0.074744953
69 63 3 100 318632 0.074831911
24 37 3 100 765 0.074863419
105 21 3 100 471 0.074894517
117 40 3 100 3442 0.075063611
43 13 3 100 130 0.075106117
79 20 3 100 230411274 0.075232346
14 123 3 100 374 0.075271345
77 111 3 100 83448 0.075602408
31 95 3 100 833 0.075610045
56 47 3 100 48398 0.075639565
73 84 3 100 1236 0.075754937
104 37 3 100 1030 0.075755111
15 109 3 100 75545 0.075891763
99 94 3 100 103 0.075903283
5 108 3 100 257 0.076075775
17 102 3 100 877 0.076222741
120 17 3 100 78088 0.076538419
50 116 3 100 1566 0.076580754
17 116 3 100 754 0.076582767
82 83 3 100 1386 0.076601861
23 76 3 100 625 0.076881237
54 73 3 100 703 0.076884642
95 8 3 100 659 0.076954575
82 110 3 100 976 0.077125394
29 65 3 100 68336 0.077148849
37 18 3 100 185 0.077204506
96 43 3 100 419 0.077221529
65 29 3 100 859 0.077288051
29 126 3 100 469 0.077301412
45 23 3 100 2711 0.077328783
63 68 3 100 482 0.077351745
48 86 3 100 1386 0.077410796
17 89 3 100 824 0.077416270
6 45 3 100 214 0.077524017
117 62 3 100 131 0.077682509
124 37 3 100 4655 0.077793146
98 86 3 100 138 0.077883125
86 95 3 100 3047 0.078001946
65 91 3 100 1630 0.078080975
85 60 3 100 161 0.078085505
35 64 3 100 714 0.078236395
14 67 3 100 329 0.078293257
12 52 3 100 737181 0.078416041
48 83 3 100 969 0.078428778
45 2 3 100 89874 0.078518888
8 51 3 100 3901 0.078525779
20 112 3 100 173 0.078577924
64 21 3 100 828 0.078623232
102 73 3 100 1062 0.078668592
19 88 3 100 283 0.078734066
17 95 3 100 1619 0.078762054
4 9 3 100 931 0.078783916
32 70 3 100 349 0.078898750
62 45 3 100 788 0.078926534
68 43 3 100 2477 0.079029618
25 59 3 100 1650 0.079033066
61 94 3 100 302 0.079084021
98 88 3 100 326 0.079170457
56 127 3 100 226 0.079247351
11 35 3 100 82631 0.079517187
78 113 3 100 1579 0.079562892
56 43 3 100 534 0.079595700
33 64 3 100 128 0.079623675
69 5 3 100 533 0.079747293
66 34 3 100 515 0.079792107
99 75 3 100 245540 0.079838513
1 47 3 100 1482 0.079874955
79 118 3 100 156 0.080032482
60 118 3 100 2765 0.080107891
53 27 3 100 1680 0.080167972
110 30 3 100 3946860 0.080240900
94 59 3 100 7183 0.080410246
53 56 3 100 50862 0.080430646
38 39 3 100 410 0.080529176
40 103 3 100 7723 0.080547638
111 44 3 100 903 0.080614817
70 69 3 100 2997 0.081027903
7 107 3 100 31991 0.081083271
86 96 3 100 1293 0.081113136
63 109 3 100 373 0.081158405
18 82 3 100 257082 0.081419053
83 113 3 100 3131468 0.081628323
96 16 3 100 9786 0.081670950
87 118 3 100 656 0.081764324
48 21 3 100 718 0.081787727
102 6 3 100 8764 0.081925205
115 84 3 100 701 0.082133610
4 125 3 100 130 0.082171801
81 113 3 100 1830795 0.082627675
43 8 3 100 949 0.082686213
109 123 3 100 3693 0.082729530
85 96 3 100 673 0.082841990
55 64 3 100 446 0.082914131
77 2 3 100 744 0.082941827
54 29 3 100 339 0.082969052
93 56 3 100 1281 0.083166787
67 113 3 100 718 0.083183025
41 47 3 100 7531 0.083253007
96 70 3 100 6378 0.083255950
38 114 3 100 870 0.083270370
99 95 3 100 94247 0.083393089
49 114 3 100 129 0.083435300
17 57 3 100 774 0.083461520
63 92 3 100 72254 0.083526118
23 107 3 100 772 0.083609944
66 64 3 100 142 0.083640994
72 54 3 100 349 0.083650976
35 94 3 100 1243 0.083699682
37 60 3 100 386 0.083843648
14 28 3 100 497 0.083868963
9 56 3 100 753 0.083883199
36 47 3 100 146 0.083896527
3 22 3 100 305 0.083928461
44 54 3 100 900 0.083984174
4 27 3 100 437 0.084017270
101 100 3 100 9298 0.084131645
14 127 3 100 404684104 0.084499277
33 117 3 100 669 0.084522266
125 124 3 100 473 0.084637901
102 51 3 100 965 0.084798107
5 13 3 100 332389 0.084822582
94 108 3 100 1783 0.084888567
65 12 3 100 7796 0.084924020
103 70 3 100 9332 0.084928605
28 2 3 100 252889 0.084949560
104 97 3 100 288 0.085072267
46 70 3 100 175 0.085227942
23 52 3 100 994 0.085317302
60 41 3 100 457 0.085578816
104 80 3 100 318 0.085663833
127 0 3 100 829 0.086021482
112 47 3 100 1399 0.086149093
80 9 3 100 170 0.086149382
45 103 3 100 8459 0.086249573
69 93 3 100 747 0.086334573
114 121 3 100 954 0.086394509
100 97 3 100 129 0.086532268
96 42 3 100 369 0.086609444
127 34 3 100 548 0.086844475
101 60 3 100 8751844 0.086859389
124 61 3 100 121 0.086880703
81 122 3 100 638 0.087235603
32 86 3 100 6354 0.087308416
61 13 3 100 1826 0.087418370
121 97 3 100 142 0.087488010
34 77 3 100 1283 0.087776257
110 114 3 100 2811 0.087776656
24 61 3 100 854 0.087856466
114 63 3 100 2784 0.087903802
68 91 3 100 503 0.088044163
88 19 3 100 173 0.088076276
113 88 3 100 810 0.088129979
77 63 3 100 157 0.088272223
32 98 3 100 25377 0.088297506
23 39 3 100 481 0.088409932
87 64 3 100 133 0.088607312
26 82 3 100 160020 0.088700456
117 16 3 100 107 0.088832616
15 14 3 100 296 0.088944708
98 2 3 100 1414 0.089017720
20 31 3 100 600 0.089202555
1 56 3 100 77047 0.089354172
126 58 3 100 1107796 0.089573068
81 38 3 100 452 0.090099580
5 52 3 100 270 0.090374413
81 54 3 100 1350 0.090395105
13 84 3 100 275 0.090554471
120 81 3 100 769729 0.091069050
40 46 3 100 120 0.091278677
81 66 3 100 963 0.091450138
86 117 3 100 375806 0.091531442
25 13 3 100 120667 0.091591218
67 47 3 100 194981312 0.091614709
117 77 3 100 2281 0.091956224
34 68 3 100 781 0.092146594
69 125 3 100 146101737 0.092726385
69 26 3 100 163 0.093153307
97 114 3 100 367 0.093201381
70 76 3 100 742 0.093652123
14 45 3 100 844 0.093659897
75 67 3 100 264848 0.093682393
80 84 3 100 162 0.093905182
114 41 3 100 1842 0.094024055
110 84 3 100 842767 0.094101542
39 108 3 100 560 0.094148625
61 16 3 100 301 0.094210217
6 42 3 100 94010 0.094215476
127 90 3 100 66232 0.094220761
3 67 3 100 2275 0.094498133
117 35 3 100 1649 0.094839832
39 54 3 100 9470 0.094883317
41 13 3 100 600 0.095027721
123 13 3 100 17390594 0.095119962
97 27 3 100 3077703 0.095570054
47 120 3 100 1751 0.095589652
55 16 3 100 1023 0.095602511
123 23 3 100 579 0.095811291
2 84 3 100 8309 0.095909370
37 77 3 100 6430271 0.096108176
41 51 3 100 587 0.096313403
86 116 3 100 696 0.096510645
69 44 3 100 532 0.096671390
37 100 3 100 124 0.096721093
49 41 3 100 852 0.096970296
43 51 3 100 1058 0.097650301
99 47 3 100 235 0.098171704
58 53 3 100 251 0.098962616
