694 
79 24 3 100 805 0.000052450
46 83 3 100 29947285 0.000103688
60 36 3 100 1413 0.000158501
3 72 3 100 1050 0.000233335
60 104 3 100 220 0.000287491
27 59 3 100 514 0.000287534
64 36 3 100 96402823 0.000580742
94 26 3 100 472 0.000605027
40 18 3 100 171 0.000637850
6 10 3 100 347 0.000656527
96 109 3 100 674 0.000677482
56 65 3 100 935773 0.000799544
27 11 3 100 113537 0.000889169
84 116 3 100 194 0.000917917
5 37 3 100 38626 0.000922599
118 32 3 100 5087 0.001053196
88 13 3 100 2932 0.001151081
121 118 3 100 4321 0.001174081
87 77 3 100 898 0.001725984
122 95 3 100 122912 0.001818429
29 65 3 100 1017 0.001831925
21 44 3 100 1601 0.001834331
53 124 3 100 346 0.001865560
39 105 3 100 364 0.001871343
83 117 3 100 1570 0.001942496
38 111 3 100 1182 0.002023640
98 5 3 100 356 0.002054101
48 117 3 100 403 0.002058617
69 4 3 100 8210 0.002099004
13 20 3 100 137 0.002121760
74 67 3 100 796 0.002283790
126 16 3 100 427 0.002412274
82 22 3 100 430 0.002507150
113 117 3 100 541 0.002687166
89 92 3 100 418 0.002719039
112 34 3 100 154 0.002724651
29 72 3 100 524 0.002835963
43 92 3 100 278075 0.002846000
95 98 3 100 856 0.002881238
76 20 3 100 943 0.002924515
108 93 3 100 31079000 0.003050152
67 49 3 100 380 0.003068716
97 69 3 100 289 0.003108345
15 50 3 100 464 0.003161575
63 107 3 100 486 0.003267725
38 90 3 100 202 0.003300533
21 106 3 100 273 0.003336387
20 103 3 100 1662 0.003396310
49 2 3 100 82113 0.003459493
93 4 3 100 98248 0.003459824
61 123 3 100 557 0.003461897
41 10 3 100 168 0.003463627
76 57 3 100 14423 0.003538915
112 62 3 100 167 0.003757923
123 124 3 100 919 0.003936988
68 14 3 100 144 0.004047527
24 62 3 100 156086 0.004104316
124 126 3 100 188 0.004109565
81 82 3 100 70147 0.004123990
118 19 3 100 1705 0.004206526
4 107 3 100 391 0.004240814
60 83 3 100 9947 0.004257252
0 107 3 100 2041 0.004523780
48 83 3 100 150 0.004553684
118 104 3 100 1713 0.004591003
95 57 3 100 1077 0.004675939
98 16 3 100 373 0.004727012
69 45 3 100 732 0.004798127
119 91 3 100 69238 0.004801861
117 40 3 100 966 0.004807724
56 86 3 100 225 0.004866585
42 107 3 100 363 0.004880237
71 35 3 100 22795875 0.004882728
35 104 3 100 436 0.004974365
49 23 3 100 130 0.005002856
94 92 3 100 175 0.005060991
100 10 3 100 566 0.005108608
15 42 3 100 284 0.005117951
4 90 3 100 891 0.005157252
97 121 3 100 143 0.005160124
86 33 3 100 51200 0.005177036
104 24 3 100 862 0.005219092
25 28 3 100 586 0.005229732
83 108 3 100 7285 0.005242924
18 126 3 100 648 0.005253766
51 127 3 100 317 0.005255302
56 7 3 100 7332878 0.005292717
4 54 3 100 108 0.005298557
18 65 3 100 9219 0.005301431
4 101 3 100 559 0.005343926
72 83 3 100 795 0.005348950
96 36 3 100 14995 0.005356373
16 60 3 100 146 0.005421388
83 110 3 100 270 0.005501333
38 110 3 100 3767 0.005507314
59 95 3 100 5176 0.005544083
10 52 3 100 1450 0.005719672
37 95 3 100 167 0.005798096
124 79 3 100 196 0.005869071
6 65 3 100 170 0.006068761
89 71 3 100 842 0.006096001
26 125 3 100 211 0.006103997
11 92 3 100 601 0.006131077
67 107 3 100 264 0.006153820
109 119 3 100 2597 0.006198552
123 42 3 100 16144 0.006343108
51 28 3 100 8941 0.006469938
82 79 3 100 6123 0.006618512
28 33 3 100 24223 0.006646360
95 8 3 100 540 0.006665398
37 53 3 100 687 0.006755504
73 27 3 100 7545 0.006788461
30 41 3 100 198 0.006831133
16 62 3 100 4174 0.006860769
41 52 3 100 982 0.006872586
124 6 3 100 9504 0.006885493
22 46 3 100 266 0.006906331
116 9 3 100 5888 0.006934197
0 105 3 100 487 0.006986976
35 91 3 100 765 0.007015413
124 121 3 100 1181 0.007193460
122 8 3 100 985 0.007273835
66 45 3 100 4470 0.007485885
31 97 3 100 3701 0.007491074
51 60 3 100 711 0.007635146
1 79 3 100 111 0.007823374
15 116 3 100 8688274 0.007848068
12 34 3 100 19915667 0.007875673
32 106 3 100 6913 0.007907598
17 75 3 100 5597 0.007918249
63 16 3 100 889 0.007924052
19 105 3 100 408 0.007961106
46 103 3 100 9485 0.007966229
50 91 3 100 159 0.008010900
75 54 3 100 1006 0.008063549
113 75 3 100 66505 0.008081999
15 100 3 100 434 0.008122157
110 93 3 100 20844376 0.008143297
103 22 3 100 658 0.008191400
91 21 3 100 810 0.008244650
55 5 3 100 142 0.008331430
99 52 3 100 1433 0.008343829
112 6 3 100 1315 0.008406183
55 119 3 100 73133 0.008445009
104 6 3 100 34587 0.008522144
76 80 3 100 493 0.008550149
100 116 3 100 4098 0.008554430
44 54 3 100 935 0.008628992
110 59 3 100 9926 0.008691724
121 67 3 100 670 0.008701775
8 59 3 100 157 0.008742818
110 63 3 100 62341 0.008861634
124 83 3 100 248 0.009000753
96 40 3 100 495 0.009012548
50 80 3 100 113 0.009164226
76 54 3 100 338 0.009228712
22 2 3 100 124157 0.009312948
13 57 3 100 546 0.009550910
18 101 3 100 1842 0.009583889
119 78 3 100 2032 0.009734238
112 71 3 100 123 0.009769769
105 119 3 100 241 0.009797614
3 84 3 100 8377 0.009842834
77 73 3 100 1683 0.009906031
25 122 3 100 930 0.009968713
79 50 3 100 504 0.010007016
82 79 3 100 23755 0.010025926
100 82 3 100 1293060 0.010067391
34 63 3 100 6455 0.010267557
31 127 3 100 9724 0.010330426
104 63 3 100 2634 0.010421808
35 109 3 100 847 0.010424442
75 73 3 100 1153 0.010624638
115 84 3 100 1041 0.010680931
20 8 3 100 125 0.010700993
54 43 3 100 336 0.010731499
36 74 3 100 1811 0.010952898
28 20 3 100 1288 0.011006837
78 59 3 100 221 0.011049475
84 110 3 100 1390 0.011051056
110 63 3 100 893103162 0.011063564
86 97 3 100 328 0.011066079
28 34 3 100 7116 0.011175936
86 98 3 100 300106 0.011203793
36 35 3 100 410 0.011303483
46 56 3 100 269 0.011445298
122 1 3 100 3042 0.011475241
62 32 3 100 164440 0.011495585
33 42 3 100 754 0.011500152
24 26 3 100 795 0.011575547
10 45 3 100 11159 0.011659597
77 39 3 100 1013739 0.011712506
39 77 3 100 1757664 0.011751002
10 31 3 100 1048 0.011874325
23 15 3 100 311 0.011912718
18 122 3 100 1572409 0.011940839
119 32 3 100 7098 0.011997478
18 82 3 100 110 0.012016772
101 61 3 100 698849 0.012123528
80 45 3 100 318 0.012200218
70 85 3 100 471 0.012233739
27 127 3 100 741 0.012266857
100 24 3 100 4296 0.012299015
39 59 3 100 187 0.012337166
73 87 3 100 270290 0.012351121
25 38 3 100 85004 0.012386184
78 50 3 100 371381 0.012388800
110 57 3 100 635 0.012420220
100 27 3 100 54945057 0.012516599
54 82 3 100 13528 0.012557033
23 35 3 100 97756 0.012831846
104 80 3 100 597 0.012894939
123 13 3 100 28937 0.013018512
49 5 3 100 197640281 0.013180933
5 40 3 100 307 0.013366195
8 89 3 100 2750 0.013522111
87 27 3 100 98566328 0.013547079
60 91 3 100 34030 0.013550386
62 38 3 100 48592 0.013691762
49 9 3 100 273 0.013756927
64 108 3 100 71012 0.013792529
41 113 3 100 394 0.013905927
40 56 3 100 3540 0.013989983
8 102 3 100 362 0.014026299
20 3 3 100 932 0.014056920
81 10 3 100 1329 0.014178488
98 110 3 100 5309 0.014272654
12 108 3 100 1845 0.014317037
48 37 3 100 639 0.014326726
16 111 3 100 249 0.014332621
89 83 3 100 353 0.014427497
107 32 3 100 858 0.014439764
23 31 3 100 6270 0.014508406
7 23 3 100 611 0.014542022
15 96 3 100 1816 0.014545388
47 124 3 100 648 0.014755982
52 72 3 100 238 0.014858848
61 95 3 100 6550 0.014900567
113 117 3 100 1862 0.014936755
82 41 3 100 3738 0.014986531
107 91 3 100 357 0.015026840
8 3 3 100 8754 0.015034297
86 71 3 100 834 0.015042669
119 81 3 100 1024 0.015062764
20 78 3 100 3367 0.015160519
26 24 3 100 787 0.015323790
86 99 3 100 686 0.015419657
26 111 3 100 5158555 0.015492449
52 85 3 100 7382247 0.015565904
94 82 3 100 179 0.015607506
41 48 3 100 366 0.015617405
34 45 3 100 546 0.015764049
2 86 3 100 79308 0.015777685
13 61 3 100 1277 0.015914123
70 40 3 100 350 0.015951780
96 59 3 100 497 0.015982321
59 29 3 100 995 0.016229391
38 117 3 100 56230488 0.016277132
75 7 3 100 1750 0.016282023
116 33 3 100 1005 0.016299278
45 125 3 100 77580 0.016338976
78 22 3 100 2548 0.016345819
93 89 3 100 625 0.016366642
114 81 3 100 579 0.016453421
11 51 3 100 185052 0.016505840
72 110 3 100 345 0.016586062
96 78 3 100 413 0.016735633
27 47 3 100 652168 0.016781372
112 43 3 100 836 0.016953735
43 20 3 100 6934 0.017028772
37 74 3 100 170 0.017095145
98 126 3 100 690 0.017120694
26 90 3 100 1807 0.017244724
50 30 3 100 4876 0.017285913
30 16 3 100 2060 0.017310812
127 99 3 100 203 0.017381594
48 44 3 100 7246 0.017402214
121 25 3 100 21103 0.017426639
32 114 3 100 224 0.017446771
48 125 3 100 2729 0.017496689
56 60 3 100 291042 0.017626636
88 40 3 100 214 0.017710601
89 104 3 100 354 0.017840040
26 125 3 100 55987 0.017908051
83 16 3 100 96947797 0.017908478
100 96 3 100 365 0.017997901
116 0 3 100 149944385 0.018086630
84 115 3 100 827 0.018097945
92 10 3 100 5457 0.018106360
8 51 3 100 9290 0.018159551
107 78 3 100 671 0.018268608
11 125 3 100 386 0.018616432
72 119 3 100 685 0.018633192
105 47 3 100 1055 0.018638648
82 117 3 100 778 0.018690275
106 109 3 100 2497 0.018696751
123 51 3 100 703 0.018827258
17 36 3 100 34572134 0.018862458
7 10 3 100 1056 0.018866125
108 79 3 100 3570 0.018878639
112 110 3 100 39350 0.018892095
107 37 3 100 718 0.018902579
125 6 3 100 300 0.019003216
67 102 3 100 706 0.019213390
69 60 3 100 907 0.019225005
12 77 3 100 143 0.019331155
1 73 3 100 225 0.019362078
77 97 3 100 653 0.019399275
25 101 3 100 175 0.019564602
109 61 3 100 2553 0.019570708
102 104 3 100 786 0.019627939
106 98 3 100 301 0.019681125
104 127 3 100 9220 0.019760983
104 82 3 100 601 0.019762584
1 117 3 100 682 0.020023686
125 34 3 100 1013 0.020084208
60 46 3 100 235 0.020177474
23 119 3 100 7102 0.020329129
19 98 3 100 1189 0.020422351
60 110 3 100 1406505 0.020458281
83 11 3 100 2862 0.020763889
86 34 3 100 404 0.020783499
30 91 3 100 6297 0.020856234
63 22 3 100 8987 0.020882524
4 18 3 100 141 0.020900908
25 96 3 100 9482 0.020908496
78 87 3 100 987 0.020939067
65 92 3 100 178 0.021014676
45 76 3 100 846 0.021059844
76 30 3 100 1097 0.021064035
67 110 3 100 7428176 0.021069488
93 98 3 100 96211 0.021142032
4 68 3 100 286 0.021232200
46 88 3 100 2475 0.021240321
39 8 3 100 623 0.021292712
92 44 3 100 209110618 0.021326626
124 31 3 100 4738 0.021419699
111 83 3 100 792 0.021475743
14 81 3 100 5969 0.021508070
122 93 3 100 287 0.021550824
8 46 3 100 1011 0.021637321
62 66 3 100 662 0.021658924
16 121 3 100 932 0.021853629
38 29 3 100 295 0.021904778
46 82 3 100 313 0.021975055
66 55 3 100 434 0.021978392
44 52 3 100 6558551 0.021985778
101 93 3 100 490 0.022003942
127 36 3 100 1760007 0.022040081
88 45 3 100 278632 0.022147038
103 115 3 100 175 0.022204890
32 71 3 100 46153 0.022360356
118 29 3 100 730 0.022372192
70 52 3 100 206 0.022540159
48 15 3 100 2950 0.022542553
101 19 3 100 591 0.022557080
78 19 3 100 811 0.022750900
27 6 3 100 50140 0.022754657
57 110 3 100 323 0.022866835
3 56 3 100 8971 0.022968487
125 62 3 100 2420 0.023139871
111 23 3 100 423 0.023154487
41 20 3 100 427 0.023161085
9 41 3 100 246 0.023216344
119 62 3 100 4146 0.023287168
114 33 3 100 1532 0.023320763
49 61 3 100 123 0.023339980
125 108 3 100 1768 0.023364228
43 53 3 100 92086 0.023532394
85 26 3 100 590 0.023698548
83 106 3 100 748 0.023713775
12 27 3 100 343 0.023715690
38 9 3 100 20579770 0.023782011
123 62 3 100 469 0.023871054
5 68 3 100 1013 0.023918390
16 102 3 100 9289 0.023986394
100 46 3 100 47956 0.024028312
72 6 3 100 175 0.024041371
80 120 3 100 234 0.024148493
98 78 3 100 409 0.024238965
32 49 3 100 391 0.024290268
126 28 3 100 646638 0.024369026
58 46 3 100 237 0.024415085
101 12 3 100 895 0.024417293
93 123 3 100 1498772 0.024437452
103 87 3 100 3657 0.024450734
14 25 3 100 274 0.024552235
31 100 3 100 438 0.024602144
73 35 3 100 1725 0.024614537
15 93 3 100 541 0.024634547
109 108 3 100 224 0.024655776
105 50 3 100 106 0.024694038
65 49 3 100 1037 0.024719154
122 127 3 100 10970 0.024853950
126 60 3 100 138 0.024887099
37 118 3 100 424 0.024888346
26 79 3 100 2890907 0.024967696
9 106 3 100 742 0.024992554
11 109 3 100 433 0.025146432
121 38 3 100 376 0.025183198
79 112 3 100 872 0.025212996
41 63 3 100 321 0.025327105
119 68 3 100 348 0.025334223
43 5 3 100 1533583 0.025508307
95 119 3 100 17562598 0.025570316
26 99 3 100 5669 0.025635437
72 46 3 100 487 0.025696250
7 120 3 100 577 0.025756627
44 111 3 100 889 0.025802075
125 63 3 100 7358 0.025848806
13 123 3 100 873 0.025880149
83 3 3 100 185 0.025917686
68 90 3 100 1777302 0.026061514
127 61 3 100 139 0.026099185
64 51 3 100 550 0.026232270
95 20 3 100 546 0.026370124
18 63 3 100 1543842 0.026457683
4 35 3 100 580 0.026633495
114 41 3 100 120 0.026657793
30 123 3 100 990 0.026667647
30 47 3 100 769 0.026791262
93 12 3 100 340952 0.026875642
32 111 3 100 351 0.027046104
68 84 3 100 1770 0.027166899
20 124 3 100 887 0.027171007
87 26 3 100 2207 0.027349816
8 70 3 100 320 0.027437089
79 81 3 100 9520 0.027444697
98 20 3 100 518 0.027503916
122 66 3 100 32961 0.027562907
114 43 3 100 454 0.027633044
108 93 3 100 1329 0.027640554
74 85 3 100 565 0.027641262
9 99 3 100 533 0.028065818
39 85 3 100 268930 0.028101948
40 4 3 100 1058 0.028139875
36 25 3 100 1517 0.028173516
65 115 3 100 979 0.028223617
99 67 3 100 101 0.028334716
49 47 3 100 672 0.028429306
82 107 3 100 1693 0.028530805
66 108 3 100 98378 0.028533666
43 82 3 100 40506 0.028578991
104 117 3 100 598 0.028591359
112 37 3 100 3583 0.028597215
106 127 3 100 621647 0.028744995
50 12 3 100 712 0.028783958
80 36 3 100 630 0.028865075
124 40 3 100 506 0.028953218
4 8 3 100 439 0.029042785
37 3 3 100 102 0.029224689
75 67 3 100 463 0.029235321
92 4 3 100 5470 0.029249094
0 78 3 100 1298 0.029277270
32 123 3 100 1062 0.029284290
86 121 3 100 1409241 0.029326907
86 95 3 100 4850 0.029398483
92 98 3 100 68109 0.029475520
15 51 3 100 3538 0.029485719
70 72 3 100 225 0.029697089
75 87 3 100 1094 0.029735077
35 9 3 100 829 0.029781655
102 14 3 100 323 0.029835970
103 44 3 100 1044 0.029903324
36 6 3 100 4923 0.029956326
64 29 3 100 740 0.029967124
83 28 3 100 826 0.030018212
68 10 3 100 6239 0.030325035
31 56 3 100 262 0.030330555
62 100 3 100 2838 0.030361469
40 112 3 100 466 0.030535010
109 1 3 100 7786 0.030591329
95 38 3 100 185 0.030597563
124 34 3 100 287 0.030665099
4 19 3 100 814 0.030796723
85 123 3 100 1765 0.030801010
82 126 3 100 2769 0.030814061
82 63 3 100 4353612 0.030906329
107 72 3 100 1612 0.031046795
79 85 3 100 7295 0.031094545
109 7 3 100 2149 0.031155275
14 60 3 100 12890728 0.031355388
30 122 3 100 37950231 0.031431941
86 121 3 100 338425 0.031447222
14 4 3 100 728 0.031542523
11 60 3 100 262 0.031565351
73 34 3 100 505 0.031631700
87 65 3 100 261 0.031634940
6 29 3 100 1322 0.031672359
35 110 3 100 57184 0.031696677
14 104 3 100 744 0.031745059
9 43 3 100 740 0.031852009
74 34 3 100 7445203 0.031894540
50 53 3 100 292 0.031909496
96 112 3 100 151 0.031946354
46 84 3 100 9567 0.032014011
82 57 3 100 9357 0.032101327
98 54 3 100 1211 0.032126501
0 83 3 100 205 0.032250074
125 41 3 100 7276 0.032378390
114 22 3 100 437 0.032412458
127 91 3 100 18783 0.032420871
3 58 3 100 609 0.032435823
99 33 3 100 866 0.032507219
115 66 3 100 934 0.032552732
109 80 3 100 754 0.032770655
48 111 3 100 1019 0.032878673
66 99 3 100 588834 0.032909610
25 93 3 100 375 0.032987286
72 116 3 100 243 0.033064915
42 15 3 100 5313 0.033074752
42 77 3 100 550 0.033206666
103 85 3 100 180 0.033291232
8 65 3 100 254 0.033329410
86 30 3 100 457 0.033425306
63 45 3 100 9158 0.033456652
46 111 3 100 265 0.033488375
79 15 3 100 9978 0.033500347
76 61 3 100 266 0.033537435
54 38 3 100 495 0.033633762
49 93 3 100 24689 0.033673272
71 77 3 100 148 0.033833091
25 83 3 100 771 0.033881119
47 113 3 100 392 0.033967202
90 46 3 100 53876736 0.034143534
80 38 3 100 2918 0.034245529
7 23 3 100 1681 0.034296696
54 29 3 100 167 0.034345639
126 38 3 100 7485 0.034357696
75 71 3 100 7940 0.034418554
31 90 3 100 2600 0.034545256
49 39 3 100 658 0.034582540
57 80 3 100 522 0.034603729
51 59 3 100 1346 0.034612074
65 18 3 100 558 0.034716981
26 4 3 100 379468 0.034813583
46 11 3 100 961 0.034836628
53 115 3 100 4676334 0.034842022
32 127 3 100 866 0.034916446
56 100 3 100 218 0.034920809
92 23 3 100 531 0.034939683
44 55 3 100 773 0.035092378
112 65 3 100 375 0.035105299
22 104 3 100 5008 0.035372052
104 70 3 100 3674 0.035390853
88 47 3 100 679 0.035399413
114 23 3 100 710 0.035617443
31 96 3 100 438 0.035788602
60 114 3 100 444136 0.035913367
22 66 3 100 402 0.035914295
14 123 3 100 2771 0.035956250
23 8 3 100 841 0.035980537
74 103 3 100 246 0.036020212
86 124 3 100 543 0.036080940
54 28 3 100 773 0.036151802
102 5 3 100 1755 0.036205327
27 112 3 100 1847 0.036510117
90 37 3 100 397 0.036514674
52 96 3 100 3640 0.036624029
37 105 3 100 233 0.036729413
102 87 3 100 143 0.037129681
58 70 3 100 552 0.037170816
61 99 3 100 112 0.037173436
109 36 3 100 431 0.037207656
95 13 3 100 431 0.037304738
57 88 3 100 46122 0.037342730
27 45 3 100 1624 0.037379041
15 96 3 100 43314 0.037393736
37 56 3 100 1023 0.037641133
77 53 3 100 9372 0.037690407
116 90 3 100 8922 0.037708335
13 4 3 100 1385 0.037756657
76 112 3 100 985 0.037841092
99 111 3 100 760783779 0.037867893
54 75 3 100 607 0.037961335
87 1 3 100 2512 0.038018340
22 124 3 100 207 0.038127572
78 58 3 100 277 0.038135706
76 89 3 100 28782602 0.038188112
16 95 3 100 87700 0.038214601
70 48 3 100 1011 0.038336385
98 105 3 100 7579 0.038493859
49 86 3 100 1391 0.038517294
26 47 3 100 174 0.038555213
111 49 3 100 1085 0.038865900
3 34 3 100 43074 0.038889145
102 65 3 100 134 0.038890879
48 28 3 100 684 0.038967028
22 76 3 100 744 0.038973784
52 26 3 100 1080064 0.039016249
18 104 3 100 614 0.039023639
116 117 3 100 1762 0.039043060
127 52 3 100 1109110 0.039102919
78 111 3 100 1207107 0.039499444
43 119 3 100 203 0.039567235
26 35 3 100 1440505 0.039576394
73 118 3 100 4566 0.039581925
72 29 3 100 668 0.039588705
40 59 3 100 482 0.039814291
72 112 3 100 580 0.039847137
0 54 3 100 22762 0.039967968
111 107 3 100 400 0.039969521
68 102 3 100 4225 0.040462873
35 15 3 100 108 0.040494589
15 63 3 100 157 0.040521969
10 85 3 100 49472 0.040563226
72 108 3 100 787 0.040572076
6 10 3 100 922 0.040615919
65 61 3 100 537 0.040617035
46 1 3 100 633 0.040706874
127 104 3 100 108272890 0.040709392
93 84 3 100 141 0.040830813
78 40 3 100 158026840 0.040850449
102 61 3 100 13690 0.040875506
67 31 3 100 679 0.041092628
50 84 3 100 885 0.041208729
112 116 3 100 5303 0.041223196
82 14 3 100 821 0.041361803
73 42 3 100 79329 0.041441917
68 120 3 100 2022 0.041447116
36 94 3 100 951 0.041547451
72 18 3 100 26538861 0.041563754
5 67 3 100 73999 0.041591801
11 40 3 100 644 0.041697737
94 15 3 100 691 0.041938458
93 53 3 100 81995 0.041961093
47 93 3 100 128 0.042013814
73 31 3 100 359674 0.042165398
69 83 3 100 1453 0.042207052
47 118 3 100 1334 0.042310059
46 36 3 100 1313550 0.042341131
61 4 3 100 1099 0.042449636
51 15 3 100 328 0.042556795
16 18 3 100 204 0.042728864
104 3 3 100 5229374 0.042764804
20 100 3 100 1036 0.042822752
62 92 3 100 460 0.043147642
115 97 3 100 272709 0.043202057
108 4 3 100 906 0.043250864
67 47 3 100 1403 0.043308714
99 48 3 100 941 0.043310220
115 60 3 100 980 0.043424643
121 100 3 100 592 0.043554181
42 19 3 100 807 0.043575497
8 9 3 100 142 0.043593466
27 8 3 100 802 0.043646005
101 85 3 100 3369 0.043662939
121 98 3 100 185 0.043673563
75 32 3 100 1584 0.043760281
114 121 3 100 1053 0.043937303
93 122 3 100 1081 0.043982539
94 36 3 100 199 0.043984380
61 85 3 100 220 0.043993630
106 33 3 100 6677 0.044037112
93 89 3 100 499 0.044124573
1 29 3 100 238 0.044285042
96 74 3 100 5912 0.044429760
93 43 3 100 215 0.044472650
54 123 3 100 7794628 0.044558662
93 13 3 100 1590226 0.044587752
94 3 3 100 907 0.044643055
42 126 3 100 524 0.044862902
7 49 3 100 844391 0.044870324
2 117 3 100 732 0.044939937
95 26 3 100 1203 0.045007091
72 66 3 100 431 0.045322237
104 124 3 100 154 0.045603376
114 2 3 100 2009 0.045709468
108 24 3 100 1051812 0.045810171
29 112 3 100 238 0.046055185
66 82 3 100 172 0.046314956
36 72 3 100 186 0.046340893
95 14 3 100 621 0.046372329
56 19 3 100 42326 0.046534220
8 123 3 100 538 0.046764838
70 64 3 100 917 0.046971724
72 88 3 100 1024 0.047009554
15 70 3 100 393 0.047104493
77 94 3 100 1467 0.047220598
111 121 3 100 134 0.047225748
53 103 3 100 470 0.047539148
62 80 3 100 379 0.047589095
111 84 3 100 888 0.047989812
5 96 3 100 723 0.047993784
5 31 3 100 561 0.048116142
56 62 3 100 204 0.048171651
106 50 3 100 36127 0.048299175
13 75 3 100 3447 0.048345105
78 23 3 100 288 0.048442490
96 12 3 100 920986 0.049298074
29 127 3 100 47488 0.049359635
93 65 3 100 912 0.049396627
42 82 3 100 493 0.049498811
102 109 3 100 736 0.049651664
