816 
54 126 3 100 7448 0.000014216
28 57 3 100 1450 0.000021700
71 92 3 100 183039 0.000057175
52 35 3 100 695 0.000115984
71 99 3 100 9094 0.000116253
18 84 3 100 978 0.000163082
60 120 3 100 530 0.000177686
126 11 3 100 266 0.000195459
81 2 3 100 206 0.000283597
2 15 3 100 1050 0.000333394
2 32 3 100 2646 0.000371853
59 17 3 100 350 0.000379784
91 57 3 100 1451 0.000389932
77 112 3 100 944 0.000444094
57 81 3 100 1479 0.000458403
49 123 3 100 845 0.000551097
68 64 3 100 951 0.000556530
106 61 3 100 8843613 0.000581070
121 91 3 100 1477 0.000605441
29 33 3 100 212 0.000617041
51 37 3 100 820 0.000638487
5 32 3 100 49560 0.000648367
118 8 3 100 8631 0.000749576
85 32 3 100 242 0.000786099
71 31 3 100 263 0.000873387
88 9 3 100 5616 0.000888018
30 44 3 100 1076 0.000889122
69 110 3 100 5251 0.001008881
59 46 3 100 233 0.001032350
73 121 3 100 2329 0.001192245
36 61 3 100 671 0.001242439
120 2 3 100 1027 0.001348416
51 94 3 100 1360 0.001455002
80 53 3 100 302 0.001462637
112 121 3 100 103 0.001545041
95 60 3 100 546 0.001561619
5 62 3 100 528 0.001704314
62 122 3 100 1025 0.001714967
68 107 3 100 412 0.001793421
33 45 3 100 1059 0.001926843
63 24 3 100 16717481 0.001933391
16 98 3 100 924 0.002027639
69 28 3 100 1333 0.002027725
100 92 3 100 840191 0.002050385
21 96 3 100 309 0.002167784
46 18 3 100 935 0.002278837
100 14 3 100 414 0.002451367
63 9 3 100 1795 0.002477058
98 9 3 100 454 0.002482907
88 14 3 100 242 0.002552474
1 118 3 100 1747 0.002589510
38 13 3 100 143 0.002726220
21 11 3 100 2510 0.002861580
29 28 3 100 618 0.002928296
50 29 3 100 178510 0.003063233
107 29 3 100 354 0.003079301
33 65 3 100 1569 0.003106046
11 81 3 100 517 0.003122541
62 97 3 100 14765537 0.003133878
89 110 3 100 8001 0.003141632
104 29 3 100 51030788 0.003143072
46 126 3 100 528 0.003180951
41 4 3 100 1766 0.003283743
93 70 3 100 801 0.003359942
63 66 3 100 409 0.003391156
55 123 3 100 1620 0.003391810
75 92 3 100 8697561 0.003432473
39 70 3 100 14399 0.003471670
18 102 3 100 888 0.003483680
18 72 3 100 6212865 0.003546959
8 35 3 100 1041 0.003604963
27 110 3 100 3645 0.003616779
56 121 3 100 339 0.003620123
46 50 3 100 1552869 0.003644868
120 35 3 100 7091 0.003731948
109 43 3 100 1207 0.003858199
113 92 3 100 597 0.004051805
119 35 3 100 9058 0.004150495
100 122 3 100 630 0.004170613
52 101 3 100 317 0.004178795
109 112 3 100 381 0.004229954
76 47 3 100 1833 0.004317444
45 61 3 100 614 0.004352831
126 83 3 100 119 0.004354285
27 54 3 100 120 0.004444884
110 42 3 100 987 0.004477534
94 63 3 100 658 0.004554247
97 17 3 100 5476 0.004576040
18 97 3 100 277 0.004591127
17 105 3 100 533 0.004621266
68 1 3 100 307 0.004633342
42 127 3 100 179 0.004681956
0 114 3 100 1098 0.004776781
81 5 3 100 702767 0.004836188
113 6 3 100 1885 0.004956587
45 112 3 100 370 0.004958005
40 93 3 100 1854 0.004969517
56 10 3 100 1424 0.005084219
58 55 3 100 914 0.005120469
92 91 3 100 3429 0.005172186
115 91 3 100 275 0.005213529
113 101 3 100 1900 0.005298234
45 46 3 100 1759 0.005355699
74 84 3 100 869 0.005401920
15 67 3 100 176 0.005465494
114 118 3 100 648 0.005480566
17 61 3 100 419 0.005495540
58 27 3 100 874 0.005571358
9 53 3 100 749 0.005621035
13 45 3 100 3748 0.005647461
41 47 3 100 119 0.005731208
65 58 3 100 356 0.005857692
78 119 3 100 7176 0.005957929
47 117 3 100 3096 0.006032806
102 32 3 100 345 0.006138744
116 47 3 100 748 0.006473170
124 67 3 100 344 0.006493152
3 71 3 100 248 0.006532800
9 125 3 100 113 0.006560315
86 33 3 100 125 0.006590497
88 90 3 100 469 0.006639107
11 106 3 100 1314 0.006666830
34 10 3 100 282 0.006672320
104 70 3 100 2926 0.006741544
89 20 3 100 488 0.006804935
47 86 3 100 1374 0.006822494
33 49 3 100 6307 0.006829404
97 23 3 100 1146260 0.006836385
3 121 3 100 1477 0.006884832
65 55 3 100 236 0.006914918
15 106 3 100 367 0.006990788
14 105 3 100 315914 0.007001255
0 85 3 100 461 0.007054007
122 127 3 100 1673 0.007147473
116 82 3 100 1094 0.007160513
119 68 3 100 314 0.007183746
100 26 3 100 861 0.007329245
73 23 3 100 1017 0.007352426
77 44 3 100 132 0.007366601
105 44 3 100 15937234 0.007420472
75 97 3 100 8819 0.007461678
48 0 3 100 162 0.007579084
118 3 3 100 672 0.007581817
36 85 3 100 5598 0.007722377
43 10 3 100 350 0.007755162
115 59 3 100 7994 0.007792470
48 93 3 100 565 0.007815961
97 20 3 100 172 0.007851475
54 118 3 100 2870 0.007853825
105 50 3 100 1976143 0.007871186
34 50 3 100 682 0.007981824
96 121 3 100 380295 0.008003058
99 96 3 100 869 0.008134540
108 95 3 100 46967 0.008138678
30 1 3 100 626 0.008158323
75 81 3 100 2691 0.008176932
6 79 3 100 1370 0.008244230
97 19 3 100 156 0.008306178
59 33 3 100 1190 0.008315820
38 91 3 100 726340 0.008373477
127 12 3 100 296 0.008433422
47 49 3 100 349707 0.008439723
19 98 3 100 777 0.008493027
95 39 3 100 837 0.008507967
97 17 3 100 239 0.008535665
42 105 3 100 1369 0.008550370
30 59 3 100 461 0.008552317
8 68 3 100 23851 0.008589605
38 45 3 100 710 0.008603427
58 66 3 100 1658 0.008689600
96 49 3 100 1050 0.008690410
50 0 3 100 180 0.008715335
45 21 3 100 422 0.008747566
8 49 3 100 795 0.008794590
23 89 3 100 1648 0.008854942
20 85 3 100 185 0.009095231
28 42 3 100 1514 0.009140092
103 23 3 100 228 0.009140307
60 58 3 100 419 0.009216048
46 45 3 100 273 0.009405511
21 60 3 100 658 0.009411496
39 8 3 100 1474 0.009421942
46 41 3 100 141 0.009467968
49 113 3 100 3344 0.009486765
63 90 3 100 375 0.009529224
120 89 3 100 8901 0.009608369
84 45 3 100 355 0.009734008
58 39 3 100 118 0.009821641
0 59 3 100 882 0.009894102
49 30 3 100 559 0.009965304
62 21 3 100 15929 0.010010299
23 74 3 100 242265 0.010082250
48 61 3 100 1006 0.010096106
117 18 3 100 216 0.010106910
40 76 3 100 7247 0.010122804
90 26 3 100 812 0.010205097
56 52 3 100 249 0.010269278
84 15 3 100 590 0.010295353
89 23 3 100 424 0.010319796
68 58 3 100 106 0.010319898
112 50 3 100 149 0.010428639
39 74 3 100 451 0.010487909
101 44 3 100 1390 0.010490014
72 59 3 100 7519 0.010510177
6 71 3 100 1686312 0.010513468
109 119 3 100 744 0.010579674
96 67 3 100 887 0.010581477
29 69 3 100 747 0.010615332
44 17 3 100 1347 0.010667205
49 47 3 100 69220 0.010674208
57 96 3 100 1693413 0.010748113
9 71 3 100 1294 0.010829184
120 30 3 100 1599 0.010839170
125 48 3 100 592 0.010903543
0 31 3 100 88229 0.010967547
115 44 3 100 320 0.011051361
30 100 3 100 541 0.011066548
40 14 3 100 197 0.011120131
65 79 3 100 474 0.011154044
45 57 3 100 367 0.011176151
42 119 3 100 7189782 0.011227966
125 28 3 100 1022 0.011245083
71 94 3 100 1037 0.011394738
122 103 3 100 463 0.011491516
43 80 3 100 96665 0.011557038
100 115 3 100 598 0.011572287
38 60 3 100 1095069 0.011621635
112 86 3 100 2758 0.011653525
34 86 3 100 15115 0.011753083
122 120 3 100 1632 0.011830891
108 59 3 100 78597 0.011849837
0 36 3 100 377 0.011870544
96 2 3 100 860 0.012027163
33 1 3 100 5529 0.012036599
111 31 3 100 54065 0.012082808
13 115 3 100 380 0.012218210
125 35 3 100 2961 0.012282670
42 17 3 100 9706 0.012283275
126 33 3 100 441 0.012448686
1 22 3 100 261 0.012488535
26 108 3 100 5779 0.012559839
6 9 3 100 114 0.012560051
127 75 3 100 547 0.012611363
74 71 3 100 728 0.012620190
64 32 3 100 505 0.012636725
41 54 3 100 961 0.012645579
60 89 3 100 742 0.012710735
55 52 3 100 884 0.012727737
45 71 3 100 1011 0.012745902
88 119 3 100 166 0.012922223
26 28 3 100 1007 0.012927255
124 28 3 100 142 0.012978946
108 114 3 100 8579 0.013180190
93 86 3 100 6192 0.013230856
45 39 3 100 272 0.013331421
94 54 3 100 2011 0.013372711
119 90 3 100 135 0.013565938
49 93 3 100 50343 0.013584555
89 51 3 100 2350 0.013649324
69 87 3 100 27680963 0.013696705
82 44 3 100 463 0.013737918
65 38 3 100 306 0.013898403
12 122 3 100 1864 0.014060764
125 94 3 100 7845 0.014071380
123 72 3 100 1609 0.014136076
92 27 3 100 1080 0.014159086
18 22 3 100 414 0.014163085
66 102 3 100 2662 0.014185293
74 60 3 100 1205 0.014257525
49 44 3 100 12443 0.014360792
19 28 3 100 427 0.014374129
18 27 3 100 44352 0.014474661
36 56 3 100 827 0.014612082
51 5 3 100 549 0.014627195
107 122 3 100 376529 0.014727189
31 50 3 100 1026 0.014888930
40 39 3 100 1732 0.014979866
59 70 3 100 826119 0.015023091
49 18 3 100 738 0.015092364
116 5 3 100 37589779 0.015099661
121 37 3 100 927 0.015164310
20 103 3 100 114 0.015213983
89 13 3 100 271 0.015242606
98 119 3 100 385 0.015248317
50 65 3 100 321547 0.015277314
49 14 3 100 7708 0.015331928
105 95 3 100 176 0.015424368
88 87 3 100 14650846 0.015456935
126 110 3 100 756 0.015478661
62 18 3 100 4183 0.015607163
108 123 3 100 1268 0.015633035
75 3 3 100 9225 0.015656886
111 50 3 100 1531 0.015890335
81 54 3 100 121 0.016021298
124 34 3 100 1258 0.016034655
72 19 3 100 752 0.016057700
13 105 3 100 1056 0.016092775
66 12 3 100 5595 0.016110806
26 45 3 100 621 0.016226477
15 49 3 100 290 0.016239418
36 105 3 100 5710 0.016240915
1 18 3 100 705 0.016297358
86 63 3 100 198 0.016335728
76 34 3 100 873 0.016379808
60 76 3 100 5690 0.016399302
81 92 3 100 912 0.016447621
48 26 3 100 303245 0.016468083
121 100 3 100 8817 0.016491385
48 118 3 100 677 0.016590190
85 27 3 100 194 0.016623295
76 13 3 100 209 0.016644330
106 29 3 100 609233 0.016688394
16 32 3 100 848 0.016690216
88 12 3 100 287 0.016730812
102 40 3 100 530 0.016828743
73 57 3 100 638 0.016840543
78 1 3 100 704 0.016844051
74 81 3 100 9078 0.016954725
97 36 3 100 963 0.016958608
74 97 3 100 3458 0.017015333
93 57 3 100 316 0.017032104
42 27 3 100 312 0.017102356
49 10 3 100 1084 0.017103419
102 58 3 100 653 0.017104166
103 63 3 100 1729 0.017189301
38 51 3 100 1826 0.017221628
110 67 3 100 135 0.017275162
68 39 3 100 189 0.017383335
16 109 3 100 4089 0.017435759
62 115 3 100 1346 0.017439870
43 34 3 100 1061 0.017450336
98 21 3 100 1896 0.017460099
101 110 3 100 230 0.017518949
97 44 3 100 1041 0.017536297
112 14 3 100 4215 0.017578313
113 79 3 100 279 0.017772386
9 19 3 100 371 0.017787762
5 110 3 100 1181 0.017804526
7 36 3 100 433 0.017805854
119 115 3 100 5299 0.018043378
53 115 3 100 689 0.018050110
16 52 3 100 422 0.018068073
78 84 3 100 686 0.018086330
4 70 3 100 139110273 0.018090426
9 117 3 100 1098 0.018117581
4 85 3 100 167 0.018263833
62 10 3 100 165 0.018307414
83 72 3 100 861 0.018341916
1 24 3 100 351 0.018353902
90 116 3 100 58205 0.018382816
14 48 3 100 1315 0.018396794
116 8 3 100 1788 0.018460938
61 91 3 100 1031 0.018575332
85 55 3 100 435 0.018647985
33 42 3 100 476877 0.018788340
87 43 3 100 449 0.018805696
79 99 3 100 4882057 0.018817269
23 126 3 100 2742 0.018897438
28 31 3 100 5671 0.018973342
32 51 3 100 1094 0.018996851
90 12 3 100 393739 0.019069429
52 67 3 100 1266 0.019070351
109 104 3 100 485 0.019135316
63 9 3 100 1130 0.019176575
117 109 3 100 1102 0.019213820
115 12 3 100 182 0.019214828
109 32 3 100 115 0.019397728
104 80 3 100 263 0.019403756
23 127 3 100 552 0.019409559
63 68 3 100 593 0.019416243
52 47 3 100 13079 0.019470061
92 1 3 100 703 0.019641232
7 105 3 100 603 0.019691468
8 9 3 100 266 0.019705841
1 105 3 100 284 0.019731631
18 38 3 100 2899 0.019763931
32 19 3 100 91275 0.019948117
102 25 3 100 7229 0.020166004
10 44 3 100 1338 0.020314433
14 61 3 100 153 0.020327933
108 62 3 100 1863 0.020439325
6 29 3 100 270 0.020449709
53 127 3 100 835 0.020606042
47 101 3 100 1466931 0.020614638
35 1 3 100 899 0.020692583
78 75 3 100 541 0.020704581
84 121 3 100 1377000 0.020781650
106 75 3 100 193 0.020848964
87 44 3 100 370723 0.021031351
41 16 3 100 407 0.021039300
70 101 3 100 1536195 0.021064709
127 116 3 100 1196 0.021109480
117 101 3 100 2492 0.021131390
49 109 3 100 5225 0.021147758
80 8 3 100 339886 0.021151006
83 22 3 100 1858 0.021156351
58 40 3 100 405 0.021188696
16 17 3 100 2048 0.021312622
97 87 3 100 968 0.021343666
105 7 3 100 375180 0.021385661
125 91 3 100 6082 0.021410116
25 90 3 100 127 0.021411860
58 91 3 100 121 0.021415419
115 80 3 100 384 0.021455327
80 98 3 100 1013 0.021472250
112 108 3 100 785 0.021584855
40 106 3 100 68768906 0.021591489
57 59 3 100 1831 0.021636716
26 125 3 100 300 0.021682023
7 110 3 100 561 0.021703546
54 11 3 100 900 0.021734291
69 29 3 100 193 0.021900978
75 23 3 100 381 0.021943801
50 99 3 100 98682889 0.021946899
21 85 3 100 1079 0.021999058
11 9 3 100 1446 0.022074912
61 113 3 100 1826 0.022131234
107 105 3 100 453 0.022145883
22 122 3 100 372 0.022204669
76 75 3 100 222 0.022222572
99 64 3 100 624 0.022243935
79 46 3 100 6836 0.022267400
108 93 3 100 1793010 0.022310218
1 113 3 100 681 0.022379423
104 71 3 100 806251 0.022443523
75 85 3 100 1535 0.022523516
111 124 3 100 698 0.022560784
28 78 3 100 1334 0.022569404
88 65 3 100 986 0.022584342
124 109 3 100 806 0.022705326
127 40 3 100 1788714 0.022813894
98 106 3 100 5983 0.022840821
60 2 3 100 370 0.022940630
49 10 3 100 150 0.023027272
40 11 3 100 708 0.023036805
117 67 3 100 264 0.023036843
61 19 3 100 1945 0.023043417
119 71 3 100 45844675 0.023160692
127 124 3 100 972 0.023165143
121 89 3 100 6179 0.023175391
62 70 3 100 574 0.023435469
17 54 3 100 310 0.023451702
92 53 3 100 1169 0.023518787
84 76 3 100 2326 0.023558110
94 21 3 100 889 0.023600477
45 1 3 100 4306 0.023685014
28 91 3 100 184 0.023695187
66 31 3 100 218160 0.023695283
30 106 3 100 1850 0.023741310
8 14 3 100 783 0.023906136
36 77 3 100 2639 0.023981147
87 13 3 100 6884058 0.023992449
39 43 3 100 359669 0.024007593
6 97 3 100 182 0.024083743
25 125 3 100 982 0.024163890
107 0 3 100 1677405 0.024211208
117 9 3 100 1814 0.024212280
80 9 3 100 6572 0.024212755
111 43 3 100 7932 0.024319778
93 114 3 100 1745 0.024371417
31 52 3 100 7733 0.024382143
4 124 3 100 4947 0.024423623
37 110 3 100 1678 0.024448467
72 65 3 100 725 0.024486518
104 107 3 100 566 0.024562103
45 108 3 100 241 0.024616984
46 19 3 100 1099 0.024644614
69 36 3 100 760 0.024743349
57 110 3 100 1266 0.024792271
7 86 3 100 603 0.024824203
91 4 3 100 712 0.024827571
112 2 3 100 540 0.024838446
85 49 3 100 1697 0.024874719
89 64 3 100 87124 0.024913436
88 66 3 100 1077 0.024928251
74 31 3 100 266 0.025004814
109 78 3 100 405 0.025016489
79 63 3 100 244 0.025141922
58 110 3 100 857 0.025155562
123 111 3 100 1863 0.025177563
113 12 3 100 105 0.025233639
74 114 3 100 7994 0.025361215
24 27 3 100 3247 0.025466329
6 78 3 100 40928 0.025488954
1 30 3 100 470 0.025520202
126 123 3 100 554 0.025604206
53 106 3 100 1651 0.025622639
104 73 3 100 1242 0.025645502
25 34 3 100 103 0.025654722
80 57 3 100 1536 0.025896605
56 71 3 100 1765 0.025897239
114 123 3 100 4819 0.025897885
35 12 3 100 859399 0.025915654
34 20 3 100 9493 0.025917153
27 89 3 100 454 0.025990496
35 41 3 100 2085 0.026041448
49 96 3 100 1518 0.026047558
19 111 3 100 167 0.026064041
7 75 3 100 797 0.026148303
94 85 3 100 523 0.026223740
32 42 3 100 147969713 0.026299376
116 107 3 100 224 0.026352536
83 121 3 100 8276 0.026410916
21 68 3 100 7217671 0.026439673
45 73 3 100 8232 0.026453112
104 90 3 100 555 0.026494234
10 109 3 100 1609 0.026530914
93 80 3 100 112 0.026538977
77 28 3 100 150 0.026570501
27 67 3 100 1777 0.026575363
104 84 3 100 710 0.026662037
99 107 3 100 451510 0.026684886
81 26 3 100 136 0.026700785
28 116 3 100 446 0.026733262
99 66 3 100 120999211 0.026752581
72 16 3 100 8205 0.026769108
79 103 3 100 1859 0.026918390
110 83 3 100 9482 0.026941845
82 108 3 100 2257096 0.026987434
33 25 3 100 1785 0.027031805
78 117 3 100 440 0.027137406
77 54 3 100 7714 0.027144556
41 51 3 100 641 0.027405407
29 125 3 100 158 0.027473015
104 2 3 100 4450 0.027529746
103 41 3 100 257 0.027547769
77 110 3 100 1395 0.027703993
92 103 3 100 1033 0.027779283
85 39 3 100 982639039 0.027787165
49 82 3 100 711 0.027806143
44 67 3 100 56215 0.027965778
100 86 3 100 613 0.027978305
73 1 3 100 489 0.028043139
49 126 3 100 1775 0.028300243
93 4 3 100 205 0.028330253
85 45 3 100 313 0.028475549
116 119 3 100 281 0.028506547
54 50 3 100 395 0.028578526
105 111 3 100 2349 0.028764897
127 61 3 100 6379 0.028781208
45 100 3 100 925 0.028848960
67 63 3 100 280093 0.028867751
116 114 3 100 529 0.028909220
45 53 3 100 110 0.028921503
78 107 3 100 179 0.028998951
9 82 3 100 892990 0.029042500
40 120 3 100 754 0.029074483
80 107 3 100 311 0.029075438
82 40 3 100 27940465 0.029096024
97 80 3 100 958 0.029111830
52 79 3 100 585 0.029148405
8 6 3 100 1337 0.029309439
70 40 3 100 3998 0.029368210
81 16 3 100 463 0.029400679
123 79 3 100 1413 0.029404674
115 113 3 100 263 0.029413725
88 46 3 100 886 0.029453395
64 4 3 100 83410 0.029467979
71 55 3 100 440232 0.029483366
31 56 3 100 989 0.029510666
66 30 3 100 976177 0.029564168
121 12 3 100 153 0.029585635
54 58 3 100 155 0.029633095
54 43 3 100 2344 0.029720757
111 30 3 100 2824 0.029733353
6 58 3 100 847 0.029773424
62 87 3 100 819 0.029877467
70 37 3 100 2456 0.029923612
51 77 3 100 1309 0.030150731
19 106 3 100 1583 0.030181529
46 6 3 100 1065 0.030239277
28 48 3 100 5610 0.030309128
78 98 3 100 598712 0.030324582
45 63 3 100 3117 0.030330295
6 9 3 100 545 0.030380607
46 115 3 100 157 0.030404785
61 105 3 100 363 0.030426114
108 124 3 100 398 0.030490360
86 98 3 100 399247 0.030561367
95 34 3 100 215 0.030612132
16 81 3 100 731 0.030639933
80 71 3 100 130 0.030658789
82 42 3 100 1402 0.030731670
89 25 3 100 555 0.030763249
68 55 3 100 58980 0.030795038
22 83 3 100 574 0.030916250
52 70 3 100 100959 0.030920015
92 75 3 100 133 0.030940260
127 81 3 100 733 0.030952491
70 122 3 100 1426 0.030983880
1 8 3 100 146 0.030987367
94 34 3 100 973 0.031089953
102 100 3 100 4223 0.031163089
78 2 3 100 861 0.031178470
44 119 3 100 865 0.031370284
18 21 3 100 667 0.031425660
114 3 3 100 1071 0.031658009
50 107 3 100 711 0.031668795
127 82 3 100 422 0.031729247
125 76 3 100 1097 0.031825734
103 22 3 100 1809881 0.031892923
95 80 3 100 451 0.031907562
116 92 3 100 618 0.031925258
122 66 3 100 8681 0.031931968
12 97 3 100 717 0.031953199
127 105 3 100 94068 0.032233631
104 58 3 100 938 0.032254482
33 89 3 100 1582904 0.032406516
18 59 3 100 384 0.032406633
22 119 3 100 1351 0.032470836
44 18 3 100 805 0.032509143
68 89 3 100 322 0.032737481
109 110 3 100 618 0.032746228
98 112 3 100 817 0.032924457
122 86 3 100 1769956 0.033049101
42 16 3 100 1201 0.033066600
96 0 3 100 48397 0.033080658
53 46 3 100 376 0.033152256
14 123 3 100 148 0.033162548
59 33 3 100 442 0.033204373
70 51 3 100 2750 0.033209160
90 39 3 100 32062 0.033211946
40 81 3 100 5271349 0.033231701
49 7 3 100 1562 0.033252140
123 45 3 100 2490 0.033256457
105 117 3 100 1740 0.033279703
60 24 3 100 1601 0.033540387
19 73 3 100 1811 0.033560974
14 47 3 100 1460 0.033679392
40 94 3 100 593553574 0.033932261
21 63 3 100 1493 0.033940309
52 39 3 100 633 0.034038764
16 123 3 100 55502 0.034074616
91 19 3 100 134 0.034263794
85 9 3 100 211 0.034288238
69 95 3 100 75749 0.034428819
53 60 3 100 976 0.034535381
90 35 3 100 393 0.034545285
12 42 3 100 1758 0.034548579
39 55 3 100 12028 0.034583517
61 48 3 100 758866 0.034714025
103 82 3 100 6922 0.034742441
106 30 3 100 257 0.034761735
96 16 3 100 924 0.034777548
64 52 3 100 610439 0.034801346
112 12 3 100 824 0.034907164
118 94 3 100 939 0.035015642
23 31 3 100 484 0.035141266
98 63 3 100 4451 0.035145912
116 80 3 100 2345 0.035151926
18 10 3 100 365 0.035176141
31 62 3 100 1466 0.035433260
90 94 3 100 41837222 0.035472762
124 83 3 100 1025 0.035479939
80 18 3 100 610 0.035516305
18 56 3 100 2175439 0.035586602
121 26 3 100 9631 0.035639818
41 120 3 100 1084 0.035662118
34 58 3 100 482 0.035803539
37 22 3 100 486 0.035833571
36 84 3 100 3960 0.035901373
5 51 3 100 161001 0.035912335
49 106 3 100 534 0.035933722
83 8 3 100 30190537 0.035993350
100 70 3 100 9436 0.036037250
38 125 3 100 310 0.036102848
25 7 3 100 897 0.036111056
72 21 3 100 5311 0.036140403
30 22 3 100 106 0.036187528
107 63 3 100 417 0.036211429
45 11 3 100 905 0.036223586
31 16 3 100 862 0.036453350
40 15 3 100 672 0.036469835
126 106 3 100 669635 0.036603393
41 77 3 100 635 0.036608677
109 118 3 100 593 0.036621535
27 42 3 100 672477 0.036668256
37 54 3 100 1825 0.036672938
31 87 3 100 5745 0.036877831
96 97 3 100 344 0.036888424
9 114 3 100 829 0.036979663
102 120 3 100 816 0.037022894
35 68 3 100 873 0.037050311
81 10 3 100 492 0.037056451
104 71 3 100 2614 0.037066104
91 27 3 100 2000 0.037087148
79 28 3 100 673 0.037095404
50 82 3 100 246 0.037113947
1 16 3 100 1379 0.037140779
71 75 3 100 1571 0.037250112
8 13 3 100 43077733 0.037281728
4 97 3 100 2194 0.037292153
68 2 3 100 8109 0.037350616
34 47 3 100 532 0.037403494
87 48 3 100 346 0.037405805
92 20 3 100 972292774 0.037411349
104 79 3 100 840 0.037485191
32 116 3 100 334 0.037576424
107 93 3 100 8393 0.037581792
3 74 3 100 6493 0.037745299
16 73 3 100 512811456 0.037940556
27 103 3 100 122530 0.038150531
79 114 3 100 6534 0.038379921
39 84 3 100 595 0.038450262
27 41 3 100 141 0.038581342
5 49 3 100 866 0.038604760
79 69 3 100 4245 0.038640219
50 52 3 100 39296040 0.038701159
71 109 3 100 6530 0.038703958
114 87 3 100 239 0.038711364
113 12 3 100 2331 0.038747705
27 114 3 100 213547 0.038765935
72 0 3 100 827 0.039062516
33 73 3 100 886 0.039111069
77 103 3 100 456 0.039130878
50 109 3 100 3426706 0.039220383
101 27 3 100 436 0.039236013
14 79 3 100 244 0.039257393
78 106 3 100 793 0.039285489
23 63 3 100 27201085 0.039295978
111 116 3 100 320 0.039314629
23 24 3 100 981 0.039367265
100 97 3 100 634 0.039380301
89 97 3 100 111999932 0.039725295
5 35 3 100 24388 0.039746952
126 41 3 100 625 0.039782173
125 117 3 100 3323 0.039930183
40 97 3 100 103 0.040053848
105 107 3 100 19457613 0.040277970
51 4 3 100 1145 0.040331145
116 43 3 100 701 0.040349277
27 13 3 100 118 0.040403445
49 121 3 100 535394717 0.040454798
33 105 3 100 220 0.040460145
56 33 3 100 390 0.040510468
42 51 3 100 1294 0.040614516
48 91 3 100 826 0.040708331
83 58 3 100 1212 0.040781936
53 84 3 100 1527 0.041005323
66 5 3 100 352 0.041176095
104 68 3 100 604674 0.041193687
46 12 3 100 941 0.041224707
64 71 3 100 501 0.041238431
101 116 3 100 1062 0.041357583
87 88 3 100 585 0.041421692
48 21 3 100 27985 0.041450329
49 27 3 100 4188 0.041599561
62 108 3 100 524 0.041735860
11 19 3 100 48946 0.041736337
71 105 3 100 548 0.041903234
57 111 3 100 211 0.041986033
108 124 3 100 272 0.042082332
49 42 3 100 895 0.042113188
49 55 3 100 176 0.042209631
112 13 3 100 868 0.042319188
40 8 3 100 98897801 0.042364340
99 44 3 100 758 0.042421416
117 127 3 100 100 0.042441052
5 86 3 100 70638 0.042444661
127 116 3 100 103 0.042527623
95 90 3 100 694 0.042659460
79 93 3 100 1416131 0.042673781
30 82 3 100 695 0.042796355
66 0 3 100 838 0.042802323
95 55 3 100 1605 0.042844983
0 28 3 100 385581 0.043009073
34 76 3 100 7868 0.043021176
26 72 3 100 164 0.043114558
52 119 3 100 783775 0.043144882
9 110 3 100 1732 0.043194420
42 47 3 100 3811 0.043376820
50 119 3 100 1099 0.043394143
53 11 3 100 994 0.043451893
107 71 3 100 38897 0.043462203
77 83 3 100 163 0.043462369
83 28 3 100 374 0.043465135
122 37 3 100 876 0.043481498
111 18 3 100 518 0.043483769
42 89 3 100 11985 0.043608543
21 20 3 100 6162 0.043629171
7 37 3 100 2117 0.043814962
6 37 3 100 100 0.043858024
112 98 3 100 218 0.043928976
21 105 3 100 288 0.043959669
66 63 3 100 25180497 0.044021206
52 25 3 100 598 0.044481182
50 8 3 100 233032 0.044491068
126 40 3 100 1603 0.044574084
50 116 3 100 247 0.044614379
46 106 3 100 678 0.044695431
58 82 3 100 1038 0.045056387
27 100 3 100 1814 0.045322010
27 19 3 100 120 0.045703992
21 4 3 100 359 0.045772729
60 45 3 100 692963 0.045821125
90 55 3 100 717 0.045859727
15 36 3 100 857 0.045874269
6 103 3 100 363 0.045875367
24 59 3 100 18304 0.046025808
64 61 3 100 111 0.046313999
107 12 3 100 24319 0.046455954
79 84 3 100 865 0.046476600
66 37 3 100 1985 0.046767660
35 58 3 100 1675413 0.046789976
105 122 3 100 2889 0.047036778
126 34 3 100 616 0.047247844
49 90 3 100 577 0.047319981
79 71 3 100 819 0.047510022
126 16 3 100 252430 0.047684177
126 34 3 100 1080 0.047745574
89 47 3 100 534 0.047761752
64 51 3 100 721 0.048236795
57 111 3 100 927 0.048398328
35 102 3 100 1673 0.048503128
119 13 3 100 314 0.048572827
127 85 3 100 5143662 0.049029871
