9971 
17 34 3 100 172 0.000018258
13 63 3 100 1921 0.000020488
118 26 3 100 459 0.000070092
50 60 3 100 344 0.000098944
112 95 3 100 1494 0.000145726
95 12 3 100 1426 0.000186340
26 96 3 100 740 0.000204910
7 99 3 100 236 0.000260238
68 87 3 100 517 0.000321233
46 78 3 100 166 0.000342006
101 1 3 100 618 0.000402993
43 57 3 100 692 0.000547516
35 34 3 100 8558 0.000549242
61 41 3 100 6776 0.000633933
76 88 3 100 920 0.000656509
104 66 3 100 941 0.000663401
77 18 3 100 212 0.000697581
124 33 3 100 5086 0.000720394
58 60 3 100 1191 0.000790081
43 25 3 100 3107 0.000946919
117 11 3 100 409 0.001005423
23 45 3 100 9645 0.001012865
17 73 3 100 1182 0.001074266
84 88 3 100 25237 0.001197279
114 53 3 100 751 0.001213272
68 125 3 100 317983 0.001271528
114 26 3 100 2558 0.001298011
33 8 3 100 1123300 0.001353048
96 52 3 100 1651 0.001413786
64 42 3 100 172814 0.001476326
126 76 3 100 983 0.001805069
71 98 3 100 389 0.001858055
86 100 3 100 124 0.001969760
43 73 3 100 113 0.002038469
72 104 3 100 738 0.002061932
31 51 3 100 1721080 0.002090795
87 121 3 100 214 0.002100817
67 68 3 100 1119123 0.002102686
112 95 3 100 859 0.002127217
3 88 3 100 329 0.002196282
47 11 3 100 5318 0.002226183
13 26 3 100 107 0.002241145
85 21 3 100 987730 0.002251168
107 51 3 100 236 0.002327274
77 124 3 100 337 0.002330832
122 49 3 100 813 0.002351094
100 11 3 100 1425 0.002426116
56 112 3 100 1528960 0.002457404
108 11 3 100 487 0.002533639
90 77 3 100 9119 0.002558984
2 15 3 100 348 0.002561018
67 5 3 100 771 0.002618414
118 22 3 100 1833 0.002669982
105 102 3 100 231 0.002673495
48 16 3 100 989 0.002694891
82 21 3 100 1810 0.002700130
101 57 3 100 411 0.002743837
0 121 3 100 3395 0.002791334
51 17 3 100 578 0.002832823
106 8 3 100 1023 0.002907463
71 120 3 100 67935 0.002959148
119 77 3 100 1528 0.003096144
73 19 3 100 767147915 0.003146505
55 77 3 100 303 0.003230636
114 62 3 100 1453 0.003273881
40 15 3 100 110292 0.003278185
118 86 3 100 1000568 0.003280657
81 50 3 100 946 0.003341211
72 117 3 100 25587059 0.003357524
57 94 3 100 1378 0.003357535
26 35 3 100 130 0.003380229
98 55 3 100 2329 0.003391967
124 122 3 100 904 0.003416177
51 62 3 100 735 0.003624832
2 78 3 100 83709234 0.003640799
102 24 3 100 22667 0.003666201
48 26 3 100 922686 0.003721083
8 94 3 100 344 0.003785346
58 51 3 100 11957 0.003910900
40 50 3 100 866046 0.003937901
96 44 3 100 77072 0.003972704
61 25 3 100 1848 0.004185787
71 89 3 100 1537 0.004209449
3 79 3 100 898 0.004246327
61 118 3 100 1080 0.004267691
41 12 3 100 492 0.004301886
28 81 3 100 587 0.004486848
127 116 3 100 8719 0.004551163
119 21 3 100 203 0.004555061
108 62 3 100 31151 0.004557580
9 102 3 100 4360 0.004601545
125 4 3 100 4417 0.004704956
28 86 3 100 3785 0.004714336
83 52 3 100 89322 0.004819911
127 65 3 100 7495 0.004862552
31 117 3 100 698 0.004864529
42 21 3 100 1098 0.004939819
20 90 3 100 251 0.004942912
95 69 3 100 461 0.005196112
105 46 3 100 909 0.005344464
102 11 3 100 120 0.005408024
19 6 3 100 2180 0.005423822
62 63 3 100 1385822 0.005448289
46 28 3 100 505472 0.005468354
31 24 3 100 1065 0.005490229
107 82 3 100 226070 0.005536175
4 125 3 100 314 0.005543998
47 38 3 100 5818 0.005582364
42 93 3 100 531 0.005606578
4 54 3 100 436 0.005629242
10 103 3 100 612 0.005629469
12 86 3 100 5727 0.005704886
94 45 3 100 5264 0.005723867
48 8 3 100 1556 0.005741524
70 69 3 100 275 0.005810757
36 43 3 100 1246 0.005824138
7 38 3 100 268 0.005861259
36 73 3 100 104 0.005864248
125 65 3 100 497 0.005907147
88 89 3 100 763097 0.005955508
79 41 3 100 86095 0.006000271
77 9 3 100 28044025 0.006025183
43 55 3 100 1037365 0.006045310
67 62 3 100 1558 0.006068251
114 110 3 100 1821 0.006102434
14 91 3 100 125 0.006115556
66 117 3 100 2761 0.006161684
97 115 3 100 708 0.006165898
82 125 3 100 645 0.006207414
96 86 3 100 3372995 0.006238975
42 3 3 100 27861602 0.006246308
62 127 3 100 60973 0.006267343
56 60 3 100 5809 0.006275428
26 105 3 100 923 0.006304551
10 125 3 100 1217 0.006310842
110 112 3 100 679 0.006388788
76 70 3 100 279 0.006390402
62 119 3 100 1662 0.006437651
73 108 3 100 502 0.006438369
113 50 3 100 27519 0.006552320
122 87 3 100 263 0.006558656
77 39 3 100 628 0.006585242
33 0 3 100 11377287 0.006590687
37 26 3 100 14016 0.006606518
100 126 3 100 868 0.006611429
48 86 3 100 546 0.006614830
35 3 3 100 1491 0.006650875
47 92 3 100 1507 0.006657951
41 81 3 100 223 0.006725477
106 71 3 100 851 0.006742080
29 31 3 100 1686 0.006793144
123 108 3 100 688 0.006881153
94 92 3 100 1820118 0.006997917
17 93 3 100 4490 0.007015720
69 120 3 100 2517 0.007030073
84 46 3 100 549 0.007116922
31 48 3 100 293 0.007134364
116 105 3 100 909 0.007226345
21 119 3 100 944 0.007248288
86 39 3 100 495 0.007502105
106 82 3 100 389 0.007523339
81 45 3 100 148 0.007674720
92 52 3 100 3612 0.007828254
57 4 3 100 190 0.007847056
41 19 3 100 840 0.007856718
58 105 3 100 1340 0.007918513
0 4 3 100 457 0.008018861
118 12 3 100 196 0.008122332
82 112 3 100 1609652 0.008126549
3 5 3 100 300 0.008138008
105 78 3 100 1005 0.008219092
97 124 3 100 366 0.008248450
74 21 3 100 482 0.008297109
80 119 3 100 696 0.008318815
16 79 3 100 250 0.008351581
60 4 3 100 6295155 0.008356392
60 113 3 100 304 0.008401666
40 89 3 100 661 0.008409127
55 77 3 100 8565 0.008418387
4 110 3 100 753 0.008580666
2 118 3 100 9466 0.008674490
101 31 3 100 692 0.008702304
95 27 3 100 420 0.008736161
81 64 3 100 697 0.008771261
96 42 3 100 529 0.008775021
24 84 3 100 911 0.008807551
114 49 3 100 2610 0.008824547
79 117 3 100 276 0.008903419
98 53 3 100 169 0.008959078
6 60 3 100 767 0.009057245
26 108 3 100 1386 0.009082122
19 116 3 100 148 0.009096762
17 57 3 100 57307826 0.009132075
118 66 3 100 1363 0.009150338
16 59 3 100 298 0.009310859
95 118 3 100 1392840 0.009326230
17 4 3 100 6928 0.009394371
65 80 3 100 6997 0.009458896
122 36 3 100 663 0.009511152
71 75 3 100 592 0.009511272
6 5 3 100 311 0.009523502
118 110 3 100 19982 0.009562977
8 89 3 100 657831 0.009568427
76 61 3 100 1312 0.009583120
12 94 3 100 541 0.009606957
25 17 3 100 350 0.009610362
115 16 3 100 1061 0.009632666
0 104 3 100 1114 0.009646020
101 45 3 100 8515 0.009661438
73 21 3 100 916 0.009757574
44 63 3 100 7633 0.009825565
60 44 3 100 3371429 0.009833085
61 17 3 100 38106726 0.009955852
10 30 3 100 522 0.009971445
8 34 3 100 182 0.009978900
67 80 3 100 916 0.010045376
118 115 3 100 729 0.010074111
38 92 3 100 5104 0.010078707
119 86 3 100 4676 0.010168528
56 79 3 100 1282 0.010268648
125 45 3 100 501 0.010302754
71 59 3 100 846 0.010313132
71 104 3 100 1051 0.010314125
16 21 3 100 5027 0.010424614
10 50 3 100 8616 0.010427919
24 40 3 100 557 0.010464786
69 102 3 100 1020925 0.010482374
15 25 3 100 152 0.010499913
103 117 3 100 137 0.010593146
50 88 3 100 3016 0.010608969
75 23 3 100 220 0.010762792
94 7 3 100 157 0.010852041
124 26 3 100 1492908 0.010855750
5 118 3 100 462 0.010922580
58 68 3 100 374461 0.010929387
85 51 3 100 489 0.010941754
53 115 3 100 8128 0.010948759
50 62 3 100 1032 0.010954006
115 121 3 100 395 0.010986885
63 78 3 100 499 0.011029221
78 62 3 100 887 0.011035049
24 48 3 100 4056568 0.011085484
107 71 3 100 1723 0.011114055
12 29 3 100 130 0.011127955
54 112 3 100 214939 0.011134316
61 13 3 100 1646 0.011153418
72 42 3 100 1039 0.011208259
37 81 3 100 128 0.011286744
20 7 3 100 866 0.011369047
90 124 3 100 1750 0.011406867
42 103 3 100 762 0.011425959
113 77 3 100 5524 0.011434694
116 85 3 100 3242 0.011448613
70 122 3 100 1093 0.011520454
17 112 3 100 1751575 0.011523817
29 0 3 100 731 0.011542203
43 31 3 100 721 0.011551479
7 72 3 100 1412 0.011570508
59 10 3 100 125 0.011580748
63 57 3 100 963 0.011614893
47 100 3 100 569 0.011631479
126 109 3 100 129 0.011639998
69 122 3 100 992 0.011647588
49 126 3 100 133623 0.011651596
101 44 3 100 8366 0.011656254
99 88 3 100 707 0.011702035
29 47 3 100 388 0.011766831
25 26 3 100 588 0.011804607
5 75 3 100 502 0.011929303
21 59 3 100 88489 0.011947748
45 8 3 100 1614147 0.012038839
15 65 3 100 14470 0.012154659
47 3 3 100 131 0.012322039
83 22 3 100 19295 0.012473770
82 33 3 100 158 0.012501456
41 112 3 100 692 0.012511640
65 24 3 100 102 0.012542147
43 7 3 100 8379 0.012543770
36 70 3 100 180 0.012650870
27 40 3 100 540 0.012685430
118 68 3 100 308 0.012787484
49 56 3 100 160 0.012824003
75 110 3 100 37586 0.012826339
79 24 3 100 219 0.012862378
35 13 3 100 850 0.012996884
58 29 3 100 693 0.013074260
10 54 3 100 1829229 0.013101412
110 123 3 100 1841 0.013103272
97 85 3 100 482 0.013163975
85 80 3 100 1087 0.013194365
24 71 3 100 77978 0.013196665
68 66 3 100 231 0.013203916
113 96 3 100 60887 0.013307040
3 61 3 100 308 0.013346859
66 60 3 100 1786884 0.013393425
1 85 3 100 304770 0.013453947
120 53 3 100 5664 0.013540943
38 76 3 100 28876 0.013566812
23 74 3 100 2733 0.013599313
22 60 3 100 1125332 0.013606185
48 53 3 100 429 0.013642842
40 106 3 100 6056 0.013680646
45 0 3 100 565 0.013769093
64 19 3 100 8009 0.013784545
56 84 3 100 3073 0.013798354
63 23 3 100 1039 0.013873645
32 63 3 100 518 0.013883499
112 104 3 100 1455 0.013913693
70 50 3 100 1426 0.013914620
91 103 3 100 160 0.013932154
110 51 3 100 213971 0.013964691
45 112 3 100 7306 0.014089901
61 126 3 100 3095 0.014101389
69 4 3 100 120 0.014141376
76 39 3 100 179 0.014222090
35 124 3 100 228 0.014326849
118 12 3 100 1024 0.014354776
105 57 3 100 83784 0.014395260
78 50 3 100 3490 0.014454195
58 29 3 100 65617 0.014476108
59 7 3 100 54521 0.014491651
51 75 3 100 1885 0.014497868
109 30 3 100 1860 0.014583536
113 16 3 100 446 0.014611289
99 65 3 100 710 0.014633707
57 37 3 100 2030 0.014659551
14 98 3 100 1819976 0.014700542
42 54 3 100 984 0.014810210
17 74 3 100 411 0.014937844
47 73 3 100 557 0.014999596
90 83 3 100 86717 0.015055519
54 51 3 100 5152 0.015064166
78 58 3 100 1858 0.015087491
90 96 3 100 514 0.015089127
112 36 3 100 72971 0.015215942
5 15 3 100 7525 0.015257918
29 54 3 100 4969 0.015314627
10 11 3 100 6151 0.015359406
36 95 3 100 798950 0.015365876
68 118 3 100 1156 0.015382121
33 93 3 100 94267 0.015420265
116 55 3 100 42785 0.015537777
9 12 3 100 426 0.015550095
2 122 3 100 196 0.015731207
69 123 3 100 1388 0.015761561
55 112 3 100 7256 0.015791752
37 29 3 100 2534 0.015837656
55 60 3 100 1868 0.015852874
37 92 3 100 3074 0.015922512
54 101 3 100 225 0.015939498
28 73 3 100 942 0.016095157
27 107 3 100 1642 0.016122957
23 120 3 100 1350 0.016211336
103 25 3 100 140 0.016215015
85 22 3 100 71641 0.016323435
78 15 3 100 1595 0.016365791
40 88 3 100 1594 0.016413920
33 48 3 100 2356 0.016442120
30 31 3 100 840 0.016469361
81 103 3 100 189 0.016470141
15 113 3 100 1069 0.016511787
22 0 3 100 2978 0.016650628
65 50 3 100 741 0.016665525
117 13 3 100 316 0.016727377
91 89 3 100 474 0.016744574
122 10 3 100 8173 0.016779589
118 81 3 100 3084 0.016852479
96 17 3 100 8398731 0.016900382
99 15 3 100 189 0.016927325
10 5 3 100 663 0.016933750
127 123 3 100 144 0.016956320
103 3 3 100 195 0.017036810
43 123 3 100 273 0.017037906
94 105 3 100 752 0.017069873
45 75 3 100 888 0.017072529
126 56 3 100 3882 0.017085685
7 48 3 100 88452 0.017162307
107 41 3 100 1057 0.017176668
65 109 3 100 17109 0.017188269
9 24 3 100 563 0.017188678
91 23 3 100 692 0.017212193
67 72 3 100 386 0.017223481
86 91 3 100 33618 0.017226838
44 125 3 100 102403608 0.017233822
14 83 3 100 6733236 0.017277594
27 44 3 100 276847 0.017354472
118 112 3 100 253 0.017386876
29 20 3 100 3802 0.017430166
78 75 3 100 1518 0.017467100
110 85 3 100 133 0.017508791
3 84 3 100 1156 0.017537079
93 66 3 100 1762 0.017563238
118 46 3 100 170 0.017574299
91 99 3 100 471917 0.017633612
59 53 3 100 76493170 0.017642161
57 98 3 100 100 0.017674415
73 2 3 100 835 0.017752741
80 91 3 100 348 0.017782661
17 22 3 100 1024 0.017843170
106 39 3 100 303 0.017968398
34 70 3 100 1756 0.018020537
48 93 3 100 1001 0.018038952
99 24 3 100 6049 0.018082423
25 21 3 100 1434 0.018109290
64 38 3 100 162725 0.018114465
26 8 3 100 285 0.018203431
24 29 3 100 863 0.018235256
94 97 3 100 419 0.018244772
38 54 3 100 96407 0.018325168
46 87 3 100 581 0.018499253
121 96 3 100 1733 0.018563095
85 26 3 100 634 0.018613769
44 109 3 100 5473 0.018627539
93 3 3 100 147 0.018690356
121 11 3 100 122 0.018795932
91 105 3 100 988 0.018856253
95 93 3 100 2236 0.018859402
83 25 3 100 249637839 0.018932257
90 127 3 100 539 0.019034873
27 84 3 100 19252915 0.019056477
33 85 3 100 3863 0.019123170
77 110 3 100 1745 0.019180405
123 40 3 100 316 0.019332506
59 53 3 100 1309 0.019340834
75 1 3 100 29000 0.019344748
87 92 3 100 183 0.019396681
57 117 3 100 142 0.019439904
64 114 3 100 237201703 0.019449289
28 78 3 100 5938 0.019486015
30 1 3 100 356 0.019538234
32 43 3 100 6317 0.019612646
84 104 3 100 609 0.019614955
80 113 3 100 3965 0.019631937
4 53 3 100 8348 0.019657504
117 12 3 100 181 0.019664891
95 59 3 100 359 0.019773067
80 126 3 100 1097 0.019838500
38 46 3 100 383 0.019920643
46 65 3 100 185634704 0.019941641
41 88 3 100 9374 0.019983979
18 116 3 100 157 0.020010384
70 3 3 100 690 0.020176539
51 4 3 100 747 0.020236672
104 34 3 100 5433 0.020272186
89 56 3 100 1062 0.020363418
125 88 3 100 323 0.020394583
125 79 3 100 152 0.020485203
8 105 3 100 109 0.020538950
25 58 3 100 432 0.020542040
115 5 3 100 1330 0.020566581
61 97 3 100 959 0.020636586
62 63 3 100 518 0.020665042
113 52 3 100 782 0.020713948
50 88 3 100 560 0.020778273
38 3 3 100 2914 0.020852651
35 27 3 100 7942 0.020853916
22 53 3 100 3965 0.020863558
65 50 3 100 54468495 0.020885373
22 70 3 100 492 0.020893653
96 0 3 100 1435 0.020921882
38 23 3 100 1816 0.021016735
124 42 3 100 143 0.021050941
42 84 3 100 395 0.021107611
6 27 3 100 133 0.021117751
108 11 3 100 7297 0.021182261
93 33 3 100 1520 0.021201117
127 87 3 100 288 0.021272119
44 60 3 100 8555 0.021304528
48 28 3 100 666386 0.021362612
5 39 3 100 4417 0.021395231
3 78 3 100 173 0.021482709
25 88 3 100 19351 0.021487068
44 33 3 100 7626 0.021584303
67 107 3 100 133610298 0.021649522
116 62 3 100 1160 0.021873908
34 96 3 100 125 0.021888077
0 64 3 100 2099 0.021913391
14 73 3 100 315 0.021951534
112 89 3 100 597 0.022025887
21 103 3 100 681 0.022051556
76 10 3 100 472 0.022093334
52 123 3 100 164 0.022110521
112 101 3 100 174 0.022119220
84 77 3 100 956 0.022134221
23 47 3 100 2380 0.022196393
123 16 3 100 5790665 0.022209442
40 15 3 100 6105 0.022378150
26 98 3 100 21534279 0.022384249
127 103 3 100 140 0.022388320
39 99 3 100 350 0.022396801
68 125 3 100 1076 0.022417734
33 62 3 100 771 0.022487115
16 72 3 100 3835 0.022526062
113 2 3 100 1167 0.022534151
3 5 3 100 3817 0.022602531
127 82 3 100 1975 0.022606135
73 102 3 100 64581 0.022647826
57 3 3 100 174 0.022714401
85 47 3 100 1182757 0.022717274
102 121 3 100 132 0.022855379
42 100 3 100 1023 0.022860926
58 5 3 100 1576 0.022891085
99 16 3 100 1105336 0.022992455
72 51 3 100 578 0.023018087
88 24 3 100 808 0.023021139
85 8 3 100 133386 0.023106856
105 102 3 100 856 0.023185780
92 16 3 100 2471 0.023343226
39 114 3 100 138 0.023361944
34 54 3 100 656 0.023409726
61 15 3 100 8802 0.023430271
110 28 3 100 585 0.023431208
26 73 3 100 6677 0.023487071
35 38 3 100 537 0.023532152
96 88 3 100 100 0.023555623
72 36 3 100 1216629 0.023586168
60 0 3 100 199 0.023586897
12 111 3 100 784 0.023629244
120 94 3 100 253 0.023635925
86 52 3 100 7463 0.023776017
124 0 3 100 330 0.023781883
56 29 3 100 199016 0.023792564
37 12 3 100 133 0.023811411
14 46 3 100 594 0.023818899
36 111 3 100 251 0.023835033
37 0 3 100 959 0.023861188
76 82 3 100 540 0.023892051
56 46 3 100 127 0.024053573
117 14 3 100 889 0.024069822
68 70 3 100 869 0.024078860
7 87 3 100 172 0.024126815
14 22 3 100 479 0.024164217
95 14 3 100 6322 0.024235236
68 87 3 100 1794 0.024269940
114 64 3 100 7597 0.024333904
11 88 3 100 427584 0.024380653
104 70 3 100 126 0.024410414
110 81 3 100 103 0.024412273
65 123 3 100 3151 0.024428726
93 105 3 100 1669 0.024456979
49 124 3 100 6439 0.024494804
81 6 3 100 41273 0.024525495
18 60 3 100 262381 0.024529569
44 70 3 100 8403 0.024539712
82 90 3 100 484 0.024598636
113 13 3 100 1018 0.024611470
35 107 3 100 1003 0.024708388
90 107 3 100 237 0.024814509
86 35 3 100 234477 0.024833017
85 101 3 100 807 0.024836425
92 68 3 100 42692 0.024855095
82 20 3 100 1867 0.024870754
125 47 3 100 120 0.024876607
121 99 3 100 549 0.024886639
31 46 3 100 508 0.024917649
23 90 3 100 6507 0.024961822
39 101 3 100 1863 0.025000355
119 86 3 100 203 0.025025425
127 73 3 100 343 0.025025448
72 36 3 100 709928 0.025031335
29 64 3 100 752 0.025045956
85 93 3 100 330 0.025059846
96 110 3 100 3447 0.025106756
42 81 3 100 1103 0.025246812
114 89 3 100 151 0.025253494
50 74 3 100 4702 0.025266752
70 116 3 100 421 0.025293848
124 73 3 100 5319 0.025388682
89 35 3 100 7601 0.025394997
99 33 3 100 262689 0.025440877
88 42 3 100 37342 0.025468258
82 118 3 100 9610 0.025553330
86 126 3 100 221 0.025606245
126 96 3 100 1039 0.025629818
56 73 3 100 365 0.025824069
54 4 3 100 464 0.025909427
6 16 3 100 102 0.025952662
81 108 3 100 1052 0.025985981
20 17 3 100 2995 0.026071901
112 122 3 100 480 0.026074822
25 37 3 100 938 0.026080468
125 79 3 100 4883 0.026085440
27 117 3 100 1280 0.026097683
115 63 3 100 908 0.026161174
0 35 3 100 121 0.026221900
120 117 3 100 1894 0.026291495
7 66 3 100 189 0.026449137
106 5 3 100 266 0.026452524
88 81 3 100 1211 0.026511481
4 111 3 100 1164 0.026527665
83 123 3 100 130 0.026551528
49 96 3 100 26758945 0.026834926
87 4 3 100 315 0.026890806
115 68 3 100 904 0.026900245
50 44 3 100 350826 0.026911193
56 10 3 100 8435 0.026912047
119 101 3 100 618 0.026970943
106 51 3 100 1368634 0.026983751
81 44 3 100 1770 0.026991740
109 24 3 100 977 0.026991836
32 35 3 100 629 0.027032636
8 24 3 100 2042 0.027141538
94 65 3 100 155 0.027157509
5 101 3 100 140 0.027172182
87 71 3 100 699 0.027183138
82 59 3 100 907925 0.027200894
51 59 3 100 131 0.027206225
38 66 3 100 310 0.027217121
98 34 3 100 1004 0.027217353
16 57 3 100 8714 0.027273729
106 115 3 100 852 0.027351758
58 79 3 100 1795235 0.027450686
42 94 3 100 759 0.027497238
6 74 3 100 318 0.027501921
53 28 3 100 109 0.027596124
48 3 3 100 58198 0.027622143
53 21 3 100 1314 0.027668643
124 6 3 100 521 0.027689398
16 69 3 100 8605 0.027764886
86 116 3 100 227 0.027785904
81 108 3 100 1704 0.027810724
48 94 3 100 400 0.027842744
24 62 3 100 805 0.028012121
116 25 3 100 113 0.028013414
79 120 3 100 377 0.028048747
124 121 3 100 164 0.028051952
19 74 3 100 1160614 0.028069718
53 10 3 100 788357516 0.028074051
82 17 3 100 949 0.028080859
71 126 3 100 760902725 0.028132178
80 40 3 100 1840 0.028191004
106 25 3 100 148 0.028233308
32 93 3 100 353 0.028235558
38 90 3 100 413745 0.028324792
24 41 3 100 193 0.028340675
76 56 3 100 1045 0.028345412
66 6 3 100 5016 0.028354555
81 85 3 100 1771 0.028387109
10 16 3 100 1286 0.028433383
77 61 3 100 1065 0.028490216
36 90 3 100 396 0.028515712
72 41 3 100 113 0.028535748
125 105 3 100 394 0.028560792
6 98 3 100 454 0.028574993
86 46 3 100 4244347 0.028590689
47 93 3 100 855 0.028596616
3 62 3 100 393 0.028608140
75 35 3 100 72577 0.028661110
44 3 3 100 68400 0.028672410
84 91 3 100 1027 0.028676349
46 9 3 100 13936 0.028783148
50 92 3 100 1664 0.028856906
70 26 3 100 1352413 0.028876947
117 10 3 100 1343 0.028948516
70 59 3 100 1354 0.028981584
17 127 3 100 20419758 0.029043859
76 44 3 100 798 0.029069364
31 106 3 100 161 0.029072646
95 123 3 100 399 0.029222289
94 117 3 100 791 0.029272511
118 127 3 100 389 0.029280773
28 34 3 100 151 0.029347362
77 90 3 100 337 0.029381262
47 41 3 100 195 0.029403416
7 45 3 100 361 0.029413707
13 71 3 100 45713 0.029512196
124 108 3 100 7267 0.029576734
83 72 3 100 183 0.029588010
16 26 3 100 383 0.029590843
71 93 3 100 1091 0.029602344
77 16 3 100 25643 0.029633433
49 70 3 100 771 0.029649513
44 17 3 100 185 0.029685997
19 29 3 100 1032 0.029727901
42 86 3 100 1606 0.029768749
111 63 3 100 6719 0.029788026
84 17 3 100 1832 0.029804941
51 82 3 100 900 0.029882564
12 99 3 100 12914324 0.029967554
26 81 3 100 395624 0.029996319
54 24 3 100 2640 0.030001391
9 63 3 100 1041 0.030007811
101 95 3 100 65072115 0.030039410
108 34 3 100 297410 0.030039465
68 103 3 100 783 0.030044813
80 6 3 100 607 0.030060694
3 70 3 100 1118 0.030066895
64 126 3 100 625 0.030158056
15 26 3 100 1297 0.030187445
67 119 3 100 3169522 0.030193008
107 66 3 100 245 0.030221155
26 75 3 100 2913 0.030232719
80 12 3 100 130 0.030289560
44 33 3 100 284 0.030293934
122 45 3 100 25925 0.030339524
80 16 3 100 230 0.030347276
12 97 3 100 1019 0.030565098
74 86 3 100 1480932 0.030792151
91 126 3 100 491 0.030811671
100 93 3 100 878 0.030813289
52 90 3 100 17494 0.030885969
74 120 3 100 878 0.030915286
26 122 3 100 116 0.031150031
48 38 3 100 521 0.031151699
54 118 3 100 695 0.031185695
53 70 3 100 1822014 0.031282734
123 71 3 100 1252 0.031317140
97 77 3 100 1868 0.031370213
109 62 3 100 169 0.031422534
32 87 3 100 1089023 0.031445330
123 89 3 100 276 0.031570068
100 81 3 100 231 0.031573717
46 27 3 100 2252 0.031576634
59 54 3 100 1018 0.031623371
36 113 3 100 943 0.031785253
60 110 3 100 7425 0.031850721
41 4 3 100 1314 0.031908658
65 82 3 100 181 0.031917758
11 18 3 100 1553 0.031992778
0 28 3 100 476 0.032021160
88 65 3 100 907 0.032080619
73 98 3 100 1141 0.032099401
77 47 3 100 223 0.032104433
11 77 3 100 2714 0.032118527
75 17 3 100 22165 0.032120092
21 13 3 100 1629594 0.032269999
18 15 3 100 888 0.032293772
59 95 3 100 30753 0.032378811
60 17 3 100 1016 0.032401540
120 76 3 100 1233 0.032475085
94 43 3 100 439 0.032503792
28 74 3 100 744 0.032532321
77 75 3 100 1042719 0.032538516
71 72 3 100 1248 0.032561438
33 7 3 100 4593 0.032584374
38 52 3 100 144 0.032596127
17 88 3 100 794 0.032613040
98 120 3 100 1755832 0.032663005
26 34 3 100 314 0.032684649
21 123 3 100 171 0.032720582
84 14 3 100 4141 0.032755578
22 68 3 100 270 0.032819509
87 99 3 100 948 0.032923234
65 107 3 100 1646 0.032957190
55 51 3 100 38114751 0.032980947
97 44 3 100 213 0.033013648
102 53 3 100 514 0.033048100
122 66 3 100 167 0.033073053
44 104 3 100 856 0.033107685
55 14 3 100 1630 0.033120270
127 109 3 100 429 0.033135412
46 76 3 100 635 0.033235337
105 30 3 100 343 0.033249862
22 123 3 100 297 0.033304301
98 126 3 100 222 0.033309062
111 15 3 100 74665 0.033316549
26 64 3 100 6529 0.033445981
61 21 3 100 2963 0.033471456
26 91 3 100 186932 0.033498637
94 76 3 100 910 0.033498692
81 120 3 100 578 0.033502367
99 91 3 100 836 0.033542684
93 53 3 100 615 0.033597472
100 125 3 100 1783 0.033610063
68 29 3 100 1593 0.033715908
31 113 3 100 404 0.033822443
101 113 3 100 584 0.033852059
47 99 3 100 658 0.033864814
7 78 3 100 462 0.033910355
31 64 3 100 422 0.033922931
104 28 3 100 491 0.033932995
87 12 3 100 2999 0.033957339
119 99 3 100 694 0.033977955
85 50 3 100 179 0.033986310
112 103 3 100 1741 0.034164598
124 7 3 100 1347 0.034175753
120 5 3 100 1743001 0.034226364
85 90 3 100 2667 0.034341259
25 7 3 100 1123 0.034348624
84 81 3 100 240 0.034454263
39 49 3 100 3119 0.034470188
109 96 3 100 1597 0.034480306
12 120 3 100 260 0.034520499
35 85 3 100 5563869 0.034569965
44 42 3 100 1033 0.034570632
0 101 3 100 1178 0.034680481
13 117 3 100 4640 0.034733531
127 107 3 100 1814 0.034807523
78 90 3 100 237 0.034821167
20 48 3 100 5465 0.034874752
75 95 3 100 720 0.034884269
48 90 3 100 92353 0.035072206
3 36 3 100 2965 0.035123454
73 23 3 100 3237 0.035139149
127 12 3 100 481 0.035214838
26 117 3 100 147 0.035220369
50 101 3 100 104 0.035277016
81 112 3 100 484 0.035433340
43 103 3 100 393 0.035501491
32 111 3 100 1073 0.035511585
127 45 3 100 814 0.035514447
47 123 3 100 406 0.035727428
92 88 3 100 258 0.035729727
112 67 3 100 750 0.035735173
67 71 3 100 9764 0.035744090
93 4 3 100 114 0.035845706
21 35 3 100 252 0.035850153
16 63 3 100 133 0.036132444
36 88 3 100 170 0.036222249
57 24 3 100 12852504 0.036251016
25 107 3 100 390 0.036503156
65 114 3 100 209 0.036520818
21 71 3 100 8493 0.036548775
76 104 3 100 648 0.036657335
25 21 3 100 285 0.036700712
29 70 3 100 1089957 0.036759430
1 81 3 100 2090377 0.036767125
108 109 3 100 6195 0.036779095
112 1 3 100 388 0.036786352
29 126 3 100 591 0.036790771
95 69 3 100 8178 0.036855496
54 15 3 100 909 0.036950506
60 115 3 100 257 0.036967858
32 122 3 100 1013 0.036996667
109 126 3 100 90332059 0.037022523
13 31 3 100 6975 0.037032679
36 32 3 100 1139184 0.037047192
67 2 3 100 369 0.037077852
61 123 3 100 9333 0.037132940
13 54 3 100 1579 0.037159515
72 20 3 100 634408 0.037232284
39 26 3 100 1128933 0.037259228
7 4 3 100 100 0.037270187
47 39 3 100 110 0.037286872
16 86 3 100 7076 0.037319384
117 5 3 100 3240 0.037564170
116 49 3 100 448944 0.037576479
33 6 3 100 9617 0.037627261
48 42 3 100 587 0.037638985
101 62 3 100 1649 0.037728670
84 71 3 100 362 0.037871460
20 112 3 100 2279 0.037889829
17 14 3 100 2527 0.038052797
99 55 3 100 182781 0.038081384
7 24 3 100 185 0.038125876
108 70 3 100 1436670 0.038227738
70 0 3 100 1641 0.038260360
7 19 3 100 792 0.038328853
22 60 3 100 9823 0.038365097
116 96 3 100 1795 0.038446010
78 93 3 100 643 0.038452118
36 18 3 100 8924 0.038483215
87 103 3 100 772 0.038542870
116 110 3 100 786 0.038753320
72 39 3 100 15784783 0.038863936
53 96 3 100 1102 0.039149571
97 9 3 100 397 0.039263107
111 100 3 100 15730271 0.039289725
38 4 3 100 1583985 0.039298719
28 79 3 100 969 0.039306337
16 113 3 100 1859 0.039321947
33 88 3 100 549 0.039383169
70 36 3 100 6754 0.039400928
83 57 3 100 1647 0.039441058
16 54 3 100 256 0.039472185
79 94 3 100 128 0.039483739
12 62 3 100 395 0.039538381
25 57 3 100 712 0.039677899
68 33 3 100 145 0.039799898
65 42 3 100 2839 0.039817415
102 96 3 100 649 0.039998311
17 47 3 100 992 0.040008991
120 82 3 100 5751 0.040112771
127 54 3 100 3115 0.040117811
104 92 3 100 696 0.040141046
120 0 3 100 341 0.040176392
36 12 3 100 8619 0.040188268
79 31 3 100 2857 0.040192077
93 53 3 100 107 0.040201703
5 83 3 100 394845 0.040206897
123 53 3 100 1049 0.040281371
29 11 3 100 27939 0.040565053
30 80 3 100 2175 0.040647282
111 5 3 100 363 0.040679082
56 124 3 100 514 0.040694118
123 17 3 100 388 0.040735679
23 60 3 100 1120 0.040947041
26 61 3 100 179 0.040978908
83 46 3 100 452 0.041217918
89 4 3 100 2250 0.041256837
110 99 3 100 755 0.041294630
37 57 3 100 2927 0.041298111
37 4 3 100 1824943 0.041374084
121 9 3 100 1048147 0.041396715
54 67 3 100 5813 0.041444905
25 90 3 100 1178 0.041521993
51 126 3 100 289 0.041633801
87 79 3 100 1203 0.041653694
44 85 3 100 6069609 0.041736646
113 24 3 100 322 0.041750991
40 47 3 100 389 0.041757747
107 106 3 100 510 0.041764204
44 50 3 100 320 0.041797185
89 98 3 100 362 0.041817674
32 67 3 100 1303084 0.041823497
33 77 3 100 593 0.041935698
110 56 3 100 589 0.041942054
68 59 3 100 737 0.042046419
106 51 3 100 304 0.042072550
21 96 3 100 2702 0.042140093
99 45 3 100 2570935 0.042367101
48 113 3 100 155 0.042409310
64 65 3 100 166 0.042429387
0 35 3 100 7183346 0.042484056
107 108 3 100 6219 0.042550667
79 7 3 100 772 0.042588452
97 0 3 100 581 0.042674020
26 69 3 100 360 0.042847875
100 4 3 100 144 0.042949707
40 74 3 100 270 0.042966613
20 7 3 100 540 0.042986210
109 27 3 100 97747 0.043038166
125 64 3 100 903 0.043056944
82 125 3 100 8968 0.043072986
106 24 3 100 269 0.043175657
119 15 3 100 280 0.043225485
115 90 3 100 174 0.043229782
115 93 3 100 1198 0.043250161
3 33 3 100 506 0.043265563
15 105 3 100 4036 0.043283131
58 114 3 100 394 0.043287505
17 74 3 100 1038 0.043295897
59 0 3 100 1385735 0.043300052
70 124 3 100 108 0.043340924
19 39 3 100 169 0.043394010
47 18 3 100 136 0.043394091
59 77 3 100 6438 0.043407055
95 80 3 100 358 0.043447878
70 82 3 100 1468 0.043547441
51 87 3 100 328 0.043602599
45 82 3 100 686 0.043627725
0 17 3 100 399 0.043670587
3 127 3 100 1514 0.043798369
100 78 3 100 1483 0.043821690
67 39 3 100 8051 0.043838599
25 17 3 100 498 0.043879761
75 11 3 100 1733 0.043886327
24 82 3 100 8931 0.043940227
85 40 3 100 277 0.043948483
12 117 3 100 381 0.044023007
109 88 3 100 632 0.044143575
78 110 3 100 826 0.044215189
76 119 3 100 229 0.044387403
48 86 3 100 86542941 0.044420026
115 111 3 100 6408 0.044511804
73 75 3 100 492 0.044572023
11 61 3 100 149 0.044584348
1 51 3 100 1458 0.044725832
70 98 3 100 149 0.044730025
75 81 3 100 348 0.044828576
11 70 3 100 219 0.044857660
0 37 3 100 98225 0.044959547
57 102 3 100 26723 0.045084034
84 83 3 100 288 0.045202954
100 7 3 100 720 0.045206671
6 9 3 100 1138 0.045263133
119 111 3 100 1261 0.045402340
56 30 3 100 3788 0.045566963
9 85 3 100 9664 0.045622591
56 53 3 100 793 0.045623404
15 81 3 100 1456 0.045739738
24 58 3 100 874 0.045787069
95 74 3 100 1352 0.045880169
58 88 3 100 1854 0.045931283
102 124 3 100 736 0.046221665
97 71 3 100 3522 0.046241217
8 112 3 100 6409 0.046407223
84 102 3 100 290 0.046451234
37 58 3 100 91075 0.046473601
116 117 3 100 215 0.046524011
115 60 3 100 6015 0.046528485
115 10 3 100 329 0.046536851
84 31 3 100 827 0.046596024
54 22 3 100 148 0.046899049
48 43 3 100 332 0.047254466
38 118 3 100 473 0.047363038
57 64 3 100 726 0.047573336
10 108 3 100 474 0.047587268
70 27 3 100 972 0.047700845
48 47 3 100 3594 0.047806122
40 32 3 100 47616 0.048153726
8 117 3 100 223 0.048184016
20 28 3 100 562 0.048378436
9 94 3 100 168 0.048447393
9 78 3 100 187 0.048474959
99 12 3 100 99637543 0.048558611
92 55 3 100 1114967 0.048753347
