2427 
15 29 3 100 374489 0.000037796
29 124 3 100 349 0.000049408
121 32 3 100 821 0.000058404
64 102 3 100 105433 0.000142139
117 112 3 100 8402 0.000144448
26 5 3 100 1025 0.000204145
4 30 3 100 172 0.000240693
94 118 3 100 879 0.000271369
42 60 3 100 271 0.000290069
79 103 3 100 189332 0.000300159
6 69 3 100 1572 0.000324959
102 49 3 100 252 0.000349330
68 55 3 100 912 0.000371621
76 114 3 100 1616 0.000423255
79 20 3 100 296 0.000502611
126 83 3 100 791 0.000532942
104 58 3 100 458 0.000536533
13 64 3 100 427804431 0.000546190
81 64 3 100 600 0.000548241
99 0 3 100 656312 0.000602775
118 16 3 100 7635 0.000718732
118 69 3 100 121 0.000767880
95 3 3 100 206 0.000787503
91 77 3 100 678 0.000802748
88 106 3 100 534494 0.000804847
40 69 3 100 322 0.000806769
56 106 3 100 791 0.000833675
74 105 3 100 497 0.000884805
57 97 3 100 1900 0.000972952
71 49 3 100 853 0.000976654
85 103 3 100 2557 0.000997124
18 36 3 100 664 0.001005483
44 110 3 100 3161 0.001006836
118 77 3 100 9693 0.001043139
21 123 3 100 214 0.001083809
78 38 3 100 437 0.001156225
60 54 3 100 995 0.001216594
110 115 3 100 297 0.001222282
24 32 3 100 451 0.001227680
98 125 3 100 764 0.001303434
99 113 3 100 57813 0.001306447
121 108 3 100 1551 0.001387141
33 80 3 100 865 0.001427891
30 35 3 100 1054 0.001457387
66 40 3 100 220 0.001481765
19 42 3 100 1263 0.001573280
16 24 3 100 4047 0.001583276
91 44 3 100 579 0.001674881
91 1 3 100 82356 0.001725687
7 10 3 100 9346 0.001781731
45 46 3 100 44241 0.001812464
58 27 3 100 1328 0.001885769
57 1 3 100 674 0.001991791
77 71 3 100 951303569 0.002024924
123 86 3 100 402767 0.002045136
59 95 3 100 1297 0.002101188
56 53 3 100 731 0.002134367
76 9 3 100 43069 0.002191772
65 5 3 100 831 0.002311171
85 0 3 100 800 0.002348555
122 71 3 100 3397 0.002411313
62 77 3 100 105 0.002414359
109 92 3 100 28074432 0.002431831
20 97 3 100 5715 0.002499818
82 127 3 100 344 0.002509440
114 95 3 100 6117 0.002517733
94 74 3 100 788 0.002518601
92 18 3 100 1626 0.002553743
115 63 3 100 1782 0.002666696
36 107 3 100 332 0.002715340
90 57 3 100 243 0.002732055
64 96 3 100 658 0.002780823
82 69 3 100 1038 0.002804774
36 77 3 100 152 0.002907289
67 123 3 100 158 0.002984451
119 87 3 100 300 0.003024085
30 61 3 100 543 0.003030983
65 13 3 100 358 0.003035877
6 111 3 100 5482 0.003053629
48 2 3 100 1727 0.003063216
5 71 3 100 719 0.003126626
16 125 3 100 117155 0.003129958
41 46 3 100 528 0.003145866
92 51 3 100 453 0.003167649
28 92 3 100 8430 0.003170890
124 60 3 100 309 0.003239922
87 51 3 100 1298 0.003278299
1 117 3 100 8804026 0.003310001
103 27 3 100 1323 0.003310057
25 79 3 100 257 0.003391667
21 33 3 100 5037782 0.003419039
116 10 3 100 144 0.003449952
56 122 3 100 1327 0.003563538
126 42 3 100 4447071 0.003614780
113 18 3 100 322 0.003639189
111 33 3 100 48307 0.003711433
8 37 3 100 1072134 0.003756021
86 58 3 100 156 0.003789486
101 7 3 100 549 0.003825137
99 126 3 100 392 0.003890856
10 93 3 100 1323 0.003898009
76 106 3 100 171 0.003973374
36 7 3 100 590 0.003975114
98 4 3 100 482187 0.003992274
69 17 3 100 57197 0.004047774
52 24 3 100 5061978 0.004055302
78 9 3 100 42257 0.004067367
40 13 3 100 1869 0.004096317
108 25 3 100 1434 0.004098130
27 51 3 100 549 0.004109058
30 52 3 100 2302 0.004171821
111 69 3 100 496652 0.004208048
97 3 3 100 326 0.004216106
77 111 3 100 1068 0.004227491
86 120 3 100 655939 0.004371828
13 53 3 100 991463 0.004375320
28 105 3 100 6002 0.004457339
29 79 3 100 81360 0.004460146
127 4 3 100 2434515 0.004525454
56 38 3 100 590 0.004558567
23 48 3 100 354 0.004595121
29 73 3 100 309356911 0.004598614
125 40 3 100 1611 0.004608888
8 29 3 100 177 0.004642334
112 40 3 100 877 0.004671755
127 5 3 100 4976 0.004682467
120 32 3 100 2315 0.004776348
33 45 3 100 1337 0.004792059
37 95 3 100 638 0.004796775
5 116 3 100 651 0.004799120
80 98 3 100 117 0.004803420
32 125 3 100 301 0.004806184
13 37 3 100 5603 0.004807945
14 70 3 100 849 0.004835730
70 66 3 100 684 0.004838721
71 5 3 100 534 0.004905844
64 54 3 100 2884393 0.004994482
64 121 3 100 186 0.005034776
43 110 3 100 956 0.005076096
96 85 3 100 3785 0.005087266
105 113 3 100 842 0.005120001
114 61 3 100 502 0.005139212
76 89 3 100 938 0.005144499
60 8 3 100 3349804 0.005163498
19 100 3 100 1906 0.005197611
62 26 3 100 55706 0.005271402
39 90 3 100 1296 0.005335272
32 62 3 100 532 0.005366736
105 117 3 100 325537170 0.005413232
39 99 3 100 1359 0.005414751
69 58 3 100 6281 0.005487955
122 13 3 100 1394 0.005515592
32 127 3 100 210 0.005641431
93 73 3 100 315 0.005665968
93 121 3 100 1679 0.005738299
76 88 3 100 37556 0.005739223
20 54 3 100 628 0.005806297
34 17 3 100 8156 0.005869797
105 107 3 100 167 0.005964101
93 12 3 100 364 0.005976640
24 125 3 100 93383 0.005986471
18 9 3 100 859 0.006005668
93 49 3 100 13978157 0.006080794
26 24 3 100 6561 0.006102489
125 96 3 100 39007 0.006258783
124 46 3 100 352 0.006320840
54 97 3 100 1749 0.006360206
82 64 3 100 1803 0.006365780
126 116 3 100 400 0.006387102
102 66 3 100 743 0.006397365
8 124 3 100 497 0.006436661
102 123 3 100 1526 0.006492504
81 49 3 100 1074 0.006498032
84 6 3 100 428900 0.006520421
52 65 3 100 5242 0.006525860
118 30 3 100 3042 0.006563365
126 53 3 100 135 0.006649015
33 79 3 100 4970 0.006681314
29 0 3 100 566 0.006690552
29 46 3 100 894182 0.006841372
45 59 3 100 3195 0.006904449
100 61 3 100 8051 0.006907452
79 113 3 100 485 0.006984278
61 119 3 100 1637 0.007006812
76 75 3 100 121 0.007035696
77 29 3 100 421 0.007043555
0 95 3 100 58993 0.007057035
76 28 3 100 203407 0.007060963
81 51 3 100 716 0.007062606
91 118 3 100 1028 0.007106867
12 2 3 100 544 0.007110599
27 75 3 100 1168 0.007188874
108 97 3 100 116 0.007194528
120 99 3 100 1360 0.007201968
9 79 3 100 309197 0.007266234
126 111 3 100 41305 0.007284050
98 113 3 100 1628 0.007289747
69 42 3 100 370 0.007333848
45 15 3 100 1259461 0.007366638
25 22 3 100 574 0.007389792
107 108 3 100 51624166 0.007415975
8 112 3 100 1043 0.007454993
126 38 3 100 1720 0.007466574
54 7 3 100 456 0.007482825
109 11 3 100 5493 0.007546518
59 44 3 100 6569 0.007595960
38 15 3 100 441 0.007602185
66 123 3 100 2424 0.007614032
61 22 3 100 1038 0.007736794
59 30 3 100 58962 0.007764906
116 86 3 100 248 0.007814081
65 59 3 100 1044 0.007841425
61 81 3 100 8571 0.007844686
51 103 3 100 4604 0.007873287
4 127 3 100 1810 0.007893779
62 70 3 100 945 0.007922499
8 76 3 100 7243 0.007949271
59 115 3 100 373 0.007950562
17 120 3 100 8868 0.008007445
10 58 3 100 1510565 0.008191315
34 18 3 100 566 0.008196356
113 111 3 100 1772 0.008228787
126 115 3 100 332 0.008259344
106 112 3 100 1003658 0.008294374
94 80 3 100 2338 0.008325057
57 24 3 100 157 0.008343973
53 6 3 100 366 0.008419505
15 77 3 100 121 0.008455061
103 12 3 100 3075 0.008611729
70 10 3 100 147 0.008693038
31 9 3 100 80556 0.008702496
112 72 3 100 283 0.008749625
71 21 3 100 1356586 0.008833746
23 84 3 100 485 0.008859856
71 52 3 100 838 0.008883072
74 29 3 100 614 0.008886273
112 28 3 100 111095 0.008892787
2 97 3 100 115 0.008909313
65 21 3 100 7290811 0.008914919
40 70 3 100 267 0.008918226
18 5 3 100 8408 0.008964802
72 45 3 100 8924 0.009017554
79 118 3 100 2843 0.009030052
74 65 3 100 478 0.009055710
9 80 3 100 958 0.009056470
72 126 3 100 97602 0.009113774
98 57 3 100 2108 0.009129949
30 127 3 100 638433 0.009140145
41 13 3 100 685 0.009142120
68 13 3 100 4308 0.009161380
115 25 3 100 897 0.009206689
90 116 3 100 471 0.009254042
81 124 3 100 9061780 0.009312263
88 44 3 100 1629 0.009360724
20 127 3 100 503 0.009372628
73 84 3 100 1090930 0.009588568
72 123 3 100 186787273 0.009654176
18 33 3 100 76119 0.009704637
88 126 3 100 23040 0.009734190
101 111 3 100 594 0.009741261
98 25 3 100 3955 0.009760848
0 16 3 100 143 0.009766922
16 20 3 100 1039 0.009969212
24 22 3 100 6401 0.009974527
76 0 3 100 968 0.010003762
51 85 3 100 73311361 0.010008548
54 41 3 100 1763 0.010015025
109 48 3 100 378 0.010016933
60 35 3 100 431 0.010044428
120 116 3 100 597 0.010052373
15 17 3 100 286 0.010102179
6 30 3 100 460 0.010102209
30 58 3 100 99161710 0.010127128
98 29 3 100 25327 0.010129332
31 25 3 100 110 0.010183003
109 46 3 100 123 0.010217950
39 89 3 100 1462 0.010226650
14 80 3 100 457 0.010261586
13 72 3 100 115 0.010284853
14 0 3 100 410 0.010322831
51 13 3 100 7260 0.010339346
118 89 3 100 52948 0.010374983
39 27 3 100 354 0.010561305
107 33 3 100 307 0.010613561
19 15 3 100 633 0.010631074
30 16 3 100 5840 0.010696803
119 109 3 100 140 0.010704221
48 33 3 100 254 0.010780719
57 13 3 100 1908 0.010787409
4 64 3 100 83831 0.010787590
123 17 3 100 826 0.010788183
86 58 3 100 7636417 0.010788626
62 0 3 100 6946 0.010803412
8 74 3 100 125 0.010815168
94 16 3 100 320 0.010865358
54 40 3 100 2659 0.010957499
25 127 3 100 574 0.010993054
120 108 3 100 51543 0.011004655
42 9 3 100 1440400 0.011183096
114 33 3 100 45336 0.011205434
31 79 3 100 751 0.011229809
12 72 3 100 246 0.011276676
51 83 3 100 1365 0.011289799
18 112 3 100 1633 0.011290150
88 118 3 100 667622 0.011304658
90 80 3 100 692 0.011318989
5 95 3 100 472 0.011407641
107 106 3 100 2812 0.011434062
109 2 3 100 901 0.011497621
100 75 3 100 6928 0.011526885
98 37 3 100 6114 0.011541016
80 117 3 100 458 0.011541186
49 6 3 100 6497 0.011562752
62 13 3 100 429 0.011563827
69 38 3 100 2041 0.011569033
60 88 3 100 1485 0.011706504
51 13 3 100 1843854 0.011808605
85 91 3 100 621 0.011839733
13 26 3 100 1797 0.011902915
49 81 3 100 26579 0.011947052
4 74 3 100 490 0.011968367
75 119 3 100 47339 0.012008883
40 18 3 100 555 0.012042376
85 92 3 100 1309 0.012066721
100 90 3 100 509227 0.012098071
86 41 3 100 1087 0.012267785
30 5 3 100 2888 0.012275748
67 34 3 100 1040 0.012374517
50 113 3 100 900 0.012378963
78 101 3 100 161 0.012533669
106 18 3 100 5592 0.012537324
45 55 3 100 950 0.012568219
19 115 3 100 2940 0.012570783
18 98 3 100 14265525 0.012570919
98 76 3 100 936 0.012607674
45 102 3 100 443 0.012645333
104 101 3 100 8371982 0.012646536
112 70 3 100 498330980 0.012650973
14 116 3 100 682 0.012665366
107 77 3 100 3111 0.012690341
18 104 3 100 945 0.012718774
78 16 3 100 1099 0.012719858
13 14 3 100 476 0.012761052
36 19 3 100 2046977 0.012862346
50 74 3 100 364 0.012917359
14 4 3 100 2942 0.012938307
94 48 3 100 282 0.013061498
37 97 3 100 8132 0.013085883
2 119 3 100 531 0.013092455
73 56 3 100 767 0.013098637
19 125 3 100 554 0.013112327
122 29 3 100 3042605 0.013119312
46 90 3 100 2299 0.013129226
100 58 3 100 1065 0.013137065
26 55 3 100 530 0.013180814
36 80 3 100 93081 0.013257505
31 118 3 100 433 0.013287008
122 32 3 100 2697 0.013333776
38 71 3 100 169 0.013337267
9 103 3 100 1460 0.013402370
91 23 3 100 925 0.013409367
90 24 3 100 6082 0.013468868
8 5 3 100 635 0.013486093
48 123 3 100 349 0.013577307
81 75 3 100 378 0.013642083
10 104 3 100 1154 0.013671812
103 11 3 100 431 0.013728513
110 2 3 100 467 0.013758812
76 9 3 100 376 0.013766147
47 123 3 100 1161 0.013823303
77 14 3 100 2575 0.013837566
6 0 3 100 390 0.013850959
96 111 3 100 490 0.013902545
14 13 3 100 726 0.013962317
91 35 3 100 241 0.014000954
103 113 3 100 166 0.014002021
72 19 3 100 273 0.014102066
60 122 3 100 240 0.014105415
36 81 3 100 525 0.014164083
23 25 3 100 1286 0.014264896
120 0 3 100 546 0.014284539
87 106 3 100 1127 0.014286206
88 92 3 100 801019 0.014290677
41 116 3 100 86307 0.014294977
74 66 3 100 261 0.014300735
62 38 3 100 1277656 0.014355177
11 83 3 100 417 0.014379698
73 50 3 100 4706 0.014383430
13 23 3 100 337 0.014407698
122 54 3 100 1258 0.014443405
42 65 3 100 1722317 0.014449376
38 116 3 100 75530 0.014456509
37 15 3 100 6070384 0.014544806
93 89 3 100 9297 0.014568961
24 122 3 100 488 0.014684179
8 93 3 100 230 0.014701445
81 99 3 100 2068 0.014729317
27 121 3 100 37754 0.014729500
56 22 3 100 78531 0.014763766
12 55 3 100 32305 0.014830108
52 30 3 100 9179 0.014860169
10 65 3 100 500 0.014880737
26 28 3 100 3188 0.014880961
100 40 3 100 1996 0.014893215
124 102 3 100 2389 0.014926571
71 108 3 100 24070 0.014969365
126 67 3 100 3871 0.014991559
100 42 3 100 173598 0.015062220
111 31 3 100 6034 0.015098570
118 126 3 100 177204274 0.015155436
12 38 3 100 382 0.015159808
95 36 3 100 138 0.015225718
123 64 3 100 729451071 0.015345082
4 54 3 100 31490 0.015365757
110 48 3 100 511 0.015389648
86 42 3 100 480 0.015397883
81 69 3 100 1969 0.015400641
74 82 3 100 1287075 0.015490357
13 102 3 100 120 0.015651516
9 91 3 100 89108 0.015667327
95 117 3 100 1471 0.015701274
4 15 3 100 994 0.015741217
21 64 3 100 108 0.015754094
114 111 3 100 274 0.015759531
62 99 3 100 3223769 0.015778506
14 59 3 100 159 0.015813478
77 111 3 100 248 0.015815761
49 110 3 100 523 0.015845436
18 20 3 100 2256 0.015914227
103 47 3 100 210 0.015971929
17 19 3 100 2195 0.015972871
14 72 3 100 772 0.015980099
63 114 3 100 4290342 0.015981870
66 49 3 100 518 0.016060706
100 25 3 100 619 0.016097937
79 77 3 100 67510 0.016116236
44 14 3 100 580 0.016134934
120 123 3 100 3293 0.016160940
82 21 3 100 4786 0.016173381
41 66 3 100 172 0.016216459
57 91 3 100 210 0.016242211
7 75 3 100 731 0.016290398
114 89 3 100 127 0.016309758
84 93 3 100 88591 0.016317648
118 98 3 100 386 0.016326102
125 40 3 100 536 0.016372453
66 8 3 100 409 0.016387976
108 7 3 100 526 0.016398270
0 80 3 100 280 0.016439574
106 23 3 100 487 0.016616000
123 32 3 100 128 0.016635097
96 19 3 100 261 0.016683027
25 67 3 100 130 0.016685382
2 92 3 100 8409 0.016687379
13 37 3 100 624 0.016731156
92 70 3 100 661 0.016756108
109 117 3 100 1639067 0.016795342
65 91 3 100 70832757 0.016838604
104 86 3 100 6017 0.016876750
92 60 3 100 8253 0.016884694
61 123 3 100 437 0.016952844
58 38 3 100 618 0.016975844
86 77 3 100 289 0.017004247
104 127 3 100 1393 0.017049123
16 69 3 100 1606 0.017065802
81 52 3 100 915151 0.017074419
61 63 3 100 5534 0.017097207
10 72 3 100 1251 0.017106542
44 66 3 100 332 0.017152905
3 95 3 100 167 0.017197505
62 124 3 100 1067 0.017209084
124 125 3 100 147 0.017235092
69 124 3 100 735 0.017244765
78 65 3 100 729 0.017253497
51 44 3 100 6355862 0.017268802
104 120 3 100 1673529 0.017308408
85 11 3 100 698 0.017327555
91 120 3 100 2461 0.017382701
95 67 3 100 216693 0.017481099
13 38 3 100 486 0.017571492
69 67 3 100 7213 0.017621720
11 89 3 100 128715213 0.017632578
97 114 3 100 374 0.017663026
32 69 3 100 410 0.017684294
3 104 3 100 520 0.017768054
100 6 3 100 1096 0.017869199
116 26 3 100 1018 0.017900498
101 30 3 100 1507 0.017943137
11 68 3 100 800 0.017980894
62 75 3 100 2050 0.018077047
56 32 3 100 1053 0.018142781
14 109 3 100 2256 0.018220883
73 40 3 100 1036 0.018235798
2 30 3 100 562 0.018244454
49 44 3 100 604754625 0.018269951
28 63 3 100 400 0.018322163
41 9 3 100 906 0.018367695
126 53 3 100 2722 0.018382762
85 96 3 100 7233 0.018384629
69 20 3 100 384597 0.018401196
78 16 3 100 1340 0.018410760
50 66 3 100 814 0.018466350
119 2 3 100 4731 0.018520229
114 31 3 100 770 0.018554096
83 112 3 100 2795 0.018560187
118 45 3 100 68903 0.018647428
74 109 3 100 114 0.018674918
72 110 3 100 1263 0.018687236
21 6 3 100 33789 0.018765672
87 56 3 100 1083 0.018791932
24 104 3 100 149 0.018826621
90 39 3 100 514 0.018829871
58 77 3 100 70414236 0.018888750
24 104 3 100 1257 0.018917742
54 81 3 100 297 0.018954852
43 57 3 100 1135 0.018975244
77 104 3 100 4608 0.018985481
91 30 3 100 309 0.018990216
10 105 3 100 109 0.019002878
120 123 3 100 9766 0.019058242
87 18 3 100 210 0.019104602
57 116 3 100 5381 0.019139445
101 55 3 100 1479 0.019185640
56 0 3 100 101 0.019245377
97 67 3 100 1063389 0.019365245
120 10 3 100 263 0.019597120
28 86 3 100 1028171 0.019626272
59 35 3 100 129376065 0.019655321
96 99 3 100 542 0.019708011
87 50 3 100 503 0.019736627
114 119 3 100 361549 0.019847796
45 4 3 100 1399 0.019875929
108 90 3 100 1270293 0.019890866
82 60 3 100 7399 0.019891891
99 124 3 100 298 0.019915278
16 80 3 100 288 0.019940759
105 67 3 100 500 0.020107486
119 39 3 100 1037 0.020140908
114 100 3 100 916 0.020192342
69 6 3 100 34510 0.020192788
53 113 3 100 240 0.020263431
27 121 3 100 1199 0.020263644
30 3 3 100 311 0.020348873
122 62 3 100 75825 0.020372986
92 18 3 100 9985 0.020473633
57 87 3 100 72452 0.020496060
59 72 3 100 112 0.020512077
53 25 3 100 146 0.020597677
107 65 3 100 136 0.020700150
84 100 3 100 169 0.020714971
112 60 3 100 923 0.020769695
23 8 3 100 649 0.020789848
50 35 3 100 524 0.020862451
59 83 3 100 85549466 0.020890688
94 93 3 100 1792 0.020902631
84 54 3 100 1645427 0.020915446
83 49 3 100 3638230 0.020961194
31 109 3 100 226 0.020965324
96 123 3 100 103 0.020966541
53 36 3 100 983 0.020985928
20 77 3 100 22738216 0.021019076
115 40 3 100 1494 0.021051997
127 30 3 100 238 0.021083091
107 2 3 100 1062 0.021151562
112 116 3 100 1024 0.021152413
71 12 3 100 453 0.021200473
32 1 3 100 557 0.021219838
22 58 3 100 940 0.021367593
18 1 3 100 98249 0.021377404
2 32 3 100 138 0.021392830
32 2 3 100 7743 0.021501650
8 102 3 100 1389 0.021504247
56 99 3 100 443 0.021520788
28 18 3 100 392 0.021544218
118 45 3 100 36988 0.021678113
45 65 3 100 326 0.021688456
17 66 3 100 2734 0.021739237
7 109 3 100 1264842 0.021766622
112 8 3 100 29751830 0.021783341
107 104 3 100 519 0.021834095
70 47 3 100 706 0.021835874
41 94 3 100 497721 0.022163566
99 121 3 100 89232 0.022202344
88 48 3 100 839 0.022352922
109 41 3 100 6776 0.022369219
125 107 3 100 2370044 0.022385148
47 29 3 100 426 0.022466371
103 98 3 100 1285401 0.022475466
45 81 3 100 80371 0.022513465
52 97 3 100 619 0.022525335
6 11 3 100 1736 0.022552247
91 103 3 100 7154 0.022647950
61 57 3 100 566 0.022653222
40 79 3 100 142 0.022677995
78 71 3 100 1454 0.022691720
21 20 3 100 1609 0.022727160
104 86 3 100 365 0.022792995
63 110 3 100 1680 0.022922559
31 83 3 100 327 0.022927056
19 9 3 100 8257 0.022984396
95 20 3 100 23940 0.022986442
12 6 3 100 173 0.022990677
2 50 3 100 977 0.023046777
101 99 3 100 846 0.023106109
111 122 3 100 1519 0.023129310
124 92 3 100 1194 0.023241163
71 96 3 100 612 0.023257341
47 13 3 100 1984 0.023263651
80 78 3 100 738 0.023284765
65 76 3 100 6887 0.023631974
120 30 3 100 262712 0.023664083
81 88 3 100 131 0.023707062
124 118 3 100 303 0.023776867
108 36 3 100 6624 0.023800475
22 53 3 100 4863298 0.023848487
85 73 3 100 5921 0.023858050
60 39 3 100 9456 0.023940792
53 59 3 100 472 0.023971374
71 108 3 100 6127 0.024001988
84 119 3 100 2289 0.024046920
20 125 3 100 125 0.024113785
83 67 3 100 395 0.024154835
36 123 3 100 606 0.024167986
29 109 3 100 20701929 0.024196810
21 121 3 100 921 0.024201627
126 109 3 100 2160 0.024213616
99 31 3 100 1485 0.024232916
18 3 3 100 1102 0.024317420
38 54 3 100 330483 0.024356093
64 46 3 100 159 0.024358558
64 23 3 100 12936 0.024368018
42 96 3 100 7547200 0.024375179
93 24 3 100 119 0.024463735
123 37 3 100 1522 0.024575334
49 1 3 100 1813 0.024581642
107 68 3 100 976 0.024583806
10 31 3 100 168 0.024597195
26 19 3 100 962276641 0.024604424
26 40 3 100 153 0.024610196
121 12 3 100 242 0.024750022
62 27 3 100 246 0.024797859
63 27 3 100 1686941 0.024802707
72 118 3 100 3343 0.024809278
25 19 3 100 341 0.024844513
71 68 3 100 1216 0.024882193
11 81 3 100 6750 0.024947864
36 29 3 100 14571 0.024952302
59 43 3 100 2550 0.024977673
72 40 3 100 148 0.025021799
122 30 3 100 260 0.025082768
102 34 3 100 160115032 0.025162840
100 105 3 100 641 0.025230689
45 113 3 100 228 0.025257218
55 15 3 100 226 0.025318293
110 46 3 100 360 0.025363188
41 82 3 100 280233 0.025365853
27 102 3 100 1357 0.025397577
94 88 3 100 238 0.025403936
121 45 3 100 1240723 0.025443665
84 108 3 100 33972804 0.025458714
53 109 3 100 262 0.025477916
84 67 3 100 169285286 0.025499081
25 106 3 100 7485 0.025521441
35 114 3 100 9379 0.025600215
36 69 3 100 196 0.025606272
4 45 3 100 629 0.025680190
119 62 3 100 327 0.025719062
124 25 3 100 2763 0.025721377
87 13 3 100 653 0.025754069
103 28 3 100 793 0.025760755
80 17 3 100 7720 0.025778491
110 62 3 100 352 0.025802366
39 36 3 100 757 0.025928357
85 109 3 100 9671 0.025928833
63 107 3 100 7718 0.025960041
5 40 3 100 335 0.026006332
73 46 3 100 207 0.026041956
10 32 3 100 562 0.026051944
20 24 3 100 639 0.026088370
49 9 3 100 115 0.026093724
120 13 3 100 293 0.026103267
80 1 3 100 406 0.026155304
110 27 3 100 1130 0.026214910
108 90 3 100 904 0.026230180
113 42 3 100 588 0.026293600
52 19 3 100 382 0.026299708
25 48 3 100 2306672 0.026302306
48 117 3 100 842 0.026316160
54 53 3 100 41212 0.026325873
67 44 3 100 499 0.026337954
51 29 3 100 699 0.026372623
92 42 3 100 1227318 0.026386906
38 40 3 100 1072 0.026477148
52 42 3 100 283 0.026508165
118 17 3 100 1614 0.026508985
10 107 3 100 1073 0.026652910
122 69 3 100 225 0.026668642
74 114 3 100 7829 0.026717128
67 85 3 100 7940 0.026765607
39 74 3 100 431 0.026766832
90 40 3 100 1078 0.026816065
116 88 3 100 125 0.026975294
123 5 3 100 603 0.027153615
10 108 3 100 2074 0.027169276
42 14 3 100 103 0.027209296
85 48 3 100 1089 0.027217823
101 3 3 100 789 0.027268000
99 10 3 100 338 0.027324139
66 78 3 100 381 0.027344828
103 98 3 100 915 0.027358603
79 116 3 100 1102 0.027366383
78 125 3 100 415 0.027386917
96 45 3 100 246187 0.027503233
126 24 3 100 873 0.027513724
41 95 3 100 139 0.027604630
63 89 3 100 598 0.027605922
87 106 3 100 109 0.027613104
58 79 3 100 7164 0.027756470
66 58 3 100 2342 0.027790723
56 117 3 100 8356 0.027980310
107 111 3 100 1624 0.028010906
67 8 3 100 5623 0.028032166
99 105 3 100 131 0.028057709
58 77 3 100 149 0.028077355
100 113 3 100 105261271 0.028123607
83 114 3 100 322 0.028187691
59 56 3 100 178 0.028198246
29 54 3 100 76337313 0.028223045
47 66 3 100 1690 0.028286038
32 80 3 100 5452511 0.028312527
38 1 3 100 727 0.028320263
89 40 3 100 28419523 0.028388497
20 8 3 100 141 0.028398330
71 34 3 100 1633096 0.028457314
108 55 3 100 2575 0.028554774
112 106 3 100 459 0.028595896
61 38 3 100 132 0.028604179
30 47 3 100 283 0.028657236
124 92 3 100 948 0.028703937
13 72 3 100 75466 0.028784097
65 27 3 100 639 0.028787934
44 35 3 100 650 0.028791033
23 124 3 100 422 0.028800658
49 8 3 100 635 0.028834956
53 33 3 100 2334 0.028881651
6 11 3 100 1055 0.028972573
45 124 3 100 415 0.029022828
9 90 3 100 647 0.029086132
110 23 3 100 2959 0.029289037
55 73 3 100 194 0.029295216
124 27 3 100 8533 0.029303457
33 21 3 100 8447 0.029369526
101 93 3 100 3319 0.029373859
99 31 3 100 1575 0.029439165
91 98 3 100 5667 0.029502472
113 74 3 100 199 0.029529052
78 61 3 100 607 0.029531240
14 30 3 100 1585 0.029603029
11 72 3 100 687 0.029616433
90 25 3 100 18584 0.029664699
33 20 3 100 474 0.029667762
80 48 3 100 305181 0.029687167
90 50 3 100 72332497 0.029721457
93 20 3 100 11136055 0.029798973
126 73 3 100 863 0.029842033
102 1 3 100 596168 0.029901493
58 94 3 100 1851 0.029939849
6 55 3 100 924 0.030095011
63 36 3 100 3563510 0.030105841
94 83 3 100 1751341 0.030112033
18 44 3 100 250 0.030125567
111 21 3 100 18485 0.030138523
58 48 3 100 1437 0.030180020
110 93 3 100 133 0.030232902
108 4 3 100 2754 0.030239945
57 37 3 100 303 0.030280655
98 68 3 100 381 0.030300592
2 31 3 100 6747 0.030321185
93 44 3 100 354 0.030340271
44 33 3 100 523 0.030342697
7 0 3 100 8330 0.030494132
72 0 3 100 43841 0.030606245
48 25 3 100 110 0.030622951
61 115 3 100 121538525 0.030623490
48 84 3 100 209 0.030640774
112 19 3 100 766 0.030773989
8 12 3 100 17924147 0.030785780
115 81 3 100 251 0.030872856
113 27 3 100 953 0.030880575
94 48 3 100 506 0.031023291
99 94 3 100 69262 0.031036168
3 80 3 100 20420568 0.031048513
115 94 3 100 827 0.031049029
17 78 3 100 508 0.031117298
59 74 3 100 671 0.031125672
41 117 3 100 702 0.031147377
29 102 3 100 134103 0.031180791
74 28 3 100 1236389 0.031191687
72 91 3 100 10503114 0.031212775
113 4 3 100 1352 0.031226094
102 79 3 100 9566 0.031269906
29 109 3 100 13256647 0.031291071
120 116 3 100 233 0.031312423
64 4 3 100 1613149 0.031316969
44 43 3 100 920423 0.031319069
59 19 3 100 2733 0.031329869
40 52 3 100 2964 0.031365362
26 74 3 100 237 0.031382425
10 68 3 100 2569 0.031390538
117 83 3 100 142 0.031398289
52 84 3 100 5244 0.031430211
49 94 3 100 900 0.031455696
7 94 3 100 99304 0.031506650
40 34 3 100 79483 0.031559661
82 121 3 100 362 0.031583035
80 46 3 100 952 0.031588696
94 53 3 100 177 0.031631276
46 110 3 100 73926 0.031642232
107 13 3 100 524 0.031655116
23 40 3 100 543 0.031729037
116 36 3 100 134 0.031752152
44 25 3 100 110 0.031758035
39 88 3 100 4317 0.031761090
15 2 3 100 1778 0.031825554
114 35 3 100 6331 0.031843549
80 1 3 100 1023 0.031854741
108 116 3 100 10295 0.031855906
41 119 3 100 184 0.032037193
75 100 3 100 1182 0.032208689
75 125 3 100 4159 0.032212339
9 77 3 100 731 0.032221765
121 98 3 100 68369 0.032270633
86 33 3 100 87512959 0.032272638
71 78 3 100 2901 0.032289954
48 67 3 100 237 0.032294890
0 123 3 100 306 0.032350197
90 24 3 100 1733 0.032358538
124 123 3 100 392 0.032388520
88 63 3 100 5486 0.032391385
110 111 3 100 290819 0.032428380
35 109 3 100 501 0.032451809
108 39 3 100 109 0.032458270
82 77 3 100 1563 0.032464346
4 124 3 100 176 0.032553969
33 13 3 100 223 0.032610418
81 98 3 100 194 0.032647779
11 96 3 100 144 0.032673282
30 79 3 100 1031 0.032760431
15 67 3 100 619 0.032781986
91 7 3 100 9151491 0.032861157
48 89 3 100 1303 0.032990391
82 56 3 100 674 0.033013859
110 38 3 100 1268 0.033025203
111 69 3 100 139 0.033050662
59 92 3 100 813 0.033058218
111 88 3 100 1483 0.033082748
75 102 3 100 443 0.033108166
32 49 3 100 32542 0.033121560
80 27 3 100 513 0.033220178
25 35 3 100 89261476 0.033239878
112 70 3 100 6010 0.033253026
22 104 3 100 1532 0.033319628
108 76 3 100 15256 0.033369223
79 67 3 100 1164 0.033376349
82 4 3 100 541 0.033379668
68 50 3 100 3440 0.033405205
49 30 3 100 745 0.033467224
12 4 3 100 297 0.033479984
80 41 3 100 926 0.033518095
93 28 3 100 852 0.033536457
3 68 3 100 8498 0.033612037
18 52 3 100 621 0.033670352
21 47 3 100 210583 0.033722770
98 84 3 100 723 0.033795079
84 35 3 100 161 0.033811610
31 18 3 100 6889 0.033824543
121 48 3 100 7920669 0.033826700
76 74 3 100 2416 0.033828707
86 9 3 100 1172359 0.033857121
25 57 3 100 633 0.033879457
21 53 3 100 393 0.033894167
117 102 3 100 171 0.033918755
67 76 3 100 1136 0.033920591
0 4 3 100 143 0.034021070
78 16 3 100 3058 0.034066875
45 85 3 100 2975 0.034209274
98 61 3 100 1311 0.034225165
64 113 3 100 205 0.034284622
24 8 3 100 359 0.034377201
114 121 3 100 886 0.034404833
65 88 3 100 1572 0.034428013
74 54 3 100 386 0.034536595
70 115 3 100 403 0.034562754
5 79 3 100 185 0.034617209
4 20 3 100 1644343 0.034618363
106 36 3 100 191 0.034716013
31 91 3 100 111 0.034723453
56 103 3 100 536 0.034780828
94 29 3 100 540 0.034821129
55 58 3 100 4018 0.034874212
98 38 3 100 192 0.034875223
28 69 3 100 838 0.034910872
42 48 3 100 1296 0.034981481
52 30 3 100 69051248 0.035101354
75 96 3 100 5829 0.035106131
20 116 3 100 458 0.035268700
60 73 3 100 536 0.035276999
117 81 3 100 115 0.035299422
9 94 3 100 1169 0.035332844
86 98 3 100 325 0.035419959
31 119 3 100 4759 0.035438014
28 2 3 100 8800 0.035555290
13 82 3 100 1515077 0.035664760
126 22 3 100 177 0.035683690
45 36 3 100 156781 0.035911360
109 53 3 100 520 0.035939183
116 34 3 100 7875 0.035979863
101 40 3 100 364 0.036102219
34 78 3 100 142 0.036124109
89 101 3 100 5294 0.036150121
2 6 3 100 2109 0.036198044
83 78 3 100 422 0.036209718
110 78 3 100 970 0.036228655
69 35 3 100 2955 0.036239216
46 51 3 100 163 0.036244297
127 53 3 100 293296 0.036302923
17 43 3 100 258 0.036315463
105 27 3 100 853 0.036373377
13 112 3 100 382 0.036387066
25 87 3 100 179 0.036410661
97 77 3 100 134 0.036424908
62 36 3 100 177 0.036428498
79 124 3 100 729 0.036572826
86 67 3 100 685 0.036577636
28 13 3 100 822 0.036589129
127 50 3 100 875 0.036691879
32 113 3 100 439 0.036736997
77 121 3 100 814 0.036803936
67 123 3 100 349 0.036823159
127 43 3 100 855 0.036837437
85 70 3 100 456 0.036840220
37 72 3 100 340 0.036959837
25 64 3 100 663 0.036979603
124 107 3 100 506 0.037184609
28 93 3 100 7428 0.037213836
112 29 3 100 11910419 0.037219486
123 59 3 100 72380070 0.037239784
120 122 3 100 202200 0.037294605
50 107 3 100 940899841 0.037306209
110 84 3 100 171737 0.037334978
61 98 3 100 29644 0.037338664
48 22 3 100 329 0.037374173
35 102 3 100 241 0.037457413
103 35 3 100 193 0.037462600
105 98 3 100 699 0.037488115
13 127 3 100 1076 0.037542988
76 63 3 100 116 0.037574961
31 16 3 100 305541 0.037599203
41 105 3 100 1019 0.037644343
75 16 3 100 208 0.037673075
80 15 3 100 149 0.037745998
58 51 3 100 747 0.037824690
50 4 3 100 119 0.037846232
47 57 3 100 355 0.037878617
118 32 3 100 2395 0.037901121
78 116 3 100 179 0.037901694
78 24 3 100 44291 0.037904901
82 109 3 100 620 0.037910496
63 57 3 100 217 0.037934130
18 89 3 100 9045 0.037966962
59 36 3 100 185 0.037974049
105 12 3 100 459 0.037984031
105 41 3 100 638 0.038041395
102 48 3 100 102 0.038073582
79 87 3 100 24479336 0.038099055
70 69 3 100 5900 0.038105664
103 3 3 100 1178 0.038139811
52 74 3 100 226 0.038143172
109 65 3 100 484 0.038167683
5 109 3 100 145 0.038199786
123 59 3 100 352 0.038238891
14 86 3 100 1137 0.038293464
4 27 3 100 504 0.038339706
32 31 3 100 433 0.038394762
68 47 3 100 281 0.038399460
115 56 3 100 578 0.038427939
100 116 3 100 1324 0.038477629
12 84 3 100 458 0.038513756
104 3 3 100 114 0.038518776
116 28 3 100 237 0.038531181
37 23 3 100 170 0.038591232
96 51 3 100 220 0.038599115
82 14 3 100 1178 0.038644902
119 125 3 100 556 0.038724980
113 28 3 100 116 0.038762288
109 100 3 100 280 0.038775116
72 53 3 100 55832 0.038793336
9 2 3 100 997 0.038825168
62 39 3 100 749 0.038888600
126 101 3 100 5632 0.038924175
68 77 3 100 194 0.038959193
81 84 3 100 4480 0.038988795
2 32 3 100 9010761 0.038990009
35 51 3 100 408 0.038992187
30 105 3 100 75273 0.039059290
118 64 3 100 4981 0.039095291
92 41 3 100 508 0.039215039
108 21 3 100 37167 0.039277362
68 3 3 100 128 0.039330366
78 108 3 100 190 0.039338617
78 9 3 100 1036 0.039399436
2 35 3 100 1059 0.039433715
80 115 3 100 254609 0.039442430
19 51 3 100 40177 0.039449035
125 23 3 100 636 0.039535188
114 6 3 100 950 0.039675938
36 100 3 100 173 0.039714322
127 46 3 100 1018 0.039857453
23 10 3 100 127 0.039885089
115 34 3 100 254 0.039918663
67 116 3 100 944 0.039949255
44 86 3 100 2047 0.039986705
115 47 3 100 622 0.040037228
115 83 3 100 109 0.040049686
72 50 3 100 1051 0.040054476
81 107 3 100 1335 0.040069694
39 118 3 100 71526 0.040074849
95 56 3 100 1022 0.040084967
39 86 3 100 977 0.040182643
31 34 3 100 481924 0.040226342
8 87 3 100 427 0.040227691
18 57 3 100 151 0.040238207
117 1 3 100 1604 0.040353657
14 47 3 100 427 0.040448038
49 41 3 100 703 0.040455586
125 31 3 100 2992 0.040472086
44 113 3 100 9431100 0.040531778
92 81 3 100 281 0.040556828
89 14 3 100 792 0.040683844
0 120 3 100 9216 0.040687017
37 109 3 100 1067 0.040724825
83 79 3 100 661 0.040733501
58 25 3 100 9458 0.040759433
26 58 3 100 285 0.040764299
54 56 3 100 8622 0.040845154
41 61 3 100 373543 0.040870152
37 5 3 100 1033 0.040907286
87 19 3 100 982 0.040947070
5 73 3 100 654 0.040986024
118 32 3 100 23381033 0.041011287
58 14 3 100 876 0.041093174
29 74 3 100 158 0.041143733
125 122 3 100 1248 0.041193535
106 78 3 100 387 0.041198546
126 73 3 100 621 0.041238841
65 122 3 100 128 0.041238989
86 72 3 100 1480 0.041240967
100 111 3 100 1371 0.041262369
79 102 3 100 638 0.041276143
47 37 3 100 1563 0.041293064
89 79 3 100 26744 0.041309682
91 0 3 100 469 0.041374215
10 25 3 100 820 0.041473886
23 33 3 100 9105 0.041566363
72 30 3 100 92223 0.041597417
61 105 3 100 343 0.041598815
79 52 3 100 536 0.041620858
25 79 3 100 263 0.041674919
85 26 3 100 6310 0.041694846
109 81 3 100 1600130 0.041697281
121 53 3 100 1087 0.041814961
87 116 3 100 608 0.041826388
22 79 3 100 85167 0.041844191
114 115 3 100 41869 0.042009650
36 106 3 100 973 0.042052538
86 61 3 100 7012 0.042059053
46 119 3 100 21369258 0.042075647
28 102 3 100 503 0.042234666
112 91 3 100 1544 0.042293840
48 75 3 100 1406160 0.042298592
122 119 3 100 1884 0.042310929
74 46 3 100 71063 0.042377252
40 57 3 100 805 0.042388314
113 112 3 100 5539 0.042464404
73 12 3 100 2839 0.042482069
18 76 3 100 177 0.042567112
14 32 3 100 193 0.042622145
84 121 3 100 3100 0.042682474
87 26 3 100 971 0.042689238
118 58 3 100 884 0.042694587
34 66 3 100 629 0.042718724
64 84 3 100 344 0.042723114
11 119 3 100 206 0.042805443
125 2 3 100 789 0.042819154
13 68 3 100 4797 0.042833994
10 119 3 100 880 0.042843836
63 42 3 100 200 0.042853361
42 0 3 100 133 0.042899516
72 9 3 100 408 0.042929406
21 101 3 100 454 0.042933858
54 104 3 100 140 0.042969535
95 111 3 100 162 0.043072769
24 31 3 100 1653 0.043129113
12 81 3 100 598 0.043170728
70 60 3 100 739 0.043231755
114 90 3 100 5701 0.043290130
105 30 3 100 225336653 0.043448782
13 44 3 100 114031 0.043479603
108 55 3 100 4957 0.043507494
124 51 3 100 163 0.043512451
49 55 3 100 40013 0.043583201
45 44 3 100 23203 0.043606108
27 54 3 100 190 0.043615870
75 55 3 100 4291 0.043658769
95 72 3 100 6657 0.043661673
59 13 3 100 21859 0.043743199
92 31 3 100 8763 0.043786350
5 54 3 100 1027890 0.043824483
16 1 3 100 1653 0.043827940
21 4 3 100 852 0.043842435
50 83 3 100 277 0.043865173
9 105 3 100 8262 0.044000521
69 17 3 100 132 0.044010667
117 47 3 100 73072 0.044074327
104 118 3 100 38183 0.044097764
58 123 3 100 1503 0.044124195
22 76 3 100 3128 0.044146540
89 97 3 100 9235 0.044187548
71 30 3 100 811 0.044207301
39 92 3 100 938 0.044219881
82 12 3 100 1002 0.044245385
40 57 3 100 1699 0.044273747
41 73 3 100 1364 0.044295377
60 98 3 100 121 0.044296214
72 21 3 100 1410 0.044316059
118 27 3 100 8207 0.044325961
28 101 3 100 266 0.044334464
45 18 3 100 676 0.044360756
121 37 3 100 384516675 0.044365649
8 36 3 100 5175 0.044401498
95 67 3 100 2540 0.044471300
2 86 3 100 403 0.044505712
61 107 3 100 2518 0.044535259
19 61 3 100 163 0.044546604
77 24 3 100 490 0.044594046
126 63 3 100 180 0.044743230
6 87 3 100 2938 0.044826462
89 66 3 100 363 0.044865645
69 21 3 100 473 0.044866907
46 97 3 100 114 0.044877679
44 66 3 100 559 0.044902603
123 95 3 100 302543 0.044910230
23 79 3 100 1020 0.044940350
57 105 3 100 137 0.045034927
65 24 3 100 29683 0.045045953
73 32 3 100 1007077 0.045049939
123 84 3 100 705 0.045175051
96 68 3 100 819 0.045216823
0 8 3 100 1997 0.045234041
124 69 3 100 173 0.045286065
1 74 3 100 894 0.045314077
12 125 3 100 359 0.045318854
26 6 3 100 415 0.045383600
32 50 3 100 563 0.045431123
92 118 3 100 518 0.045453589
41 44 3 100 417 0.045498973
57 100 3 100 2008 0.045575643
4 78 3 100 831 0.045620932
18 98 3 100 623 0.045651072
27 125 3 100 415 0.045658758
126 113 3 100 4432 0.045719446
74 68 3 100 28421 0.045779667
117 22 3 100 248 0.045803340
117 107 3 100 226644827 0.045809154
22 109 3 100 163 0.046030836
93 30 3 100 62896640 0.046043576
119 79 3 100 1082 0.046061567
72 57 3 100 231 0.046196407
107 118 3 100 5223 0.046283568
92 48 3 100 253 0.046330487
59 120 3 100 1012 0.046337701
26 57 3 100 292615 0.046377003
51 5 3 100 730070 0.046414329
54 22 3 100 4544 0.046427587
8 60 3 100 89435 0.046441764
107 73 3 100 1146 0.046493843
124 16 3 100 2569 0.046539735
112 86 3 100 524 0.046546311
19 64 3 100 260130 0.046552051
81 118 3 100 372 0.046574227
20 101 3 100 194 0.046590667
108 17 3 100 730 0.046684747
0 31 3 100 317 0.046740718
101 74 3 100 168 0.046768482
68 117 3 100 211 0.046809077
37 34 3 100 441 0.046818566
117 13 3 100 21808 0.046908894
115 123 3 100 103 0.046937924
35 82 3 100 55405 0.047025750
41 67 3 100 1577 0.047076632
1 28 3 100 85493 0.047100264
10 33 3 100 2999 0.047134342
92 114 3 100 1465 0.047149087
82 43 3 100 363 0.047221271
62 91 3 100 4280 0.047298235
18 68 3 100 334 0.047303230
119 0 3 100 3649 0.047328746
9 41 3 100 129 0.047347084
11 27 3 100 5798 0.047515365
94 104 3 100 443 0.047607778
27 92 3 100 1515 0.047634911
69 125 3 100 2510457 0.047667276
16 105 3 100 5181 0.047679615
14 92 3 100 649 0.047682817
66 54 3 100 446 0.047707786
30 72 3 100 2355 0.047755283
107 62 3 100 188 0.047755677
74 46 3 100 921 0.047786141
80 32 3 100 157 0.047857566
87 2 3 100 1474 0.047920448
85 57 3 100 914 0.047935428
116 47 3 100 1346 0.048066232
6 94 3 100 470 0.048116933
126 95 3 100 1423 0.048131052
15 89 3 100 634 0.048131348
7 49 3 100 1317 0.048159023
65 9 3 100 425 0.048161416
126 103 3 100 52983535 0.048232881
116 37 3 100 385 0.048356668
17 23 3 100 25533191 0.048410646
106 16 3 100 38738 0.048470352
42 1 3 100 1600 0.048533956
118 44 3 100 159054 0.048541252
81 79 3 100 884 0.048542000
127 22 3 100 960 0.048550639
71 83 3 100 1659 0.048611423
58 47 3 100 1184 0.048628597
28 116 3 100 19901 0.048659811
38 54 3 100 1050 0.048674901
42 18 3 100 163 0.048740418
70 83 3 100 403958 0.048790067
118 116 3 100 3474687 0.048826139
74 123 3 100 488 0.048829513
44 115 3 100 929568 0.048830957
79 105 3 100 345022 0.048845673
71 49 3 100 802 0.048892443
69 121 3 100 479 0.048902031
92 18 3 100 453 0.049043120
32 27 3 100 1112 0.049176894
110 91 3 100 2467 0.049186135
59 89 3 100 689 0.049272175
88 107 3 100 1592390 0.049273763
52 66 3 100 1946 0.049281817
38 44 3 100 8632691 0.049285085
66 52 3 100 390821 0.049285745
77 81 3 100 649 0.049313399
67 104 3 100 999 0.049361394
122 97 3 100 1413 0.049381303
61 125 3 100 308381 0.049433288
96 36 3 100 2104 0.049452553
55 18 3 100 4689 0.049494668
104 67 3 100 1498 0.049529981
78 61 3 100 1782 0.049531337
46 26 3 100 487 0.049544252
12 125 3 100 345 0.049581946
99 13 3 100 1081 0.049596034
96 61 3 100 302 0.049628489
65 1 3 100 1002 0.049637601
46 127 3 100 367 0.049682995
23 25 3 100 3867 0.049689013
55 35 3 100 142 0.049722972
99 46 3 100 1637 0.049727545
46 50 3 100 7277696 0.049750226
52 20 3 100 154 0.049766409
87 100 3 100 348 0.049791907
36 30 3 100 61908 0.049821922
6 88 3 100 1570 0.049859246
75 76 3 100 236 0.049935599
106 70 3 100 420863 0.049943168
72 26 3 100 1559 0.049981453
61 100 3 100 11843923 0.049996243
8 113 3 100 1788 0.050029658
12 66 3 100 950 0.050029938
92 18 3 100 355 0.050065591
31 84 3 100 215064866 0.050159479
15 94 3 100 1168 0.050203196
63 0 3 100 202 0.050215001
62 121 3 100 2490 0.050293453
107 77 3 100 289 0.050296816
94 35 3 100 171 0.050303856
112 6 3 100 476 0.050330815
91 61 3 100 708 0.050335053
47 54 3 100 366 0.050342615
53 39 3 100 1119 0.050385511
26 49 3 100 103 0.050386470
54 27 3 100 1268129 0.050429916
59 23 3 100 2638 0.050431687
51 39 3 100 155818691 0.050435041
76 0 3 100 9677 0.050442866
107 5 3 100 904 0.050469661
35 122 3 100 22443 0.050489495
10 28 3 100 100 0.050489887
26 42 3 100 112530246 0.050585405
18 70 3 100 3115 0.050645592
43 56 3 100 67435 0.050682162
43 44 3 100 1017 0.050743773
6 47 3 100 507 0.050788845
41 112 3 100 565 0.050823915
63 83 3 100 334 0.050847548
82 52 3 100 19795 0.050855481
7 11 3 100 542 0.050904625
45 9 3 100 201 0.050920797
52 46 3 100 710 0.050921235
95 76 3 100 378 0.050930380
38 111 3 100 853416 0.050955114
47 5 3 100 620027727 0.050975398
68 44 3 100 717 0.050981735
60 97 3 100 6691 0.051020879
19 61 3 100 859 0.051050623
20 102 3 100 231 0.051058506
23 12 3 100 76282930 0.051191647
3 71 3 100 876 0.051206418
78 125 3 100 1478 0.051219901
70 31 3 100 1064 0.051242774
43 46 3 100 5821408 0.051269683
37 22 3 100 844 0.051293275
115 106 3 100 879 0.051296139
89 28 3 100 715 0.051314932
4 7 3 100 252 0.051326494
6 18 3 100 889 0.051327836
75 125 3 100 182 0.051342674
120 94 3 100 588 0.051456193
64 96 3 100 557048 0.051532026
70 45 3 100 682 0.051548355
61 56 3 100 738 0.051574870
54 60 3 100 137 0.051623168
77 14 3 100 218 0.051714119
67 90 3 100 2442 0.051761636
41 103 3 100 876 0.051863987
103 74 3 100 536 0.051911247
74 81 3 100 162235903 0.051967548
5 108 3 100 583 0.052069017
87 62 3 100 1067 0.052141555
86 73 3 100 135639 0.052144097
27 114 3 100 357 0.052158146
66 98 3 100 9131 0.052193922
32 44 3 100 376 0.052256710
0 30 3 100 164 0.052283964
107 77 3 100 1367 0.052316631
86 96 3 100 95481 0.052319604
45 124 3 100 503 0.052368856
100 5 3 100 518 0.052452682
47 80 3 100 436 0.052496052
38 24 3 100 335 0.052520958
13 45 3 100 1326908 0.052536294
60 33 3 100 2458 0.052541476
46 100 3 100 120 0.052543977
76 98 3 100 895 0.052605235
51 76 3 100 4122437 0.052703888
12 9 3 100 96292 0.052929187
51 77 3 100 3498 0.052962931
69 8 3 100 2975394 0.052969054
6 37 3 100 120 0.052997458
29 4 3 100 396 0.053162944
19 17 3 100 294 0.053182444
31 50 3 100 1000041 0.053203217
124 20 3 100 455 0.053208534
47 68 3 100 116 0.053223260
124 30 3 100 148 0.053280100
42 92 3 100 902 0.053288993
116 6 3 100 3024 0.053304673
15 72 3 100 2709 0.053369199
109 20 3 100 282 0.053381497
101 77 3 100 539 0.053405251
14 83 3 100 767 0.053406230
27 113 3 100 1712416 0.053435236
1 82 3 100 176 0.053505890
107 84 3 100 998 0.053521555
45 52 3 100 712 0.053547019
11 102 3 100 2492 0.053550518
82 65 3 100 80287 0.053571338
113 125 3 100 1022 0.053579062
72 40 3 100 100 0.053622908
22 121 3 100 1026 0.053714776
17 93 3 100 704 0.053738819
104 79 3 100 20264 0.053872579
73 111 3 100 422 0.053919697
118 11 3 100 966 0.053976521
99 37 3 100 999 0.053987570
116 112 3 100 48737 0.053990927
75 99 3 100 758 0.054023473
11 107 3 100 1575 0.054106666
0 3 3 100 1293 0.054135234
84 96 3 100 638 0.054171752
45 20 3 100 337 0.054318041
108 76 3 100 793 0.054329086
122 86 3 100 414 0.054355409
100 18 3 100 2524 0.054374556
53 107 3 100 1683 0.054411939
65 112 3 100 6509 0.054489847
70 97 3 100 6279 0.054535622
31 80 3 100 348 0.054540139
38 78 3 100 1162 0.054646726
10 13 3 100 118 0.054649971
87 19 3 100 73707277 0.054721714
5 95 3 100 2805 0.054770962
122 51 3 100 2373 0.054773450
45 79 3 100 3534 0.054782860
21 8 3 100 581 0.054790378
117 64 3 100 978 0.054949202
64 39 3 100 811 0.054968359
57 117 3 100 219 0.054972343
105 3 3 100 394 0.054980467
40 124 3 100 855 0.055004743
119 127 3 100 450 0.055024063
109 26 3 100 938 0.055027163
110 52 3 100 3542102 0.055117346
119 67 3 100 764 0.055126116
66 46 3 100 922 0.055357792
70 110 3 100 91634 0.055406156
65 100 3 100 325 0.055441101
13 123 3 100 81287368 0.055549210
73 19 3 100 597 0.055617096
97 107 3 100 340 0.055795061
25 1 3 100 2724 0.055802469
34 116 3 100 1019 0.055804407
71 73 3 100 709 0.055830365
28 114 3 100 52545 0.055847044
104 105 3 100 8998894 0.055858188
80 50 3 100 731408 0.055933022
29 54 3 100 5270 0.055939181
51 78 3 100 1278 0.056094181
18 124 3 100 8914 0.056105381
41 73 3 100 2619 0.056111461
79 100 3 100 8097867 0.056145306
50 92 3 100 924 0.056157737
55 68 3 100 3046 0.056175410
117 95 3 100 852 0.056218890
35 119 3 100 7552 0.056233888
89 21 3 100 460120 0.056235042
15 122 3 100 65624 0.056241581
25 60 3 100 597 0.056268581
102 9 3 100 193 0.056278248
103 112 3 100 948 0.056279804
126 103 3 100 300 0.056363700
66 120 3 100 496 0.056404427
109 71 3 100 2153 0.056406174
60 67 3 100 401 0.056473052
1 21 3 100 4133 0.056481444
68 27 3 100 584 0.056497526
55 123 3 100 1007 0.056505584
127 58 3 100 1847893 0.056524847
27 53 3 100 6095 0.056543638
28 67 3 100 130 0.056594392
87 119 3 100 1591 0.056674450
124 47 3 100 317 0.056754878
11 48 3 100 8603 0.056879370
46 0 3 100 152 0.056919362
35 80 3 100 1169 0.056923820
33 86 3 100 8354635 0.056942954
71 94 3 100 298 0.056948698
23 22 3 100 1251 0.057034053
40 112 3 100 240 0.057154764
19 6 3 100 231 0.057157891
91 14 3 100 1517 0.057191215
64 23 3 100 4105982 0.057219659
120 101 3 100 331 0.057285101
46 61 3 100 88287 0.057291493
35 99 3 100 1157 0.057327212
66 30 3 100 33196 0.057349851
111 82 3 100 5971 0.057454830
58 117 3 100 7070179 0.057540375
114 126 3 100 700 0.057643898
92 66 3 100 1376 0.057653215
7 119 3 100 15242 0.057714231
84 71 3 100 5732 0.057715900
57 113 3 100 78178 0.057726667
6 40 3 100 360 0.057752449
11 63 3 100 1150505 0.057797956
96 91 3 100 346932 0.057847800
34 68 3 100 295 0.057850367
73 70 3 100 931 0.057939381
61 29 3 100 333 0.057966613
101 0 3 100 546 0.057986003
20 53 3 100 1030 0.058033070
27 34 3 100 337 0.058085009
1 49 3 100 132926 0.058121627
43 118 3 100 402 0.058235047
72 101 3 100 224312039 0.058257241
80 45 3 100 963 0.058324809
99 36 3 100 989 0.058344911
12 120 3 100 473 0.058364008
100 97 3 100 1875 0.058411170
15 122 3 100 278309 0.058427186
93 103 3 100 1033 0.058502055
41 34 3 100 1777 0.058521687
66 95 3 100 1546817 0.058798160
101 73 3 100 70972 0.058819818
56 43 3 100 535 0.058849145
61 123 3 100 638 0.058856637
116 53 3 100 198 0.058958976
48 30 3 100 338550 0.058987794
41 70 3 100 1567 0.059133502
46 56 3 100 497 0.059159904
90 58 3 100 1348 0.059223974
15 61 3 100 29924519 0.059274338
91 0 3 100 9594 0.059313591
111 7 3 100 151 0.059319053
122 70 3 100 20968 0.059349266
44 52 3 100 1573 0.059368980
61 25 3 100 1407 0.059370858
112 119 3 100 1527601 0.059379937
95 33 3 100 963 0.059448260
98 122 3 100 1543 0.059467057
22 0 3 100 491 0.059523061
42 119 3 100 7334 0.059667989
103 77 3 100 485 0.059721206
62 76 3 100 668 0.059730146
34 62 3 100 664 0.059770850
89 101 3 100 741 0.059794054
92 49 3 100 153 0.059898135
53 19 3 100 3978 0.059900526
69 101 3 100 330 0.059917810
15 66 3 100 291 0.059953783
57 4 3 100 456 0.059984044
112 109 3 100 1208 0.060042849
17 34 3 100 402 0.060059618
72 63 3 100 3103 0.060073434
102 32 3 100 2243 0.060120864
80 97 3 100 180 0.060171397
14 2 3 100 721 0.060252676
85 4 3 100 1398789 0.060323250
121 89 3 100 553 0.060362063
6 119 3 100 544 0.060384123
37 73 3 100 204 0.060412471
116 1 3 100 15496020 0.060442213
82 125 3 100 47149 0.060443326
35 54 3 100 223 0.060504032
99 81 3 100 936 0.060671514
98 22 3 100 387356 0.060729859
83 79 3 100 557 0.060736763
14 25 3 100 706962 0.060763986
44 2 3 100 4088 0.060815981
67 75 3 100 2981 0.060875911
24 45 3 100 1007 0.060940004
119 6 3 100 891 0.060972609
109 10 3 100 9067 0.060974704
71 12 3 100 1859 0.060982805
92 104 3 100 8471 0.060998492
29 112 3 100 145 0.060998594
47 24 3 100 564 0.061005190
32 72 3 100 2349 0.061051745
15 100 3 100 2178 0.061089672
2 114 3 100 206 0.061150119
41 120 3 100 3072 0.061219864
2 120 3 100 790 0.061235892
53 13 3 100 626 0.061339348
63 1 3 100 1017 0.061369727
55 124 3 100 1921 0.061392395
12 78 3 100 7854 0.061393420
80 68 3 100 7172 0.061441230
31 93 3 100 619 0.061448763
14 44 3 100 20302443 0.061514364
76 119 3 100 1779 0.061522225
98 80 3 100 471 0.061657338
16 76 3 100 1933 0.061685828
112 12 3 100 155 0.061704093
108 28 3 100 250 0.061723813
52 116 3 100 458 0.061725192
19 86 3 100 639 0.061816297
37 78 3 100 8599 0.061838492
101 110 3 100 189 0.061858221
97 61 3 100 3197 0.061878189
17 75 3 100 1066 0.061899584
119 126 3 100 367 0.061973823
81 106 3 100 43945360 0.062046578
19 109 3 100 41711 0.062074103
107 19 3 100 1036 0.062129269
68 43 3 100 1059 0.062207842
76 47 3 100 62876 0.062213181
44 56 3 100 1059 0.062217061
110 7 3 100 133047 0.062245031
2 25 3 100 118758 0.062335293
12 27 3 100 18807574 0.062344790
2 91 3 100 918 0.062371676
111 120 3 100 1701369 0.062372055
71 91 3 100 378 0.062391112
46 8 3 100 960 0.062403511
30 122 3 100 179 0.062413072
61 94 3 100 7838 0.062433041
126 75 3 100 4682794 0.062483084
75 23 3 100 700 0.062539133
0 37 3 100 410 0.062562001
27 9 3 100 172 0.062604635
24 51 3 100 6688 0.062715944
81 95 3 100 234 0.062746714
12 25 3 100 552 0.062799636
51 46 3 100 1740 0.062804739
11 53 3 100 1961 0.062833859
81 98 3 100 9849040 0.062925302
11 113 3 100 170 0.062993976
6 89 3 100 700 0.063007234
93 80 3 100 423 0.063014110
67 113 3 100 1081 0.063022930
93 46 3 100 1006 0.063026308
43 59 3 100 8614 0.063065455
3 63 3 100 133 0.063111598
42 32 3 100 290 0.063172578
23 7 3 100 9302 0.063209451
8 119 3 100 40557370 0.063224734
21 24 3 100 98703 0.063239055
108 23 3 100 928 0.063277897
31 88 3 100 6339268 0.063298306
77 43 3 100 1250636 0.063316647
53 78 3 100 378 0.063324216
66 93 3 100 831209 0.063352211
105 15 3 100 839 0.063355098
64 17 3 100 36307305 0.063370421
40 83 3 100 11750624 0.063382244
67 14 3 100 844 0.063439677
33 50 3 100 411 0.063460250
102 77 3 100 546 0.063494989
18 35 3 100 502 0.063530169
7 29 3 100 1063 0.063650652
81 21 3 100 768 0.063671580
54 88 3 100 1487 0.063716558
64 67 3 100 8747 0.063759626
33 88 3 100 3264494 0.063835617
31 43 3 100 7205 0.063886677
118 21 3 100 498 0.063964445
115 44 3 100 502 0.063965293
59 0 3 100 961 0.063977809
79 50 3 100 299 0.064012072
5 45 3 100 462 0.064018461
91 62 3 100 774 0.064077959
88 127 3 100 891 0.064232003
28 83 3 100 1812 0.064434346
101 57 3 100 64466 0.064520238
3 82 3 100 503 0.064553777
58 48 3 100 1742962 0.064580057
72 9 3 100 176 0.064608575
47 69 3 100 7113 0.064618662
6 10 3 100 201 0.064686161
125 86 3 100 324 0.064724105
126 77 3 100 571 0.064831889
121 71 3 100 712 0.064842375
34 29 3 100 305821 0.064909389
106 11 3 100 1723 0.064910297
45 75 3 100 97743 0.064926917
1 46 3 100 1201 0.064956145
126 30 3 100 982 0.064959448
12 101 3 100 557 0.064970711
41 77 3 100 2259923 0.065042933
18 0 3 100 652 0.065202591
21 109 3 100 158 0.065252853
86 35 3 100 306 0.065273694
4 117 3 100 1370 0.065404447
6 66 3 100 235 0.065418720
75 33 3 100 3782174 0.065425089
34 47 3 100 227 0.065485884
95 27 3 100 6630 0.065489280
89 14 3 100 9635 0.065574534
36 52 3 100 117 0.065584385
116 14 3 100 1415284 0.065603204
81 55 3 100 615 0.065742082
46 57 3 100 143 0.065797646
80 25 3 100 1166072 0.065880571
37 81 3 100 539 0.066045648
109 114 3 100 7649 0.066135596
33 104 3 100 519 0.066217839
126 11 3 100 1618835 0.066254155
46 65 3 100 932 0.066293490
85 56 3 100 368 0.066327374
98 126 3 100 9855 0.066328704
33 44 3 100 27473238 0.066371491
119 44 3 100 179 0.066372271
36 114 3 100 1684 0.066380264
54 32 3 100 876 0.066422955
17 20 3 100 223 0.066442164
111 126 3 100 578 0.066464502
120 58 3 100 136 0.066489948
41 35 3 100 1700 0.066500422
41 60 3 100 151 0.066516618
9 64 3 100 660 0.066533441
105 120 3 100 9779 0.066560506
53 115 3 100 2262 0.066592860
20 15 3 100 100358 0.066633651
13 118 3 100 196 0.066643183
99 12 3 100 1573 0.066673232
12 75 3 100 8266305 0.066676637
34 84 3 100 1625661 0.066787793
0 124 3 100 348 0.066815534
103 60 3 100 453 0.066818889
31 69 3 100 370 0.066842725
59 66 3 100 5693 0.066908339
27 106 3 100 730 0.066916442
112 74 3 100 22804 0.066958807
96 94 3 100 9103 0.066959413
54 45 3 100 1568 0.066993466
46 114 3 100 205 0.067001149
91 12 3 100 200 0.067036864
79 8 3 100 710 0.067059575
36 51 3 100 582 0.067064768
40 23 3 100 3441 0.067070473
58 0 3 100 125 0.067085327
33 28 3 100 121 0.067250851
109 31 3 100 6996 0.067371442
25 77 3 100 592 0.067409027
125 53 3 100 535 0.067409513
124 92 3 100 412 0.067474091
45 29 3 100 764 0.067561789
60 115 3 100 527 0.067575571
102 15 3 100 971 0.067586288
107 40 3 100 286 0.067613858
71 120 3 100 1599 0.067653947
68 11 3 100 9283 0.067678563
50 31 3 100 778 0.067733661
38 101 3 100 167 0.067836007
40 30 3 100 6999 0.067864299
62 107 3 100 6515 0.067888026
69 29 3 100 84481 0.067889551
68 74 3 100 533 0.067922623
47 30 3 100 1783 0.067954640
35 65 3 100 734 0.067977677
66 51 3 100 308729 0.068074010
120 113 3 100 673959 0.068141972
32 73 3 100 205 0.068185454
27 117 3 100 956063 0.068225918
109 43 3 100 106 0.068248296
115 73 3 100 72042 0.068300511
7 73 3 100 507 0.068319226
24 62 3 100 1470864 0.068383633
97 85 3 100 2799 0.068431299
116 40 3 100 104952 0.068475951
69 109 3 100 565 0.068514112
36 28 3 100 852 0.068657213
31 122 3 100 137 0.068709870
34 102 3 100 1596 0.068713027
89 100 3 100 78357 0.068734933
57 13 3 100 2412 0.068740932
116 41 3 100 3887 0.068746613
116 53 3 100 1328967 0.068771950
105 11 3 100 1103 0.068838592
110 124 3 100 4178 0.068879037
101 72 3 100 783 0.068894710
21 4 3 100 29517 0.069000441
26 111 3 100 2613 0.069051590
114 44 3 100 617 0.069134094
44 73 3 100 179 0.069146249
18 121 3 100 160254860 0.069169426
125 7 3 100 1679 0.069174133
29 73 3 100 980 0.069188699
42 56 3 100 1268 0.069252895
37 8 3 100 683 0.069273532
40 113 3 100 959 0.069291828
83 47 3 100 372 0.069314465
86 18 3 100 3942 0.069356229
37 14 3 100 9906 0.069415631
8 32 3 100 580 0.069424138
67 122 3 100 1373 0.069430649
22 30 3 100 2760 0.069451749
40 84 3 100 4892 0.069490952
59 61 3 100 3235 0.069523834
38 9 3 100 639 0.069555188
74 50 3 100 619 0.069558986
67 10 3 100 485 0.069562545
98 10 3 100 34419116 0.069710987
19 36 3 100 648 0.069725060
63 113 3 100 419 0.069756367
126 40 3 100 232 0.069898064
19 12 3 100 6568 0.069928157
117 4 3 100 243780 0.069931064
70 87 3 100 978 0.069938452
44 94 3 100 4472899 0.070005992
40 28 3 100 1351 0.070014080
111 80 3 100 991 0.070015313
11 105 3 100 992 0.070140835
110 94 3 100 1070 0.070219336
1 59 3 100 413 0.070232733
35 44 3 100 331 0.070293496
20 121 3 100 310 0.070294861
72 2 3 100 1846 0.070525585
84 77 3 100 675 0.070528091
72 78 3 100 707 0.070583970
47 5 3 100 776 0.070609475
88 54 3 100 2497 0.070646925
119 8 3 100 26851 0.070691327
20 79 3 100 198 0.070703911
125 40 3 100 1175 0.070721883
63 10 3 100 63783 0.070745614
99 75 3 100 389 0.070787203
10 87 3 100 200 0.070817186
27 90 3 100 1647 0.070825668
57 74 3 100 5199 0.070867196
65 12 3 100 1615 0.071001410
91 28 3 100 7411 0.071045003
2 127 3 100 1398 0.071063404
80 63 3 100 813 0.071118226
32 83 3 100 526 0.071130901
120 42 3 100 9539 0.071193476
47 126 3 100 1323 0.071243743
122 76 3 100 4565 0.071315701
108 14 3 100 372 0.071443076
127 46 3 100 5864955 0.071506180
41 60 3 100 64422567 0.071544409
6 108 3 100 276 0.071553517
5 84 3 100 5201 0.071571334
119 33 3 100 216 0.071594492
123 119 3 100 2779 0.071653442
53 62 3 100 1049 0.071655265
36 98 3 100 114 0.071656572
44 121 3 100 549758 0.071708025
79 84 3 100 1348 0.071814043
54 12 3 100 881 0.071822995
56 35 3 100 1171 0.071915576
11 88 3 100 2669 0.071945085
85 96 3 100 430 0.071955930
15 41 3 100 572656 0.072010820
87 92 3 100 129 0.072019887
121 55 3 100 365 0.072048556
6 73 3 100 463 0.072094559
59 94 3 100 365 0.072121921
48 95 3 100 885 0.072136883
113 43 3 100 49753 0.072191695
110 51 3 100 179 0.072209218
99 115 3 100 3628 0.072251025
90 64 3 100 107 0.072260175
28 124 3 100 570975 0.072273998
30 33 3 100 1526 0.072276863
12 122 3 100 4802 0.072397805
70 37 3 100 2983 0.072415074
106 49 3 100 4483165 0.072541770
116 29 3 100 6156259 0.072572458
80 36 3 100 1329 0.072662213
55 61 3 100 128 0.072662561
15 112 3 100 6427 0.072690035
33 1 3 100 605 0.072702808
111 48 3 100 1064 0.072737430
43 0 3 100 441 0.072782963
93 111 3 100 812 0.072784031
82 29 3 100 378 0.072787786
53 75 3 100 4992 0.072806303
89 13 3 100 1083 0.072843273
93 17 3 100 385050 0.072856559
81 122 3 100 960 0.072908874
76 54 3 100 927216699 0.072943797
58 52 3 100 27444 0.072991922
100 14 3 100 1607012 0.072992068
12 40 3 100 612 0.073041313
46 79 3 100 766 0.073058566
104 105 3 100 4600846 0.073106412
117 100 3 100 445 0.073107578
125 23 3 100 329 0.073120744
96 99 3 100 2351 0.073126287
71 1 3 100 3072 0.073193903
111 86 3 100 869 0.073261877
62 96 3 100 554 0.073288485
26 103 3 100 221 0.073322814
16 21 3 100 24291 0.073334560
2 32 3 100 1762 0.073366097
61 74 3 100 1077 0.073367429
24 115 3 100 235 0.073373127
41 112 3 100 321 0.073420214
85 90 3 100 1716 0.073453032
65 93 3 100 819 0.073460977
53 88 3 100 526 0.073516645
124 68 3 100 5943 0.073675126
59 92 3 100 703 0.073708498
90 65 3 100 5152486 0.073727668
39 49 3 100 113 0.073761771
5 15 3 100 28946 0.073781535
47 71 3 100 646 0.073783792
112 39 3 100 1395625 0.073836215
82 107 3 100 3005 0.073869779
21 85 3 100 863 0.073875212
126 11 3 100 212 0.073973014
54 99 3 100 9137 0.073993508
91 14 3 100 120 0.073999217
57 11 3 100 655 0.074013966
80 65 3 100 912 0.074030289
112 54 3 100 620 0.074105028
60 121 3 100 67054 0.074168379
18 6 3 100 1115 0.074206912
2 79 3 100 138 0.074360089
87 24 3 100 1723 0.074377066
18 71 3 100 6582 0.074504939
31 90 3 100 580 0.074536253
1 114 3 100 742 0.074556107
116 50 3 100 1553 0.074649171
69 94 3 100 23987 0.074665544
82 62 3 100 8175 0.074683120
71 37 3 100 997 0.074713903
58 53 3 100 8167 0.074770216
76 126 3 100 128 0.074776141
25 92 3 100 203 0.074784721
51 16 3 100 412 0.074855016
49 108 3 100 187 0.075001030
118 78 3 100 277771 0.075047598
101 68 3 100 639 0.075077642
100 55 3 100 144 0.075096235
13 102 3 100 1711 0.075115284
24 124 3 100 291 0.075198496
85 57 3 100 329 0.075275090
39 43 3 100 10034510 0.075276964
56 35 3 100 109 0.075310141
6 59 3 100 95656 0.075321876
75 35 3 100 1515 0.075347130
7 26 3 100 897002 0.075360562
96 24 3 100 886 0.075391495
20 73 3 100 8088 0.075452922
90 48 3 100 1342 0.075464509
46 43 3 100 1007 0.075684394
18 47 3 100 1666041 0.075688714
13 10 3 100 1425 0.075784347
83 62 3 100 1093 0.075785314
85 94 3 100 1348 0.075787798
33 46 3 100 421 0.075818622
68 18 3 100 851 0.075833754
17 2 3 100 118 0.075851421
37 123 3 100 548 0.075862360
10 74 3 100 72677 0.075906683
112 8 3 100 232 0.075964783
102 23 3 100 472 0.075973123
53 59 3 100 716 0.076063720
46 7 3 100 984 0.076070072
55 120 3 100 6834 0.076096202
55 69 3 100 907 0.076140662
68 21 3 100 470 0.076160036
29 69 3 100 1759 0.076163565
26 3 3 100 4042 0.076164128
14 50 3 100 366801 0.076229934
48 15 3 100 772 0.076242729
13 33 3 100 266 0.076424461
37 74 3 100 5605 0.076446125
40 119 3 100 972 0.076543156
64 99 3 100 134 0.076562618
105 40 3 100 1010 0.076623008
116 38 3 100 67479 0.076628980
93 117 3 100 1412192 0.076633155
92 83 3 100 246 0.076654717
28 55 3 100 620 0.076657988
108 122 3 100 681 0.076692399
1 69 3 100 138 0.076709051
78 17 3 100 88973 0.076730565
47 105 3 100 573 0.076757721
50 6 3 100 2397 0.076844492
91 36 3 100 372 0.076871385
15 47 3 100 481 0.076937876
97 93 3 100 591285 0.076957028
82 72 3 100 353 0.076973353
45 57 3 100 1751 0.076979139
118 65 3 100 5318 0.077088213
101 54 3 100 5923 0.077134239
48 102 3 100 519 0.077184564
31 28 3 100 6727 0.077225525
42 71 3 100 2502 0.077248763
19 1 3 100 333 0.077295754
111 21 3 100 1737 0.077341689
42 83 3 100 9998 0.077404151
107 113 3 100 1041 0.077472012
17 127 3 100 1791061 0.077538087
45 88 3 100 1478 0.077582947
114 109 3 100 1608 0.077616933
69 56 3 100 152 0.077633061
44 52 3 100 221 0.077634157
84 17 3 100 221 0.077700127
107 119 3 100 393 0.077771734
79 101 3 100 97756817 0.077798487
28 11 3 100 162 0.077815336
121 76 3 100 82200 0.077818790
46 7 3 100 1658 0.077879000
6 7 3 100 953 0.077917264
115 31 3 100 402 0.077951188
32 36 3 100 165 0.078058079
8 25 3 100 851 0.078217971
74 81 3 100 1037 0.078318086
4 67 3 100 1247 0.078329995
35 88 3 100 947 0.078347785
0 43 3 100 743799 0.078385166
83 57 3 100 3159 0.078409700
16 72 3 100 8320 0.078474074
99 91 3 100 608 0.078499475
16 6 3 100 2845096 0.078555716
1 43 3 100 1195 0.078617017
76 103 3 100 980 0.078646113
112 55 3 100 162 0.078709156
99 0 3 100 545 0.078738042
86 85 3 100 374 0.078757664
97 119 3 100 204 0.078764358
114 3 3 100 885 0.078766027
71 1 3 100 622 0.078769850
67 84 3 100 2556 0.078842397
121 13 3 100 164 0.078897895
81 79 3 100 6680757 0.078926693
23 77 3 100 509 0.079020595
0 44 3 100 4561 0.079024161
0 51 3 100 235184 0.079101102
49 58 3 100 517 0.079187859
23 15 3 100 2378 0.079242996
21 121 3 100 651 0.079304786
112 91 3 100 604 0.079426143
16 66 3 100 16990 0.079431110
46 105 3 100 81661 0.079527752
57 87 3 100 1047 0.079563850
77 23 3 100 712 0.079618268
35 112 3 100 511 0.079651699
118 93 3 100 496 0.079664349
124 99 3 100 270 0.079683907
59 0 3 100 1853 0.079712179
16 22 3 100 8002 0.079720402
1 38 3 100 259 0.079812293
124 93 3 100 1539 0.079821491
88 34 3 100 9789 0.079909443
27 123 3 100 431 0.079914167
119 8 3 100 385 0.079937876
27 72 3 100 1376 0.079941410
115 102 3 100 92264 0.079945183
108 12 3 100 341 0.079946943
21 49 3 100 458 0.079968917
56 16 3 100 262 0.079970581
26 3 3 100 381 0.080027049
38 27 3 100 9887 0.080067510
103 96 3 100 428 0.080077018
56 53 3 100 8134077 0.080212891
93 122 3 100 3074 0.080226925
59 41 3 100 1078 0.080229491
126 22 3 100 6070 0.080231949
67 87 3 100 143 0.080280972
120 40 3 100 5414 0.080380763
18 9 3 100 1421 0.080417103
13 74 3 100 53347 0.080428655
6 106 3 100 1781 0.080436407
15 124 3 100 235817 0.080460922
50 42 3 100 557 0.080519039
45 3 3 100 9604 0.080598088
10 68 3 100 65799 0.080601392
75 0 3 100 253249 0.080625945
32 73 3 100 416 0.080633554
3 7 3 100 1166 0.080659006
25 42 3 100 1119 0.080691661
18 57 3 100 6200 0.080707398
115 73 3 100 242 0.080738787
23 123 3 100 824 0.080740165
127 7 3 100 873102 0.080752441
13 41 3 100 7614 0.080773967
104 109 3 100 701135 0.080784506
16 41 3 100 7947 0.080852355
0 64 3 100 695 0.081004219
94 49 3 100 521 0.081073090
41 126 3 100 2961 0.081073850
52 87 3 100 1087 0.081076478
17 69 3 100 306 0.081141439
44 11 3 100 592 0.081218071
110 23 3 100 41277 0.081218789
119 45 3 100 971 0.081291806
24 103 3 100 1730 0.081456821
112 71 3 100 1057 0.081464669
123 35 3 100 594 0.081478977
3 115 3 100 289 0.081488600
90 97 3 100 207 0.081500394
3 9 3 100 1038 0.081505723
103 31 3 100 119 0.081537314
89 42 3 100 3813322 0.081574077
0 86 3 100 96202 0.081648718
83 3 3 100 1631295 0.081702440
106 61 3 100 762 0.081768524
123 0 3 100 820 0.081778386
94 0 3 100 584 0.081782133
24 57 3 100 110 0.081792932
70 87 3 100 656 0.081801681
35 90 3 100 635 0.081825444
93 116 3 100 248 0.081849694
63 58 3 100 1367 0.081858383
89 95 3 100 1078 0.082004221
66 99 3 100 132 0.082105184
49 37 3 100 4847 0.082134609
89 19 3 100 1723 0.082163238
13 22 3 100 120 0.082169885
54 46 3 100 561 0.082240837
123 26 3 100 151816555 0.082300733
11 30 3 100 5574 0.082327044
22 1 3 100 626 0.082361137
123 29 3 100 114 0.082372279
54 38 3 100 218 0.082393561
53 14 3 100 4598 0.082480769
99 27 3 100 213 0.082551970
67 55 3 100 6458 0.082584035
50 80 3 100 699 0.082594346
84 90 3 100 72983 0.082604165
29 35 3 100 308 0.082627069
110 67 3 100 447 0.082650152
19 40 3 100 261 0.082690827
82 105 3 100 536 0.082696529
11 72 3 100 183342 0.082759810
33 126 3 100 149 0.082775579
115 8 3 100 3144 0.082784666
31 38 3 100 727 0.082905627
35 99 3 100 827 0.082973713
44 42 3 100 324 0.083036789
83 87 3 100 183 0.083048111
120 104 3 100 2344 0.083080128
14 111 3 100 1814 0.083121560
122 106 3 100 1506 0.083131743
79 49 3 100 117 0.083159486
67 57 3 100 1457 0.083173129
9 8 3 100 178 0.083223924
17 11 3 100 2553 0.083268139
36 39 3 100 366557 0.083282716
95 102 3 100 1932 0.083284837
117 63 3 100 9755766 0.083385967
40 44 3 100 384 0.083391660
24 41 3 100 2885 0.083431737
105 82 3 100 643 0.083442783
44 87 3 100 5268 0.083446167
85 45 3 100 111 0.083469121
53 32 3 100 240 0.083512650
123 9 3 100 884 0.083529448
74 32 3 100 495 0.083612309
68 91 3 100 1181 0.083626822
49 21 3 100 202 0.083644309
89 115 3 100 118 0.083666371
106 30 3 100 1704405 0.083670505
97 60 3 100 253 0.083724020
100 111 3 100 9924 0.083846075
30 110 3 100 460 0.083854712
35 43 3 100 75279 0.083860593
103 107 3 100 5634 0.083937494
46 121 3 100 1091 0.083967975
81 90 3 100 2387 0.084088623
75 81 3 100 190 0.084284283
79 96 3 100 8202 0.084301831
20 93 3 100 1024 0.084313133
23 69 3 100 1238 0.084323696
40 61 3 100 7190 0.084397960
84 36 3 100 1076 0.084479687
76 38 3 100 1665 0.084483786
120 92 3 100 16193 0.084558445
94 27 3 100 1066 0.084607951
59 72 3 100 864 0.084630111
104 46 3 100 978 0.084647777
115 100 3 100 960 0.084743905
109 127 3 100 9472 0.084750487
102 109 3 100 949 0.084777892
90 63 3 100 117 0.084789279
110 50 3 100 9648 0.084813518
39 11 3 100 3117 0.084882336
49 35 3 100 1591 0.084919098
41 3 3 100 378 0.085038410
70 112 3 100 87993 0.085067627
120 42 3 100 260 0.085123285
117 12 3 100 193 0.085136527
83 118 3 100 5117 0.085154233
82 86 3 100 187 0.085154570
120 23 3 100 384 0.085270377
126 81 3 100 314 0.085298387
74 93 3 100 801 0.085311179
80 71 3 100 1369 0.085361196
39 14 3 100 2460 0.085369005
5 117 3 100 914 0.085383564
112 70 3 100 163 0.085442409
43 37 3 100 7510 0.085462926
42 32 3 100 708 0.085592490
116 76 3 100 226 0.085654808
15 44 3 100 93653 0.085659979
50 102 3 100 191 0.085671147
57 30 3 100 1675 0.085728265
88 101 3 100 663 0.085740207
33 88 3 100 592 0.085780117
42 121 3 100 1663 0.085817092
8 24 3 100 1846 0.085830760
85 94 3 100 9343 0.085855389
43 3 3 100 435 0.085908961
73 113 3 100 270 0.085976498
106 37 3 100 558 0.086040485
17 78 3 100 281 0.086091913
52 57 3 100 843 0.086174828
7 96 3 100 676 0.086235188
5 13 3 100 461 0.086247645
72 1 3 100 1399 0.086247895
113 109 3 100 1553303 0.086282851
102 26 3 100 1701 0.086287595
108 115 3 100 4342803 0.086316528
115 60 3 100 1156 0.086324795
85 25 3 100 332 0.086346130
8 90 3 100 230 0.086574704
106 76 3 100 1059 0.086599328
35 18 3 100 919 0.086643147
72 63 3 100 1235758 0.086677426
30 81 3 100 261949 0.086685643
116 3 3 100 6758 0.086767205
56 96 3 100 1248 0.086795245
38 98 3 100 8731 0.086853308
91 68 3 100 857812 0.086939422
70 30 3 100 823 0.086939579
10 40 3 100 83738 0.086956512
20 91 3 100 1531 0.086966644
107 20 3 100 8407 0.087004460
104 111 3 100 9248 0.087051357
125 8 3 100 1019 0.087123266
123 102 3 100 971426748 0.087142914
6 91 3 100 927174 0.087228211
39 75 3 100 465 0.087258003
67 90 3 100 633 0.087312702
118 46 3 100 365513 0.087418662
47 10 3 100 77214 0.087490999
118 5 3 100 382 0.087648713
109 115 3 100 798 0.087709908
52 68 3 100 790 0.087729331
43 71 3 100 1984 0.087881991
31 83 3 100 1572 0.087910632
15 53 3 100 267 0.087981132
12 54 3 100 365 0.088067528
117 103 3 100 6661 0.088076138
69 96 3 100 7421 0.088077157
73 100 3 100 1650 0.088137017
74 120 3 100 6125 0.088137935
23 13 3 100 299 0.088140122
46 76 3 100 1016352 0.088188161
87 122 3 100 7045706 0.088263618
51 11 3 100 305 0.088317760
68 64 3 100 545 0.088375589
5 84 3 100 1718 0.088382289
8 118 3 100 165 0.088473190
37 10 3 100 531 0.088474984
29 18 3 100 1847 0.088521347
48 75 3 100 247 0.088528175
123 115 3 100 799 0.088572526
121 119 3 100 2057 0.088608849
27 80 3 100 1624 0.088632093
56 16 3 100 806 0.088665615
89 126 3 100 833 0.088682929
6 112 3 100 400 0.088713228
15 19 3 100 2386 0.088807613
53 36 3 100 883 0.088926051
127 92 3 100 49670077 0.088933297
88 31 3 100 600 0.088960382
15 12 3 100 2190 0.088976846
127 24 3 100 1542 0.089070806
85 51 3 100 2449 0.089148023
55 23 3 100 251666 0.089157490
98 29 3 100 300 0.089221813
111 127 3 100 359 0.089248618
104 95 3 100 419 0.089283576
79 54 3 100 916 0.089289215
30 120 3 100 1383849 0.089318770
120 107 3 100 778 0.089359187
41 100 3 100 154 0.089416937
112 110 3 100 512 0.089499009
79 97 3 100 35905 0.089588517
104 19 3 100 8670 0.089615368
36 20 3 100 529 0.089639990
70 10 3 100 392 0.089648684
116 9 3 100 1302872 0.089654278
45 106 3 100 52237 0.089661950
60 83 3 100 267899 0.089733975
50 78 3 100 145 0.089769966
20 5 3 100 270 0.089796623
25 123 3 100 6166 0.089840649
89 17 3 100 116 0.089840691
57 95 3 100 406 0.089866411
38 46 3 100 1066 0.089970848
26 51 3 100 1291 0.090059441
6 11 3 100 350496 0.090208340
120 74 3 100 172 0.090223168
4 8 3 100 39431 0.090231678
88 16 3 100 7433 0.090261456
73 1 3 100 253 0.090288889
28 70 3 100 588 0.090304785
29 23 3 100 970785 0.090314192
58 102 3 100 9772510 0.090434116
37 108 3 100 575 0.090492410
97 30 3 100 9701679 0.090532906
37 73 3 100 5701 0.090546888
84 7 3 100 9447705 0.090567366
89 12 3 100 482 0.090594440
39 49 3 100 590 0.090658458
126 20 3 100 1094 0.090667956
103 108 3 100 806 0.090743701
25 30 3 100 63333 0.090773102
23 50 3 100 423 0.090788692
37 124 3 100 2275 0.090824432
16 98 3 100 7368 0.090834319
21 84 3 100 542 0.090849366
116 33 3 100 149 0.090911391
19 125 3 100 8630 0.090926101
107 105 3 100 352891 0.090936276
102 65 3 100 43189 0.091058511
67 123 3 100 1838 0.091148221
61 75 3 100 725 0.091148517
109 65 3 100 1591852 0.091168051
64 123 3 100 189 0.091243968
53 69 3 100 259 0.091294644
111 55 3 100 857 0.091297451
120 37 3 100 1635 0.091380962
62 42 3 100 5112 0.091487024
49 71 3 100 1585 0.091533422
24 68 3 100 361 0.091542477
30 122 3 100 236 0.091607962
75 5 3 100 725 0.091641180
126 112 3 100 4437 0.091665073
32 115 3 100 84725 0.091745494
37 57 3 100 466 0.091773029
19 96 3 100 5042 0.091785492
99 61 3 100 383 0.091852970
72 18 3 100 174 0.091908707
99 14 3 100 899 0.091977508
64 38 3 100 6685389 0.092021523
6 67 3 100 1079 0.092028056
54 60 3 100 1804 0.092114294
10 51 3 100 8429 0.092142889
85 47 3 100 2004 0.092156297
40 121 3 100 337 0.092159727
61 25 3 100 478 0.092213968
73 15 3 100 967 0.092263280
106 65 3 100 930 0.092264143
47 5 3 100 506 0.092350943
41 37 3 100 71206 0.092405092
91 117 3 100 1168 0.092410986
104 87 3 100 598 0.092464507
9 5 3 100 195 0.092530617
22 43 3 100 1094 0.092540775
1 23 3 100 362 0.092550374
109 104 3 100 175 0.092689533
114 104 3 100 9731 0.092705879
30 47 3 100 5628 0.092723494
50 117 3 100 647 0.092740471
121 45 3 100 758 0.092796418
63 29 3 100 385 0.092812956
41 56 3 100 551 0.092823538
89 92 3 100 830 0.092852708
97 7 3 100 4438 0.092927769
98 3 3 100 7285 0.092975928
43 87 3 100 226 0.093002205
7 127 3 100 1082 0.093006386
29 105 3 100 160 0.093028430
114 100 3 100 1125320 0.093080119
57 125 3 100 778247 0.093180804
99 110 3 100 726 0.093251606
75 100 3 100 1894 0.093271059
41 72 3 100 1267244 0.093463391
39 4 3 100 1586250 0.093477254
94 48 3 100 68477 0.093480076
7 11 3 100 633 0.093547558
118 16 3 100 406 0.093565772
107 69 3 100 198 0.093694253
72 15 3 100 296 0.093694737
52 71 3 100 47886007 0.093738577
67 16 3 100 1454 0.093742360
73 123 3 100 4121 0.093767735
104 40 3 100 694 0.093786682
118 94 3 100 2413 0.093852623
50 82 3 100 163 0.093852852
30 124 3 100 96426 0.093907430
31 12 3 100 4402 0.093999924
46 12 3 100 1050 0.094014471
116 64 3 100 846 0.094035246
15 123 3 100 8710 0.094130474
82 26 3 100 6394 0.094253895
59 90 3 100 953 0.094292044
40 19 3 100 430 0.094415401
110 14 3 100 1572 0.094439515
24 79 3 100 194 0.094504564
91 65 3 100 1059 0.094514508
78 33 3 100 248 0.094522698
113 6 3 100 1318 0.094755795
18 50 3 100 9494 0.094759028
39 59 3 100 352873 0.094760788
24 30 3 100 1019 0.094873966
63 116 3 100 11522011 0.094877591
37 83 3 100 71672 0.094885851
84 126 3 100 449 0.094903489
21 43 3 100 1560479 0.094914374
50 65 3 100 1926 0.094948203
40 19 3 100 695 0.094966914
119 20 3 100 110 0.095233515
12 40 3 100 11684 0.095262721
42 61 3 100 611 0.095338703
100 42 3 100 1052 0.095338790
60 41 3 100 245 0.095540985
41 11 3 100 7879 0.095613689
31 35 3 100 3010 0.095816607
5 42 3 100 8144 0.095855915
109 99 3 100 290 0.095862245
49 42 3 100 495 0.095875781
113 85 3 100 288 0.095938944
89 113 3 100 150 0.095973750
43 95 3 100 607671 0.095976576
77 123 3 100 1678322 0.096033393
20 14 3 100 9310181 0.096061180
70 34 3 100 924822 0.096087405
109 88 3 100 42884 0.096110877
110 9 3 100 225 0.096115339
89 33 3 100 99312 0.096214069
49 86 3 100 4580 0.096402909
58 85 3 100 130 0.096410339
126 61 3 100 627 0.096431109
56 32 3 100 676 0.096655710
99 91 3 100 207 0.096738841
99 113 3 100 1037 0.096981117
13 69 3 100 617 0.097015484
66 117 3 100 401 0.097024590
60 66 3 100 237 0.097138202
66 51 3 100 6213 0.097146257
52 61 3 100 664 0.097149295
126 5 3 100 4061 0.097150680
114 120 3 100 76962 0.097190698
1 6 3 100 28500 0.097199775
57 65 3 100 225 0.097203804
52 86 3 100 560204 0.097211581
41 109 3 100 365 0.097232896
100 103 3 100 309 0.097297226
116 103 3 100 1055936 0.097298743
38 10 3 100 252 0.097310168
56 25 3 100 5171 0.097312005
31 76 3 100 703 0.097337791
77 42 3 100 692 0.097417563
56 19 3 100 10198209 0.097449999
77 95 3 100 952 0.097619664
114 72 3 100 124613332 0.098072661
24 59 3 100 372 0.098096939
20 93 3 100 986 0.098161263
62 47 3 100 9710 0.098367710
55 64 3 100 771 0.098560369
8 44 3 100 106 0.098912656
55 28 3 100 382 0.098952338
77 121 3 100 493 0.099018224
121 2 3 100 790 0.099056843
