1310 
37 48 3 100 157255 0.000071368
111 56 3 100 61672 0.000110369
7 3 3 100 583 0.000133168
124 125 3 100 214 0.000154488
40 11 3 100 472 0.000190200
115 9 3 100 853 0.000196262
12 39 3 100 2648 0.000288855
16 75 3 100 147 0.000336234
87 105 3 100 143 0.000340803
5 11 3 100 519 0.000409391
122 98 3 100 8425 0.000429540
51 45 3 100 786 0.000433980
90 115 3 100 853 0.000446043
41 103 3 100 716 0.000450478
20 53 3 100 231 0.000454653
63 31 3 100 537617416 0.000488497
101 115 3 100 9804107 0.000594811
2 46 3 100 211 0.000683003
113 41 3 100 501 0.000701043
91 107 3 100 6383 0.000712764
110 19 3 100 1081 0.000726763
31 49 3 100 334 0.000849688
62 29 3 100 689 0.000852705
75 16 3 100 3042 0.000864166
89 78 3 100 175 0.000946341
24 17 3 100 849 0.000988124
5 77 3 100 157 0.001078047
92 90 3 100 314 0.001173390
29 3 3 100 2359 0.001210164
78 87 3 100 404 0.001241444
43 118 3 100 474 0.001279445
82 57 3 100 5740925 0.001295113
60 65 3 100 166 0.001306292
119 47 3 100 5898 0.001309642
13 8 3 100 26328906 0.001341924
23 19 3 100 531807 0.001427673
54 122 3 100 7179 0.001482860
13 107 3 100 121 0.001597330
116 76 3 100 103 0.001606004
75 5 3 100 392 0.001634621
115 109 3 100 36251 0.001642353
58 16 3 100 43529 0.001649585
107 96 3 100 208 0.001651349
67 71 3 100 51792 0.001660718
18 37 3 100 211 0.001727977
53 54 3 100 1133 0.001739694
123 81 3 100 87698 0.001744374
46 114 3 100 1376 0.001764645
57 39 3 100 991 0.001771599
99 72 3 100 652 0.001815765
6 121 3 100 1047 0.001865741
44 87 3 100 818 0.001880573
110 53 3 100 226 0.002004402
35 45 3 100 559 0.002068507
126 109 3 100 1037 0.002075135
116 97 3 100 5641 0.002091758
5 19 3 100 9864912 0.002105637
97 81 3 100 469 0.002114499
116 59 3 100 2819949 0.002130014
51 124 3 100 411 0.002216640
34 49 3 100 256 0.002253779
31 107 3 100 625 0.002293274
12 78 3 100 7200 0.002299233
93 54 3 100 89178 0.002447781
88 94 3 100 974142 0.002467021
6 44 3 100 37650 0.002500570
106 2 3 100 1802 0.002501719
100 75 3 100 124 0.002522094
86 20 3 100 593 0.002561720
29 65 3 100 942 0.002567907
126 6 3 100 743 0.002573110
112 39 3 100 314313 0.002683427
41 5 3 100 321 0.002700935
3 125 3 100 1354 0.002842703
19 109 3 100 937 0.002851586
55 114 3 100 449 0.002905736
83 114 3 100 959 0.002937553
36 19 3 100 570 0.002939552
63 22 3 100 8889 0.002963359
70 3 3 100 231609141 0.002965368
70 13 3 100 391 0.002966423
35 60 3 100 228 0.002969997
117 121 3 100 124 0.002980367
48 55 3 100 1113 0.003063823
93 83 3 100 1084 0.003083507
121 45 3 100 678 0.003093134
88 21 3 100 1067 0.003099200
28 66 3 100 7503 0.003140093
65 10 3 100 1845 0.003160373
124 40 3 100 254893383 0.003165034
14 71 3 100 133 0.003231931
79 40 3 100 198 0.003240279
37 94 3 100 1937 0.003258517
72 101 3 100 9983 0.003305934
102 77 3 100 221 0.003373267
113 120 3 100 1838428 0.003387301
121 17 3 100 395 0.003404318
91 35 3 100 1469 0.003405811
32 121 3 100 318 0.003435709
46 56 3 100 543 0.003467807
97 48 3 100 591 0.003487182
117 76 3 100 119 0.003510355
0 4 3 100 2060 0.003548440
30 91 3 100 1559 0.003550660
27 84 3 100 4596 0.003584479
16 119 3 100 786 0.003598923
47 46 3 100 190 0.003645682
103 116 3 100 1780 0.003761310
1 23 3 100 767 0.003791327
84 81 3 100 352 0.003881994
89 37 3 100 52796303 0.003886058
84 54 3 100 1544 0.003891462
114 48 3 100 342 0.003904644
109 5 3 100 176704311 0.003925277
41 39 3 100 491 0.003942130
109 22 3 100 250 0.004002032
102 71 3 100 685926 0.004011959
75 1 3 100 1914 0.004044674
88 124 3 100 1753 0.004080475
107 42 3 100 225 0.004089971
2 73 3 100 1542903 0.004098385
88 101 3 100 32429739 0.004150112
85 24 3 100 1855 0.004153684
63 100 3 100 54715 0.004202195
32 38 3 100 1295418 0.004226373
37 15 3 100 9156 0.004231622
43 11 3 100 1059 0.004266864
28 87 3 100 388 0.004312123
17 88 3 100 720 0.004330007
47 6 3 100 6542 0.004343306
89 7 3 100 2234 0.004363330
11 17 3 100 1305 0.004378555
80 87 3 100 642 0.004379205
122 43 3 100 14982698 0.004399389
22 83 3 100 308 0.004416493
80 32 3 100 1420 0.004430728
121 80 3 100 1396 0.004433597
113 103 3 100 483 0.004444647
69 110 3 100 359 0.004492144
110 60 3 100 2725 0.004516259
76 91 3 100 1006 0.004610052
123 107 3 100 126 0.004636496
36 53 3 100 473 0.004651079
64 40 3 100 12618563 0.004668371
59 38 3 100 26961598 0.004689767
66 84 3 100 1026 0.004729527
63 81 3 100 146 0.004778143
6 124 3 100 1729145 0.004809379
31 15 3 100 416 0.004826638
112 2 3 100 77392 0.004891758
55 114 3 100 8931 0.004902262
43 126 3 100 772 0.004984697
24 70 3 100 495 0.005020876
120 99 3 100 500205 0.005045927
17 114 3 100 530 0.005062421
98 114 3 100 2530 0.005065310
49 121 3 100 378 0.005077501
60 117 3 100 290 0.005083323
36 61 3 100 235 0.005146393
117 4 3 100 784342 0.005226940
6 2 3 100 677 0.005238803
69 54 3 100 538 0.005271316
0 26 3 100 386 0.005351402
113 85 3 100 1275691 0.005427975
102 111 3 100 436 0.005474797
126 96 3 100 8550 0.005487710
103 84 3 100 199 0.005631169
7 49 3 100 1005 0.005653797
100 65 3 100 8392 0.005737255
48 80 3 100 2954 0.005747903
52 117 3 100 559 0.005780981
6 13 3 100 339 0.005818139
122 66 3 100 496 0.005833744
120 83 3 100 626 0.005882260
103 60 3 100 181 0.005936381
44 55 3 100 1387 0.005971017
83 92 3 100 671 0.005997565
28 31 3 100 1734 0.006002831
13 16 3 100 55116 0.006013025
32 117 3 100 405 0.006027680
51 122 3 100 1507 0.006070115
52 120 3 100 136 0.006117888
75 94 3 100 1037 0.006118958
100 71 3 100 48262 0.006122703
52 49 3 100 1361 0.006131943
38 54 3 100 432 0.006137027
118 80 3 100 38519 0.006141007
66 111 3 100 1279 0.006204690
36 56 3 100 959159 0.006205104
21 105 3 100 674555 0.006231325
74 10 3 100 853 0.006251388
30 23 3 100 908 0.006284477
74 13 3 100 246 0.006357898
118 76 3 100 1038 0.006430886
16 46 3 100 735 0.006446274
42 5 3 100 1672 0.006502404
7 56 3 100 1506 0.006524261
8 78 3 100 409 0.006532581
48 85 3 100 670 0.006532762
108 50 3 100 1824 0.006553333
64 73 3 100 422 0.006586177
96 63 3 100 1201 0.006597205
64 83 3 100 851 0.006644573
37 64 3 100 535 0.006705543
16 56 3 100 1131 0.006737977
118 100 3 100 363 0.006770530
19 35 3 100 484 0.006880988
80 25 3 100 5316 0.006938645
96 35 3 100 975 0.006963461
122 8 3 100 191 0.007027422
121 23 3 100 132 0.007275288
71 127 3 100 594 0.007285995
116 9 3 100 480 0.007356334
55 50 3 100 5905 0.007362560
55 52 3 100 204 0.007371791
50 89 3 100 270 0.007386757
23 82 3 100 5216943 0.007464535
10 117 3 100 3912 0.007478806
86 60 3 100 1011 0.007582259
97 60 3 100 256 0.007665294
109 15 3 100 2321 0.007702842
20 7 3 100 820 0.007731805
80 127 3 100 646 0.007768128
24 6 3 100 47816 0.007947475
83 68 3 100 926 0.007975260
104 63 3 100 1058 0.008218151
53 45 3 100 78160 0.008253127
105 80 3 100 1143 0.008254931
77 65 3 100 331 0.008296585
106 33 3 100 442 0.008301368
126 4 3 100 362 0.008320540
111 85 3 100 824 0.008326687
72 64 3 100 194 0.008356247
54 103 3 100 6472 0.008431618
9 67 3 100 340 0.008433460
52 87 3 100 559 0.008466568
68 11 3 100 7142 0.008474754
39 70 3 100 892 0.008490697
90 27 3 100 2743 0.008538981
36 102 3 100 3135 0.008542428
96 21 3 100 1058 0.008558027
29 17 3 100 593 0.008575241
0 72 3 100 301 0.008588189
68 97 3 100 627 0.008618512
13 23 3 100 1203824 0.008662428
95 59 3 100 2965 0.008779480
12 9 3 100 200 0.008788685
108 121 3 100 8809 0.008839879
22 47 3 100 15794 0.008871077
18 92 3 100 42045 0.008880259
15 91 3 100 558 0.008919337
22 36 3 100 644 0.008923807
29 96 3 100 10946 0.008929906
75 77 3 100 788 0.008946718
4 124 3 100 167 0.008975298
26 6 3 100 431 0.009015267
76 47 3 100 589479 0.009037353
74 56 3 100 38902 0.009037355
60 33 3 100 698 0.009099836
84 105 3 100 7569 0.009122967
67 78 3 100 469 0.009143286
61 34 3 100 1864 0.009200081
98 94 3 100 197 0.009223832
73 58 3 100 1553 0.009271207
12 5 3 100 243 0.009334160
35 91 3 100 158 0.009400462
101 77 3 100 3305655 0.009515978
86 17 3 100 958260 0.009523988
53 39 3 100 148 0.009525352
115 74 3 100 127 0.009529558
55 14 3 100 4046 0.009545205
125 36 3 100 293 0.009597249
123 4 3 100 245 0.009601149
26 98 3 100 400 0.009603702
61 106 3 100 468 0.009605238
85 120 3 100 588 0.009630506
24 75 3 100 6968169 0.009645525
97 77 3 100 1025 0.009712076
93 67 3 100 165 0.009716618
66 109 3 100 1281 0.009778387
71 87 3 100 9678 0.009791188
80 95 3 100 377 0.009800489
39 57 3 100 779 0.009815790
39 7 3 100 409 0.009882118
51 93 3 100 104 0.009915637
63 50 3 100 808 0.009933159
117 47 3 100 482 0.009967253
92 54 3 100 5036 0.009978524
94 30 3 100 932 0.009985314
80 6 3 100 1214 0.010058251
115 116 3 100 1796 0.010141346
97 106 3 100 5618 0.010220621
1 95 3 100 1539 0.010263192
25 17 3 100 145 0.010324610
16 36 3 100 505757 0.010394918
84 107 3 100 309480 0.010430803
95 48 3 100 102 0.010439675
61 80 3 100 100 0.010531344
74 50 3 100 513 0.010584606
120 104 3 100 2452 0.010688142
7 19 3 100 999 0.010694424
2 0 3 100 7305 0.010696472
76 27 3 100 1604 0.010725398
125 116 3 100 1049 0.010747896
50 69 3 100 215 0.010772580
22 103 3 100 446 0.010797515
2 26 3 100 196 0.010798660
62 117 3 100 21099 0.010820808
23 6 3 100 596 0.010831619
78 71 3 100 389 0.010854878
105 119 3 100 372 0.010886584
123 23 3 100 834 0.010919393
40 76 3 100 1169955 0.010931305
10 125 3 100 595 0.010953186
108 56 3 100 471 0.011017186
98 120 3 100 36463 0.011039387
29 31 3 100 104 0.011152912
64 107 3 100 371 0.011193488
21 42 3 100 564 0.011198221
98 120 3 100 6123 0.011199421
71 59 3 100 4198 0.011226555
87 120 3 100 85488 0.011262606
66 34 3 100 2578 0.011294951
115 57 3 100 6795 0.011295794
12 59 3 100 409 0.011309689
124 63 3 100 5518 0.011333207
108 17 3 100 173 0.011339976
87 55 3 100 1848524 0.011358200
117 83 3 100 417 0.011390809
50 59 3 100 1037 0.011487092
56 57 3 100 1665 0.011487475
94 43 3 100 335 0.011513794
87 92 3 100 1023 0.011589339
65 58 3 100 518 0.011629788
99 60 3 100 2287 0.011717629
82 60 3 100 546 0.011777411
30 95 3 100 899 0.011803914
16 101 3 100 2464 0.011880793
38 75 3 100 1631 0.011886639
15 14 3 100 289 0.011904010
36 2 3 100 832 0.011973201
114 49 3 100 551888702 0.011991395
52 71 3 100 726 0.012041965
22 38 3 100 266 0.012099437
97 37 3 100 72516057 0.012117744
101 14 3 100 3138 0.012148536
27 62 3 100 973 0.012180220
37 127 3 100 5778628 0.012181138
16 57 3 100 1268 0.012205995
116 84 3 100 610641 0.012219215
84 57 3 100 1730 0.012221455
99 101 3 100 634 0.012246692
100 74 3 100 1677 0.012282301
126 15 3 100 2717 0.012320795
42 15 3 100 1472 0.012342520
75 77 3 100 220735 0.012379576
57 23 3 100 71396 0.012397920
86 105 3 100 323 0.012431029
113 26 3 100 216 0.012451455
67 7 3 100 1032 0.012497945
91 12 3 100 69082921 0.012499661
36 57 3 100 333 0.012509450
118 61 3 100 64922288 0.012559520
72 101 3 100 199 0.012599896
122 19 3 100 3513 0.012607295
44 96 3 100 3860 0.012617871
113 71 3 100 376 0.012676005
96 121 3 100 666 0.012742190
59 115 3 100 504 0.012747893
68 1 3 100 3995 0.012763493
97 53 3 100 703 0.012871943
11 114 3 100 540 0.012872478
1 35 3 100 572233 0.012879412
55 8 3 100 418884 0.012903512
58 15 3 100 903 0.012909169
96 59 3 100 249 0.012922383
72 126 3 100 19262331 0.012926549
82 76 3 100 115 0.012936164
120 75 3 100 1300 0.012938001
101 84 3 100 40961856 0.013092314
8 94 3 100 232 0.013109149
57 10 3 100 23352 0.013123370
42 100 3 100 249 0.013183684
20 116 3 100 924 0.013196443
127 82 3 100 55204 0.013216355
105 114 3 100 336 0.013241433
68 28 3 100 7894 0.013286111
28 14 3 100 306147293 0.013327377
112 31 3 100 707 0.013350143
41 12 3 100 69915 0.013374888
94 8 3 100 407 0.013401391
109 78 3 100 3612 0.013403516
103 50 3 100 3658 0.013488140
91 31 3 100 73629858 0.013500692
98 88 3 100 284 0.013634037
18 91 3 100 335 0.013636236
11 52 3 100 558 0.013671780
59 123 3 100 77680638 0.013672750
116 60 3 100 210 0.013773416
101 124 3 100 1261 0.013779658
8 48 3 100 424 0.013820881
44 52 3 100 953 0.013829994
7 45 3 100 853 0.013885772
79 83 3 100 4724 0.013912024
77 63 3 100 1003 0.014057693
112 14 3 100 482 0.014125066
90 103 3 100 27121 0.014138089
99 69 3 100 824961 0.014141984
121 32 3 100 96201 0.014184873
105 107 3 100 77723 0.014250835
65 123 3 100 890 0.014272325
123 45 3 100 332 0.014321363
3 60 3 100 244 0.014408250
34 73 3 100 118 0.014408989
110 108 3 100 44080 0.014412872
45 111 3 100 918261 0.014457442
13 25 3 100 594 0.014499055
88 20 3 100 198 0.014509318
31 80 3 100 541 0.014512436
49 15 3 100 927 0.014566386
99 25 3 100 243 0.014570528
77 41 3 100 940 0.014604479
90 122 3 100 739759 0.014618609
98 80 3 100 427 0.014662270
117 101 3 100 5755 0.014691859
104 26 3 100 1027 0.014718346
43 112 3 100 918 0.014720972
30 50 3 100 390 0.014727297
24 46 3 100 1005 0.014739573
62 106 3 100 625 0.014788148
126 22 3 100 722 0.014803395
73 37 3 100 500 0.014879273
86 101 3 100 6872 0.015003520
127 31 3 100 276 0.015032468
89 15 3 100 1760108 0.015075115
4 109 3 100 1222 0.015113063
35 70 3 100 1518 0.015114470
36 52 3 100 317 0.015121175
95 7 3 100 604 0.015317852
4 2 3 100 590332 0.015340974
37 104 3 100 397 0.015385351
16 79 3 100 3979 0.015385690
38 16 3 100 1058 0.015443694
13 87 3 100 1780409 0.015445095
66 35 3 100 14403 0.015450663
35 38 3 100 26353 0.015470809
74 30 3 100 1589798 0.015548055
49 10 3 100 188725057 0.015658221
4 92 3 100 1124739 0.015705744
34 51 3 100 1560 0.015760774
82 37 3 100 774 0.015784218
102 81 3 100 756 0.015800103
127 82 3 100 795 0.015893984
12 46 3 100 63609580 0.015900081
33 96 3 100 383 0.015932428
111 18 3 100 351 0.015994311
83 48 3 100 86062 0.016005927
114 96 3 100 305 0.016055577
25 11 3 100 966 0.016057647
78 17 3 100 1371 0.016077902
120 45 3 100 528 0.016108459
87 54 3 100 942 0.016114653
29 77 3 100 1328 0.016120644
76 66 3 100 264 0.016138604
24 98 3 100 161 0.016147722
13 124 3 100 418 0.016188006
10 89 3 100 194 0.016233275
93 109 3 100 1283 0.016254504
123 73 3 100 1644 0.016274479
93 120 3 100 354 0.016286848
108 76 3 100 544 0.016326659
46 95 3 100 656 0.016347911
125 33 3 100 452 0.016384199
16 17 3 100 409 0.016455441
97 60 3 100 1697818 0.016468815
49 18 3 100 343 0.016497829
29 4 3 100 182 0.016524534
2 80 3 100 859 0.016549567
119 67 3 100 608 0.016622986
82 56 3 100 1028 0.016630994
78 54 3 100 1670 0.016644383
8 53 3 100 64640 0.016658063
47 68 3 100 993 0.016697262
74 87 3 100 1658 0.016701812
83 109 3 100 1093 0.016713754
111 86 3 100 28614920 0.016762665
61 70 3 100 118 0.016793283
0 78 3 100 137 0.016795632
38 6 3 100 2478 0.016831903
126 14 3 100 969 0.016849655
73 44 3 100 260 0.016855194
45 113 3 100 1069347 0.016868617
70 73 3 100 364 0.016916504
71 57 3 100 44080 0.016919672
122 4 3 100 7425 0.016922586
123 108 3 100 22541823 0.016925054
108 4 3 100 730 0.016968485
97 55 3 100 204 0.017140015
108 16 3 100 280 0.017216837
107 55 3 100 64340 0.017254573
3 29 3 100 714 0.017305645
116 13 3 100 5476 0.017357239
5 111 3 100 510 0.017420041
2 95 3 100 324 0.017424089
55 21 3 100 231 0.017424645
87 113 3 100 1466 0.017449985
125 110 3 100 564 0.017481823
61 62 3 100 124 0.017493268
42 32 3 100 1191 0.017546672
53 97 3 100 1161 0.017566487
97 19 3 100 821 0.017668148
118 115 3 100 7713 0.017686809
113 100 3 100 610 0.017687171
113 117 3 100 459 0.017749104
83 121 3 100 17034 0.017751358
53 29 3 100 547 0.017777074
117 29 3 100 1052 0.017833917
96 116 3 100 1017 0.017866794
76 51 3 100 700 0.017905672
10 94 3 100 856 0.017912696
117 98 3 100 1825 0.017922209
29 125 3 100 369 0.017953937
43 102 3 100 24290 0.018007128
63 40 3 100 599 0.018017951
65 44 3 100 845 0.018018662
51 105 3 100 339 0.018021490
71 25 3 100 18773 0.018021826
94 17 3 100 247 0.018023472
91 48 3 100 595 0.018154704
13 37 3 100 484 0.018211486
91 103 3 100 607 0.018316947
126 39 3 100 1604 0.018509990
2 90 3 100 23880555 0.018543733
121 85 3 100 740 0.018568025
112 109 3 100 3099671 0.018569972
29 13 3 100 840 0.018656571
43 106 3 100 58349 0.018742221
70 26 3 100 3142886 0.018766161
52 57 3 100 146 0.018772531
66 28 3 100 59905 0.018773100
55 121 3 100 1288 0.018775316
1 104 3 100 793 0.018805150
99 11 3 100 1207 0.018821915
5 91 3 100 246 0.018845731
89 17 3 100 213042 0.018894894
64 94 3 100 971142 0.018917513
56 64 3 100 172 0.018965649
23 67 3 100 861 0.019053760
36 59 3 100 97919649 0.019094805
55 34 3 100 1007 0.019111398
72 41 3 100 42565 0.019160846
49 80 3 100 1018 0.019316999
94 82 3 100 128 0.019354022
50 10 3 100 8935 0.019362157
4 84 3 100 7170 0.019432552
41 85 3 100 882 0.019474372
122 68 3 100 172 0.019500477
6 101 3 100 3991 0.019504974
116 95 3 100 7075 0.019517342
23 27 3 100 475 0.019547960
43 72 3 100 173 0.019565634
34 42 3 100 1682 0.019575182
91 112 3 100 186 0.019615352
78 13 3 100 598 0.019629633
81 112 3 100 9024 0.019671444
61 58 3 100 923 0.019778230
39 9 3 100 8572 0.019820229
61 96 3 100 665 0.019858286
71 37 3 100 562 0.019875589
61 32 3 100 447 0.019898735
34 4 3 100 1061 0.019910171
4 96 3 100 894 0.019944035
81 19 3 100 546 0.019979623
26 14 3 100 1070 0.020003870
113 64 3 100 543 0.020028086
65 6 3 100 61044 0.020111147
12 74 3 100 1770 0.020167873
55 99 3 100 1743 0.020169791
50 121 3 100 127 0.020203756
65 15 3 100 736 0.020332367
64 85 3 100 146 0.020406375
60 124 3 100 68102 0.020421540
59 98 3 100 2446 0.020427393
82 118 3 100 99677 0.020450039
100 5 3 100 606 0.020464143
122 69 3 100 138 0.020561160
9 121 3 100 142 0.020584812
72 29 3 100 96145 0.020600708
85 39 3 100 1396 0.020611286
37 55 3 100 813 0.020628511
22 47 3 100 4850 0.020637129
91 103 3 100 776 0.020651657
79 106 3 100 337 0.020662953
55 91 3 100 510 0.020683146
118 32 3 100 743033 0.020844806
23 26 3 100 4591 0.020846797
26 110 3 100 842 0.020897573
123 113 3 100 541 0.020913112
117 23 3 100 1679 0.021014561
12 85 3 100 82433 0.021022715
104 125 3 100 1675 0.021026801
75 82 3 100 1775 0.021059833
34 67 3 100 329 0.021060707
121 116 3 100 963114 0.021119241
5 99 3 100 938 0.021154185
64 78 3 100 413 0.021173886
32 79 3 100 42976 0.021178723
1 46 3 100 2357 0.021181155
75 94 3 100 663 0.021239177
68 28 3 100 17129 0.021259828
69 116 3 100 648 0.021282142
42 76 3 100 100 0.021310419
15 64 3 100 531 0.021326263
25 2 3 100 936868 0.021391254
5 57 3 100 114 0.021393611
119 18 3 100 618 0.021459097
20 86 3 100 1763 0.021477417
44 72 3 100 2584 0.021571478
51 11 3 100 103 0.021627303
126 56 3 100 1486 0.021628753
25 64 3 100 980 0.021671481
54 110 3 100 619 0.021706248
63 37 3 100 283 0.021733385
66 77 3 100 1813 0.021759050
49 54 3 100 83929 0.021760623
80 122 3 100 234 0.021771393
94 60 3 100 740 0.021795038
85 48 3 100 203 0.021821799
54 79 3 100 1756356 0.021846973
6 96 3 100 808 0.021899350
64 110 3 100 67157720 0.021952427
105 59 3 100 1189 0.021965720
60 100 3 100 406 0.021997133
11 68 3 100 178 0.022052695
63 68 3 100 3915 0.022091646
88 104 3 100 1025 0.022125848
2 82 3 100 700 0.022128260
77 55 3 100 909 0.022176504
26 120 3 100 490 0.022182364
18 97 3 100 22187375 0.022184498
75 50 3 100 1534973 0.022274653
80 88 3 100 2463 0.022309881
114 90 3 100 196 0.022328453
112 6 3 100 93071 0.022336653
48 86 3 100 530 0.022415469
75 32 3 100 1644 0.022489387
87 118 3 100 2276 0.022500372
28 84 3 100 808 0.022507314
105 114 3 100 244 0.022534781
10 97 3 100 159 0.022550347
124 116 3 100 405 0.022601868
50 9 3 100 654 0.022652014
108 37 3 100 160 0.022663555
19 118 3 100 246632 0.022664820
32 46 3 100 755 0.022706355
89 15 3 100 2838 0.022734800
94 123 3 100 438 0.022749515
65 19 3 100 1115 0.022752235
29 102 3 100 362684 0.022753212
21 8 3 100 445 0.022768343
41 10 3 100 1356 0.022835195
107 90 3 100 613 0.022839536
73 39 3 100 1172 0.022875223
97 68 3 100 30728 0.023037475
40 49 3 100 668 0.023044073
19 53 3 100 431 0.023057958
28 112 3 100 2539 0.023098313
51 86 3 100 1806144 0.023254264
35 29 3 100 1343119 0.023323845
18 15 3 100 346 0.023327404
46 92 3 100 852 0.023332433
38 121 3 100 1263229 0.023334944
21 85 3 100 9962 0.023343352
91 25 3 100 5719815 0.023348181
31 41 3 100 171 0.023396457
113 46 3 100 811588 0.023406384
113 15 3 100 1341 0.023447097
87 89 3 100 1769 0.023458516
88 110 3 100 2330 0.023504286
98 92 3 100 1941 0.023562920
82 124 3 100 531 0.023563180
63 55 3 100 2051 0.023576811
45 43 3 100 5896 0.023589453
90 33 3 100 573051 0.023641719
5 43 3 100 1406 0.023667614
16 89 3 100 1492 0.023706178
6 1 3 100 149 0.023710520
19 31 3 100 626 0.023757565
45 34 3 100 172 0.023796854
56 93 3 100 1481 0.023830060
91 44 3 100 9065 0.023958538
26 28 3 100 543 0.023964154
91 112 3 100 1014 0.023990072
68 63 3 100 739 0.024034014
115 102 3 100 274 0.024034647
32 77 3 100 8918 0.024059972
89 127 3 100 1794 0.024066799
76 88 3 100 708 0.024106973
102 125 3 100 998 0.024110434
90 28 3 100 261 0.024150947
1 124 3 100 8399 0.024166598
73 117 3 100 1473 0.024168190
98 91 3 100 1090 0.024251067
96 23 3 100 970 0.024282707
127 71 3 100 1051 0.024353185
49 21 3 100 1229 0.024396902
1 18 3 100 1077 0.024435057
62 65 3 100 317 0.024442546
7 41 3 100 7868 0.024487215
119 102 3 100 1598 0.024506269
98 75 3 100 356 0.024508337
56 33 3 100 281 0.024587972
91 56 3 100 78078 0.024592777
17 54 3 100 57479 0.024627078
114 98 3 100 235017 0.024718341
64 36 3 100 36454 0.024743769
36 75 3 100 1030 0.024758898
17 56 3 100 510 0.024851564
96 36 3 100 4807 0.024864583
61 42 3 100 122 0.024949511
123 34 3 100 1856 0.024976580
12 4 3 100 715 0.024991546
19 81 3 100 146 0.025020263
57 95 3 100 751 0.025035036
91 97 3 100 723 0.025142362
103 86 3 100 229 0.025237938
95 13 3 100 37601 0.025302915
50 11 3 100 49883 0.025353424
111 118 3 100 9544114 0.025370609
35 46 3 100 1036 0.025415271
59 86 3 100 9914 0.025434567
84 13 3 100 20566 0.025458356
100 35 3 100 8045 0.025485313
29 41 3 100 848 0.025528693
117 8 3 100 29367949 0.025560980
0 114 3 100 1282 0.025563794
54 16 3 100 714 0.025566768
12 61 3 100 1865 0.025590602
26 107 3 100 280 0.025625243
82 47 3 100 951 0.025689449
38 109 3 100 971 0.025703542
32 102 3 100 272 0.025713822
13 24 3 100 437 0.025810271
104 4 3 100 292 0.025838327
94 118 3 100 817 0.025853031
8 125 3 100 145 0.025883721
120 88 3 100 215592159 0.025891615
113 83 3 100 679 0.025913145
30 17 3 100 56982055 0.025953388
69 37 3 100 449 0.025957218
109 51 3 100 4321 0.025972377
94 66 3 100 762197 0.025976138
0 58 3 100 548 0.025996876
53 87 3 100 1262 0.026007150
99 114 3 100 404 0.026007837
52 116 3 100 1748 0.026066765
0 94 3 100 1471 0.026085623
79 21 3 100 883 0.026134548
79 51 3 100 585 0.026169070
62 25 3 100 635754 0.026187596
28 66 3 100 1529 0.026256980
39 71 3 100 114 0.026261064
64 102 3 100 401 0.026329397
75 126 3 100 5282 0.026340625
11 54 3 100 625813 0.026376361
114 39 3 100 249778 0.026404356
88 93 3 100 4213 0.026425001
65 55 3 100 881 0.026518989
29 69 3 100 51643 0.026551563
102 6 3 100 1702 0.026594485
13 35 3 100 2526 0.026629129
61 23 3 100 1441632 0.026633035
110 3 3 100 858 0.026640697
123 20 3 100 1477 0.026700598
82 118 3 100 285 0.026781729
119 21 3 100 5299 0.026785503
34 89 3 100 393 0.026826926
110 84 3 100 487 0.026916673
29 18 3 100 11449 0.026925136
76 71 3 100 1626 0.026964472
9 68 3 100 1328 0.026984940
77 11 3 100 1642 0.027010847
34 68 3 100 830 0.027053045
64 105 3 100 873 0.027064021
29 115 3 100 809 0.027075447
93 104 3 100 1835 0.027088128
101 108 3 100 341 0.027089079
8 69 3 100 288 0.027109767
8 59 3 100 2207 0.027110329
4 89 3 100 206 0.027132102
91 83 3 100 305 0.027187489
56 91 3 100 636 0.027215197
86 56 3 100 522 0.027218194
13 116 3 100 231996760 0.027249166
42 56 3 100 5138 0.027310167
111 88 3 100 234 0.027318818
2 60 3 100 189 0.027327774
44 50 3 100 715 0.027354376
9 102 3 100 645 0.027392727
89 36 3 100 962 0.027480177
37 45 3 100 1254 0.027496572
43 91 3 100 26617713 0.027560604
73 43 3 100 7506 0.027575177
7 23 3 100 292 0.027598487
38 69 3 100 1657 0.027662077
12 77 3 100 824 0.027696424
72 63 3 100 207 0.027701359
124 57 3 100 1600 0.027797680
74 32 3 100 1289586 0.027804302
20 84 3 100 85986 0.027840874
102 21 3 100 137 0.027852671
55 63 3 100 1755496 0.027864206
15 65 3 100 173 0.027874378
39 35 3 100 998379 0.027876424
46 72 3 100 364 0.027919293
124 87 3 100 198 0.027964453
114 55 3 100 5791 0.027967367
20 89 3 100 145 0.028287893
0 50 3 100 8001 0.028336597
90 124 3 100 647 0.028397301
77 0 3 100 563 0.028438376
90 113 3 100 5389 0.028519324
112 98 3 100 355 0.028521119
105 19 3 100 3857 0.028587111
23 95 3 100 1992 0.028737153
115 46 3 100 70949 0.028817615
94 85 3 100 768 0.028960817
15 53 3 100 1693 0.028979804
38 117 3 100 1612 0.028981293
79 119 3 100 3446 0.029094585
54 12 3 100 2264 0.029100312
43 2 3 100 2669 0.029139915
94 50 3 100 1659 0.029151566
18 95 3 100 110 0.029174884
94 121 3 100 70362 0.029283984
127 119 3 100 2072 0.029317945
109 71 3 100 51437 0.029327169
108 61 3 100 599 0.029372775
116 121 3 100 1075 0.029491278
90 27 3 100 156 0.029514544
17 18 3 100 614947 0.029532113
92 21 3 100 834 0.029565891
57 69 3 100 1303 0.029589614
113 83 3 100 91830 0.029630377
66 58 3 100 52396 0.029654221
29 110 3 100 8072 0.029655044
12 90 3 100 1751 0.029661788
123 85 3 100 171 0.029664072
63 7 3 100 917 0.029709706
61 110 3 100 817 0.029771225
56 10 3 100 152813 0.029788935
121 50 3 100 2163 0.029827232
75 18 3 100 799 0.029863291
99 91 3 100 271 0.029866889
87 39 3 100 247 0.029871690
16 106 3 100 770 0.029909733
0 97 3 100 1147 0.029991415
98 9 3 100 8579345 0.030029405
4 61 3 100 7830 0.030082423
24 110 3 100 1850 0.030130534
55 85 3 100 285 0.030168554
87 5 3 100 170 0.030208450
41 15 3 100 815 0.030208535
25 115 3 100 9576 0.030243556
63 89 3 100 996 0.030249359
51 38 3 100 417 0.030266517
31 37 3 100 4917 0.030401786
10 55 3 100 960 0.030435609
12 74 3 100 1253 0.030439394
25 6 3 100 220 0.030492251
35 6 3 100 836 0.030524180
56 42 3 100 211 0.030554398
53 124 3 100 1213 0.030554691
76 40 3 100 662 0.030558856
107 119 3 100 192 0.030594701
87 82 3 100 1019 0.030595513
20 31 3 100 975 0.030600571
59 14 3 100 300 0.030616908
31 91 3 100 280 0.030634012
127 105 3 100 268 0.030703770
123 68 3 100 1625 0.030789302
47 40 3 100 828 0.030800769
93 91 3 100 3392 0.030809010
63 114 3 100 1507 0.030833402
46 13 3 100 690 0.030842696
56 37 3 100 158969 0.030851649
59 87 3 100 733429 0.030866932
19 78 3 100 2364 0.030898248
28 50 3 100 371 0.030927458
25 67 3 100 8161 0.030964842
91 7 3 100 76262 0.031003613
52 100 3 100 499 0.031021749
6 23 3 100 7607 0.031078921
24 89 3 100 1625 0.031123466
41 100 3 100 127 0.031154786
111 123 3 100 68946 0.031165147
100 68 3 100 996 0.031230116
5 126 3 100 982 0.031325029
87 63 3 100 4736 0.031331486
78 35 3 100 714 0.031364885
12 27 3 100 305553 0.031425800
112 33 3 100 528 0.031490318
16 31 3 100 435 0.031577081
60 72 3 100 146 0.031631727
118 75 3 100 621 0.031660004
112 122 3 100 1005 0.031755005
3 75 3 100 2731 0.031758582
61 57 3 100 100 0.031783520
11 25 3 100 778 0.031999990
16 86 3 100 1784 0.032019983
24 126 3 100 885 0.032027525
91 92 3 100 67593 0.032033203
106 81 3 100 797 0.032105420
84 17 3 100 814 0.032106433
21 31 3 100 1743 0.032121100
21 34 3 100 150 0.032185315
48 35 3 100 8382 0.032226455
9 69 3 100 393 0.032264864
2 6 3 100 167 0.032268953
81 112 3 100 320 0.032328904
125 73 3 100 407 0.032358343
120 21 3 100 2454 0.032403562
84 20 3 100 140 0.032503651
15 31 3 100 22610580 0.032510940
49 57 3 100 99003 0.032520912
94 3 3 100 3745 0.032605458
79 50 3 100 513 0.032658531
72 114 3 100 6032 0.032778336
51 12 3 100 273 0.032892355
40 21 3 100 456 0.032946604
121 92 3 100 9380170 0.032983530
100 44 3 100 915 0.033033236
110 99 3 100 1036 0.033077529
124 23 3 100 238 0.033082015
85 22 3 100 7034 0.033099666
64 84 3 100 456477 0.033163259
115 61 3 100 1179 0.033171303
73 3 3 100 23850 0.033290789
37 123 3 100 1734 0.033291503
69 48 3 100 912 0.033321265
103 110 3 100 451 0.033323063
119 40 3 100 1268 0.033396582
124 28 3 100 5487 0.033428131
126 12 3 100 81568 0.033454953
80 120 3 100 358 0.033519199
115 45 3 100 229 0.033589687
45 96 3 100 396 0.033619210
11 102 3 100 618 0.033677492
15 94 3 100 200 0.033733729
98 30 3 100 394 0.033758794
36 80 3 100 78034 0.033759770
87 35 3 100 6737 0.033771826
31 30 3 100 14496229 0.033849199
44 18 3 100 1145 0.033876701
86 103 3 100 553 0.034031915
119 37 3 100 677 0.034118677
26 30 3 100 619 0.034122617
63 70 3 100 113 0.034165290
49 7 3 100 314 0.034183252
99 124 3 100 827 0.034196096
67 126 3 100 503 0.034200141
15 2 3 100 2361 0.034213431
63 4 3 100 698 0.034216025
58 121 3 100 928 0.034240361
8 55 3 100 107 0.034279021
9 27 3 100 272 0.034280653
10 24 3 100 766 0.034302980
115 57 3 100 476 0.034407527
124 69 3 100 1329 0.034485497
16 2 3 100 1947 0.034500971
27 4 3 100 113 0.034514340
25 35 3 100 4718 0.034536959
80 51 3 100 570 0.034549750
5 96 3 100 2605 0.034562074
24 88 3 100 6039 0.034648644
74 38 3 100 1562 0.034703982
81 72 3 100 906 0.034722449
40 123 3 100 490 0.034735203
114 119 3 100 1420 0.034741945
54 35 3 100 525 0.034757564
10 98 3 100 1183 0.034759380
112 28 3 100 823 0.034862726
39 99 3 100 1743 0.034945052
4 48 3 100 126 0.034957398
38 11 3 100 982 0.035032170
16 80 3 100 1651 0.035035768
103 101 3 100 8945 0.035046492
15 7 3 100 102 0.035095340
51 42 3 100 298 0.035113896
66 68 3 100 1107 0.035140816
117 59 3 100 43577 0.035150964
51 78 3 100 643 0.035171141
6 121 3 100 1319789 0.035199645
44 61 3 100 110 0.035236087
78 119 3 100 4751 0.035392086
18 15 3 100 815 0.035409919
10 15 3 100 922 0.035410761
79 23 3 100 14066 0.035439662
27 96 3 100 1845913 0.035452347
9 53 3 100 171 0.035550952
39 38 3 100 769 0.035603359
40 17 3 100 394 0.035727095
88 17 3 100 118 0.035743451
41 2 3 100 56390233 0.035800460
40 67 3 100 244 0.035879729
56 21 3 100 593 0.035930068
67 57 3 100 698 0.035948111
27 123 3 100 460 0.035998996
103 16 3 100 1365 0.036004626
77 56 3 100 6587031 0.036046172
53 97 3 100 334 0.036139672
70 106 3 100 162 0.036154840
53 98 3 100 1434961 0.036162040
52 41 3 100 4945 0.036233735
116 62 3 100 373 0.036347243
64 5 3 100 715 0.036351224
78 42 3 100 462 0.036376598
97 4 3 100 646 0.036388986
15 1 3 100 1005 0.036409692
40 51 3 100 16449056 0.036437891
31 102 3 100 380 0.036450703
46 102 3 100 1076 0.036523414
8 42 3 100 785 0.036560592
54 42 3 100 25967 0.036596190
23 105 3 100 900 0.036712136
20 95 3 100 1120 0.036765520
37 46 3 100 548 0.036817678
10 14 3 100 248 0.036839785
80 76 3 100 8096 0.036862878
84 79 3 100 4167 0.036966385
93 49 3 100 1111 0.036977159
20 35 3 100 211 0.036983870
125 118 3 100 404 0.037017317
127 94 3 100 1547903 0.037028658
67 10 3 100 532 0.037073194
4 12 3 100 30540 0.037121515
116 98 3 100 495 0.037189698
119 48 3 100 42823 0.037191492
58 117 3 100 273 0.037272087
91 16 3 100 533 0.037326019
36 29 3 100 2327 0.037338317
71 64 3 100 1146 0.037383687
17 115 3 100 3510043 0.037388573
12 97 3 100 732 0.037447014
45 21 3 100 4654 0.037453819
110 74 3 100 633 0.037473488
28 110 3 100 898 0.037479293
68 105 3 100 895108 0.037491455
60 114 3 100 644 0.037501702
124 1 3 100 774 0.037522597
28 6 3 100 1350 0.037548484
85 45 3 100 5004097 0.037555396
59 0 3 100 896 0.037586643
17 86 3 100 40288251 0.037618981
36 93 3 100 1028 0.037626091
52 118 3 100 1084 0.037659142
120 15 3 100 34649327 0.037668012
96 14 3 100 341 0.037711189
83 113 3 100 1412 0.037774373
92 89 3 100 243 0.037895637
67 96 3 100 120 0.037921956
58 79 3 100 176553 0.037928646
58 26 3 100 742 0.037950290
36 122 3 100 3096 0.037957948
120 76 3 100 638 0.037981484
93 108 3 100 373 0.037993573
94 82 3 100 521 0.038025201
43 95 3 100 1334 0.038037921
23 106 3 100 823 0.038087773
4 107 3 100 3483 0.038110972
48 9 3 100 1069 0.038143832
85 39 3 100 9699 0.038162585
71 64 3 100 1781595 0.038165538
17 119 3 100 159 0.038231645
68 41 3 100 94203 0.038255342
48 90 3 100 89242 0.038269305
122 34 3 100 292 0.038283349
127 42 3 100 255 0.038301938
110 50 3 100 559 0.038312048
21 97 3 100 688 0.038345373
43 12 3 100 637 0.038395972
41 123 3 100 1796 0.038411326
3 90 3 100 308 0.038456169
50 55 3 100 1468683 0.038492044
2 89 3 100 662 0.038504359
72 21 3 100 1797 0.038562418
42 70 3 100 365 0.038570442
109 120 3 100 235 0.038653501
21 95 3 100 6767 0.038676871
15 116 3 100 6713 0.038678685
53 89 3 100 1217963 0.038686511
123 54 3 100 766 0.038718278
25 66 3 100 328 0.038806663
105 96 3 100 289205 0.038837374
0 43 3 100 1141 0.038842955
32 29 3 100 254 0.038847346
69 7 3 100 1785 0.038852386
119 104 3 100 428 0.038854402
88 40 3 100 92580 0.038862154
23 46 3 100 1821 0.038918287
54 76 3 100 544 0.038928619
115 52 3 100 22899 0.038953390
65 76 3 100 100 0.038955219
34 93 3 100 286 0.038961723
125 38 3 100 993 0.038976845
30 99 3 100 1702 0.039075498
117 121 3 100 8491 0.039082465
72 22 3 100 1737 0.039085067
41 21 3 100 141 0.039112653
63 114 3 100 358 0.039171466
103 99 3 100 1358 0.039204719
27 41 3 100 129 0.039270695
23 117 3 100 48264 0.039289683
92 107 3 100 1426324 0.039335182
108 15 3 100 341 0.039336354
60 81 3 100 1045 0.039444588
81 1 3 100 174 0.039469902
107 100 3 100 439 0.039476170
84 2 3 100 1227 0.039487233
78 14 3 100 29404 0.039512548
67 6 3 100 8775960 0.039549801
85 78 3 100 310 0.039563166
77 11 3 100 715 0.039568715
8 53 3 100 166 0.039595618
108 58 3 100 747 0.039616761
83 89 3 100 6919 0.039643636
3 122 3 100 1853 0.039699428
4 19 3 100 850 0.039727173
23 118 3 100 893 0.039736943
28 6 3 100 208 0.039798125
37 126 3 100 9196 0.039918067
16 13 3 100 66511647 0.040083607
107 123 3 100 621 0.040137071
83 21 3 100 2941 0.040192071
77 83 3 100 119 0.040269601
93 17 3 100 1772 0.040304076
60 3 3 100 1026 0.040321408
96 49 3 100 343 0.040429636
70 90 3 100 712 0.040453218
72 73 3 100 853 0.040518255
107 55 3 100 208 0.040612091
9 88 3 100 7708906 0.040637582
91 36 3 100 176 0.040639247
52 62 3 100 60335 0.040709070
50 90 3 100 329419 0.040716499
28 85 3 100 353907 0.040826237
28 4 3 100 1730 0.040838702
103 11 3 100 1046 0.040843614
106 11 3 100 962 0.040863355
17 124 3 100 1149 0.040866281
86 28 3 100 231946 0.040900099
74 120 3 100 368 0.040984473
35 6 3 100 1333 0.041064955
78 80 3 100 1653896 0.041092636
99 18 3 100 1520406 0.041146402
55 127 3 100 252 0.041172503
108 31 3 100 1177 0.041191743
28 52 3 100 703 0.041201687
20 47 3 100 325 0.041300552
6 84 3 100 794 0.041388686
82 108 3 100 1023 0.041393184
53 119 3 100 1175719 0.041612950
71 27 3 100 379 0.041615330
94 31 3 100 1319 0.041615817
96 73 3 100 112 0.041639160
9 96 3 100 2130 0.041640463
23 56 3 100 56188166 0.041819819
33 102 3 100 1432 0.041843139
9 25 3 100 2741 0.041861078
59 22 3 100 162 0.041911435
38 29 3 100 714 0.041916361
19 90 3 100 466 0.041916733
52 50 3 100 672320 0.041928321
126 101 3 100 393 0.041964285
78 0 3 100 399 0.041989482
57 50 3 100 188215878 0.042035478
42 94 3 100 50857 0.042036077
0 39 3 100 6858 0.042078283
125 99 3 100 950 0.042133117
92 77 3 100 1475838 0.042143601
96 17 3 100 1294 0.042212773
91 123 3 100 502 0.042253461
76 68 3 100 424 0.042315647
45 87 3 100 1772 0.042318446
72 38 3 100 239 0.042330488
2 33 3 100 794 0.042338828
27 86 3 100 888 0.042357721
58 65 3 100 48656 0.042376219
26 63 3 100 1049 0.042377692
26 40 3 100 155 0.042379995
21 100 3 100 448 0.042498674
120 89 3 100 62906 0.042543485
108 87 3 100 118817 0.042553571
51 116 3 100 1031 0.042557729
121 67 3 100 103 0.042579057
60 89 3 100 318 0.042580273
42 96 3 100 138 0.042709001
112 78 3 100 8028 0.042804476
75 5 3 100 922 0.042953800
14 81 3 100 130 0.042981979
113 29 3 100 775 0.042985356
14 125 3 100 1426 0.043187732
96 24 3 100 415 0.043203152
24 39 3 100 1408 0.043250548
55 92 3 100 14957 0.043308967
92 49 3 100 522 0.043347386
102 8 3 100 8080 0.043386107
98 126 3 100 779 0.043414615
96 12 3 100 8779 0.043477051
86 1 3 100 564 0.043544567
125 4 3 100 515 0.043587512
30 0 3 100 172 0.043593998
88 113 3 100 51402 0.043643663
49 25 3 100 1295847 0.043699705
41 26 3 100 77613 0.043771210
23 73 3 100 9579 0.043824440
33 48 3 100 6912 0.043854402
27 111 3 100 557 0.043913651
35 103 3 100 122 0.043944202
115 41 3 100 765 0.043963157
120 72 3 100 356 0.044051242
26 44 3 100 174 0.044066970
35 26 3 100 878206 0.044078809
125 15 3 100 160 0.044123230
101 85 3 100 68717 0.044172281
110 1 3 100 621 0.044175176
24 51 3 100 7113 0.044246276
33 84 3 100 1842063 0.044262526
103 67 3 100 1161 0.044384335
106 84 3 100 1408 0.044487453
27 79 3 100 1069 0.044602038
74 92 3 100 250087 0.044702789
36 54 3 100 137 0.044742554
31 102 3 100 770 0.044771890
58 110 3 100 1253034 0.044791777
89 20 3 100 983 0.044885742
122 62 3 100 7677 0.044922803
93 4 3 100 931 0.044922861
49 122 3 100 873 0.045053878
71 0 3 100 7315 0.045072714
76 118 3 100 8812 0.045132699
106 124 3 100 35775 0.045153671
93 28 3 100 1393578 0.045191044
58 28 3 100 384880 0.045230906
34 5 3 100 1613 0.045255264
101 123 3 100 15692 0.045301810
98 62 3 100 959 0.045370112
106 102 3 100 174 0.045384224
94 46 3 100 75515 0.045397260
105 60 3 100 1706 0.045564890
92 72 3 100 1291 0.045580203
45 114 3 100 210 0.045590991
86 101 3 100 101 0.045717649
81 24 3 100 463 0.045752913
81 123 3 100 280 0.045781258
83 57 3 100 521 0.045827238
108 97 3 100 5512 0.045897653
16 123 3 100 26011593 0.046032702
62 56 3 100 1093 0.046050141
91 92 3 100 103 0.046079964
33 7 3 100 225 0.046155174
115 45 3 100 148 0.046179258
3 102 3 100 124513 0.046199977
8 120 3 100 492 0.046220060
3 62 3 100 3985096 0.046269178
28 101 3 100 987 0.046292291
3 98 3 100 1122 0.046330752
71 76 3 100 134 0.046356114
19 25 3 100 324 0.046579867
65 110 3 100 817 0.046593696
14 30 3 100 745 0.046633727
22 78 3 100 782 0.046648472
67 65 3 100 79319 0.046648726
121 117 3 100 606 0.046675559
105 62 3 100 330 0.046707669
105 11 3 100 13803 0.046729966
112 119 3 100 886 0.046730361
91 60 3 100 400 0.046733638
26 80 3 100 800 0.046758427
109 110 3 100 1681 0.046804152
0 49 3 100 5144 0.046810916
3 75 3 100 1521887 0.046846722
115 58 3 100 682 0.046888133
16 64 3 100 835 0.046971796
0 69 3 100 453 0.047035799
23 59 3 100 901 0.047077327
105 54 3 100 409 0.047335179
28 102 3 100 137 0.047340930
12 110 3 100 533 0.047432370
65 95 3 100 165 0.047444257
9 1 3 100 1286 0.047481541
115 59 3 100 420 0.047507502
91 113 3 100 1751 0.047576581
83 52 3 100 2422 0.047608014
52 82 3 100 36898 0.047744360
115 122 3 100 1605 0.047764922
52 58 3 100 435 0.047790967
60 105 3 100 389 0.047955975
54 46 3 100 641 0.048116727
15 125 3 100 22302 0.048404067
60 50 3 100 3567 0.048614885
19 121 3 100 9133 0.048711861
87 17 3 100 288 0.048773668
102 91 3 100 743 0.048790129
103 39 3 100 13959993 0.048793785
127 53 3 100 125 0.048872616
58 69 3 100 7076671 0.049087896
124 94 3 100 43409 0.049428035
60 37 3 100 92840 0.049433111
103 62 3 100 2067 0.049530120
