212 
120 61 3 100 493 0.000046188
61 81 3 100 317 0.000076652
96 1 3 100 977 0.000084587
111 113 3 100 520422 0.000088064
80 99 3 100 1344 0.000194287
22 18 3 100 183 0.000200165
4 70 3 100 376 0.000236056
96 24 3 100 366 0.000309336
89 18 3 100 579 0.000390331
117 75 3 100 7513 0.000415441
90 56 3 100 78957 0.000445207
97 23 3 100 364 0.000497727
35 86 3 100 201 0.000504808
39 97 3 100 206 0.000519409
99 114 3 100 38308 0.000536709
98 77 3 100 7567 0.000625870
0 101 3 100 209 0.000637160
8 81 3 100 1205647 0.000707071
61 15 3 100 8082 0.000758469
71 104 3 100 8638 0.000841142
109 7 3 100 315 0.000866954
85 114 3 100 985 0.000896970
82 99 3 100 547 0.000976335
1 19 3 100 142 0.000976336
46 102 3 100 8251 0.001080408
77 29 3 100 289 0.001100360
112 93 3 100 24139343 0.001142838
119 35 3 100 891 0.001152034
84 101 3 100 260 0.001194242
74 57 3 100 1096 0.001203204
9 40 3 100 515 0.001255478
21 70 3 100 2680 0.001435794
102 60 3 100 2986 0.001461702
89 26 3 100 5468 0.001477520
30 75 3 100 67942531 0.001529090
64 31 3 100 1201499 0.001551881
6 63 3 100 29198827 0.001567282
35 115 3 100 11991 0.001645795
42 61 3 100 1105 0.001664947
84 64 3 100 228 0.001681020
119 44 3 100 7331 0.001684419
107 122 3 100 311 0.001707152
57 74 3 100 420 0.001740156
86 74 3 100 72522 0.001756137
81 98 3 100 1843807 0.001803674
95 110 3 100 571 0.001814668
80 118 3 100 931 0.001879867
3 37 3 100 378 0.001884081
93 46 3 100 1768 0.001955036
50 107 3 100 7558 0.001992004
9 52 3 100 352 0.002003026
94 127 3 100 8895 0.002021927
17 66 3 100 702 0.002110778
98 80 3 100 779 0.002112879
62 107 3 100 157 0.002141539
56 6 3 100 225 0.002160801
18 122 3 100 605 0.002164862
36 24 3 100 94188 0.002188874
95 50 3 100 839 0.002195526
71 13 3 100 145 0.002246043
116 41 3 100 236638289 0.002246063
0 2 3 100 893 0.002275059
78 45 3 100 397 0.002327091
28 2 3 100 1004 0.002327201
30 95 3 100 446 0.002339298
36 62 3 100 126 0.002359748
54 93 3 100 94654 0.002408139
85 38 3 100 102 0.002460715
108 54 3 100 120 0.002487568
103 58 3 100 500 0.002489727
79 83 3 100 5643 0.002510214
115 15 3 100 1560 0.002517223
83 85 3 100 552 0.002615970
52 65 3 100 919 0.002690041
71 4 3 100 56212 0.002709828
51 45 3 100 5289774 0.002712908
99 115 3 100 73098 0.002733495
25 109 3 100 4706 0.002779341
112 80 3 100 1089228 0.002787861
106 24 3 100 5949 0.002823656
70 82 3 100 250 0.002826715
3 113 3 100 210 0.002838320
80 115 3 100 746547 0.002895546
21 15 3 100 1434 0.002935271
22 48 3 100 1602 0.002941148
37 48 3 100 2731 0.002952377
114 18 3 100 98385 0.002963067
21 20 3 100 922 0.002978373
126 67 3 100 229187559 0.003078670
55 58 3 100 1033 0.003115985
113 28 3 100 1539145 0.003136277
97 26 3 100 1088 0.003200675
92 72 3 100 87264 0.003270426
65 45 3 100 982 0.003273136
74 36 3 100 1077 0.003465712
80 67 3 100 951712848 0.003536285
18 122 3 100 8547670 0.003541872
72 54 3 100 870 0.003597925
71 111 3 100 174 0.003753100
10 99 3 100 249239341 0.003777007
71 60 3 100 482 0.003795920
12 34 3 100 1169 0.003809039
6 50 3 100 2129 0.003849010
16 76 3 100 354 0.003931058
62 113 3 100 2319 0.004021651
22 71 3 100 664 0.004057890
66 78 3 100 1561 0.004059503
74 7 3 100 382 0.004065145
68 39 3 100 235 0.004095360
119 51 3 100 897 0.004200126
66 106 3 100 423 0.004237140
5 70 3 100 4263 0.004260817
1 3 3 100 206 0.004270776
110 121 3 100 7930 0.004289344
109 118 3 100 1036 0.004331621
51 73 3 100 217 0.004340798
0 65 3 100 351866 0.004341498
99 61 3 100 1035 0.004349155
34 37 3 100 461 0.004419011
48 29 3 100 4166 0.004428393
100 52 3 100 156 0.004454863
94 45 3 100 143 0.004550643
0 117 3 100 422 0.004555027
27 13 3 100 2752 0.004636002
82 83 3 100 3200 0.004645872
55 48 3 100 122 0.004717512
99 82 3 100 98221 0.004724153
97 39 3 100 1029 0.004904689
74 81 3 100 9650 0.004916316
79 125 3 100 138 0.004953300
113 64 3 100 781 0.004964088
102 35 3 100 54155278 0.004974754
112 82 3 100 538 0.004978094
6 88 3 100 1327 0.005114154
114 112 3 100 349 0.005149657
34 115 3 100 276 0.005170953
75 108 3 100 1066 0.005190646
3 32 3 100 8369 0.005205292
48 38 3 100 495 0.005260221
10 110 3 100 134 0.005286201
81 38 3 100 106720 0.005324975
81 74 3 100 985644 0.005367150
25 62 3 100 634 0.005369334
97 9 3 100 155 0.005417345
68 39 3 100 133 0.005432848
3 4 3 100 182 0.005536019
106 66 3 100 1855 0.005553547
90 16 3 100 24704 0.005577070
43 4 3 100 301082 0.005586533
18 11 3 100 580 0.005687637
107 49 3 100 598 0.005692156
110 49 3 100 343029 0.005770825
106 85 3 100 266069 0.005801671
112 52 3 100 1642 0.005840149
9 69 3 100 37237 0.005846414
28 60 3 100 865 0.005850305
64 85 3 100 120 0.005867205
4 50 3 100 4855 0.005867970
62 122 3 100 971 0.005919429
110 114 3 100 818 0.005962658
107 117 3 100 599 0.005997920
18 77 3 100 1643 0.006003358
79 61 3 100 484 0.006046531
50 21 3 100 39395 0.006065100
99 20 3 100 1170 0.006081331
93 56 3 100 106 0.006153418
122 97 3 100 751 0.006199513
73 61 3 100 50119 0.006222138
64 56 3 100 2699 0.006352960
33 102 3 100 2658 0.006387614
51 127 3 100 91078903 0.006415763
106 25 3 100 718 0.006454076
64 35 3 100 399 0.006486711
86 27 3 100 130 0.006542707
95 53 3 100 1557 0.006585804
81 25 3 100 8840 0.006600356
18 62 3 100 1423 0.006661089
40 67 3 100 562 0.006843669
71 61 3 100 834 0.006847690
53 79 3 100 505 0.006903201
10 17 3 100 353 0.006966990
97 72 3 100 1313 0.006987740
72 100 3 100 111 0.007067477
70 31 3 100 335 0.007083715
124 10 3 100 1417 0.007186657
33 55 3 100 532 0.007240135
1 76 3 100 366 0.007301925
33 122 3 100 478 0.007308030
70 60 3 100 885 0.007336807
79 23 3 100 1572205 0.007347128
97 16 3 100 1040 0.007393497
94 56 3 100 635 0.007418215
119 104 3 100 5970 0.007422562
106 70 3 100 378943 0.007461558
122 23 3 100 748 0.007661348
30 115 3 100 904 0.007711978
80 79 3 100 856 0.007712490
53 109 3 100 2493 0.007922693
105 110 3 100 524 0.008145129
57 16 3 100 1053 0.008171022
94 127 3 100 618718 0.008345910
94 22 3 100 3407519 0.008440722
55 21 3 100 413 0.008452292
75 124 3 100 1588155 0.008767698
68 127 3 100 1686 0.008846565
10 31 3 100 1637 0.009040796
62 54 3 100 886 0.009071379
80 94 3 100 206 0.009329331
10 1 3 100 684 0.009335401
9 75 3 100 826 0.009567076
74 111 3 100 344 0.009634935
70 43 3 100 935 0.009694413
