0b002001 0b004101 10000 100 4394 37858 86411 86907
0b001c01 0b002501 10000 100 550 43141 82104 83678
0b004c01 0b000301 10000 100 326 57603 81388 83499
0b007701 0b006f01 10000 100 510 56748 82687 83646
0b006001 0b004001 10000 100 3196 60049 85415 85910
0b006001 0b003301 10000 100 981 62094 83953 84023
0b005501 0b004d01 10000 100 677 64358 82512 83780
0b000701 0b003e01 10000 100 683 71924 82528 83784
0b007101 0b002d01 10000 100 414 94941 81668 83569
0b003601 0b001701 10000 100 629 99481 82356 83741
0b003801 0b004701 10000 100 375 117084 81616 83538
0b005901 0b005f01 10000 100 334 158930 41443 41905
0b007b01 0b007d01 10000 100 63309 102112 99845 94704
0b000a01 0b004e01 10000 100 49536 91729 124235 124748
0b005901 0b000701 10000 100 999 154562 83619 84037
0b005c01 0b007b01 10000 100 118556 65819 185193 182614
0b001e01 0b006c01 10000 100 78990 106592 148900 149425
0b004501 0b004b01 10000 100 638 232991 41192 42148
0b004701 0b007601 10000 100 70949 140910 142211 142685
0b004801 0b004701 10000 100 1515 247520 42222 42888
0b001e01 0b002c01 10000 100 668 208573 82921 83772
0b001d01 0b005f01 10000 100 836 218596 83660 83907
0b001b01 0b007501 10000 100 415 241630 81987 83570
0b001e01 0b002c01 10001 100 44251 222909 119817 120328
0b005c01 0b007e01 10000 100 300 269292 81304 83478
0b003501 0b000001 10000 100 590 272435 82232 83710
0b002c01 0b004e01 10000 100 35593 250464 113412 113056
0b005901 0b001d01 10000 100 196720 117768 248758 248140
0b003b01 0b001001 10000 100 464 297861 82355 83609
0b007001 0b001d01 10000 100 312 300041 81344 83488
0b006a01 0b003f01 10000 100 700 308344 82584 83798
0b000101 0b001801 10000 100 46085 251677 139796 121872
0b005e01 0b000c01 10000 100 965 308568 83432 84010
0b000001 0b000801 10000 100 678 353421 41256 42180
0b005a01 0b003201 10000 100 438 325819 82247 83588
0b006601 0b007901 10000 100 549 338704 82371 83677
0b003201 0b000d01 10000 100 558 339969 82128 83684
0b002c01 0b004801 10000 100 312 340773 81344 83488
0b001c01 0b001a01 10000 100 522 388949 41008 42056
0b005c01 0b000e01 10000 100 465 348199 82466 83610
0b007d01 0b005401 10000 100 420 361561 81688 83574
0b004901 0b006c01 10000 100 310 363458 81336 83486
0b000801 0b002701 10000 100 52808 271533 189335 127481
0b000701 0b002201 10000 100 435 337061 126409 83586
0b005d01 0b007101 10000 100 1755 388123 84186 84680
0b001201 0b004d01 10000 100 98936 312444 165617 166150
0b005601 0b004a01 10000 100 39682 363110 116922 116481
0b005601 0b002e01 10000 100 617 401451 82320 83732
0b007101 0b000a01 10000 100 24714 387402 104195 103931
0b002901 0b001f01 10000 100 322 377526 125910 83496
0b007801 0b007701 10000 100 994 478425 41762 42433
0b002d01 0b002101 10000 100 588 483215 41112 42108
0b005801 0b005401 10000 100 360 492265 40748 41926
0b007f01 0b005301 10000 100 241 460502 81116 83431
0b003001 0b006e01 10000 100 226214 272819 272760 272888
0b002a01 0b007901 10000 100 489 390212 163868 83629
0b003601 0b007701 10000 100 550 479115 82104 83678
0b007901 0b002a01 10000 100 41758 354067 227587 118219
0b003701 0b000601 10000 100 345 500687 81448 83514
0b002201 0b004c01 10000 100 755 506684 82760 83842
0b006401 0b001f01 10000 100 47918 472532 122864 123377
0b006401 0b004f01 10000 100 324 522224 81380 83497
0b006c01 0b006501 10000 100 330 575102 40700 41902
0b000e01 0b004901 10000 100 302 543506 81312 83480
0b004d01 0b002601 10000 100 807 499772 126462 83884
0b004d01 0b001801 10000 100 287 553788 81264 83468
0b006101 0b004701 10000 100 523 556141 82016 83656
0b000c01 0b001301 10000 100 289 561236 81268 83469
0b001c01 0b000001 10000 100 166 571476 80880 83371
0b000301 0b000901 10000 100 501 615547 40974 42039
0b003501 0b005001 10000 100 6564 580613 88223 88720
0b000a01 0b002a01 10000 100 140076 319291 358042 200675
0b001e01 0b002801 10000 100 457 606375 81808 83604
0b000c01 0b000101 10000 100 40198 624986 74650 75332
0b007701 0b002701 10000 100 311 605543 96001 83487
0b002d01 0b000201 10000 100 356 620443 81819 83523
0b004401 0b005a01 10000 100 48520 552011 153567 123897
0b006601 0b005801 10000 100 731 637645 82684 83823
0b002501 0b002d01 10000 100 559 681244 41066 42085
0b007501 0b001201 10000 100 688 642029 89436 83788
0b006f01 0b002301 10000 100 349 657972 81460 83517
0b002301 0b005101 10000 100 403 670246 81632 83560
0b005901 0b006601 10000 100 899 673041 83220 83957
0b006801 0b007e01 10000 100 950 696045 83384 83998
0b005301 0b003d01 10000 100 812 703689 82944 83888
0b007f01 0b005f01 10000 100 188384 540840 249247 241164
0b000c01 0b002c01 10000 100 619 712595 82490 83733
0b003601 0b002101 10000 100 662 727625 83278 83768
0b004201 0b004901 10000 100 433 775247 40864 41984
0b006301 0b002201 10000 100 452 740476 81792 83600
0b000c01 0b001101 10000 100 456 744750 82571 83603
0b001101 0b007301 10000 100 283890 514551 320658 321217
0b006701 0b002f01 10000 100 562 769099 82144 83688
0b004801 0b001001 10000 100 414 781840 81668 83569
0b005601 0b003e01 10000 100 23526 762114 102439 102942
0b001b01 0b000b01 10000 100 443 789941 81782 83592
0b004f01 0b006701 10000 100 903 796627 83232 83960
0b006d01 0b004401 10000 100 983 802355 83488 84024
0b007a01 0b005c01 10000 100 726 803916 82668 83819
0b007e01 0b000101 10000 100 74288 743303 144986 145510
0b002501 0b004901 10000 100 1404 809203 83905 84400
0b000301 0b001301 10000 100 243 813536 81120 83432
0b006901 0b005901 10000 100 36646 786625 113429 113937
0b003901 0b000a01 10000 100 829 817356 82996 83901
0b003a01 0b002901 10000 100 56685 774974 130220 130736
0b000d01 0b006f01 10000 100 453 825088 83519 83600
0b006a01 0b002501 10000 100 15232 809394 108627 96000
0b000c01 0b005f01 10000 100 1144 838105 83697 84192
0b002901 0b007101 10000 100 314 874951 81348 83489
0b003901 0b000401 10000 100 406 884323 81644 83563
0b005101 0b004b01 10000 100 633 885310 82368 83744
0b003201 0b002601 10000 100 631 885621 82364 83743
0b007101 0b001c01 10000 100 42506 853569 118345 118856
0b005501 0b000701 10000 100 396 893488 81990 83555
0b004701 0b007801 10000 100 747 898585 82736 83836
0b000a01 0b000f01 10000 100 522 945888 41008 42056
0b003c01 0b005501 10000 100 388 923910 81584 83548
0b000a01 0b005201 10000 100 953 929082 83392 84000
0b006a01 0b000701 10000 100 169867 784881 239294 225621
0b000601 0b001101 10000 100 10 948627 80376 83246
0b001701 0b002201 10000 100 538 953178 82064 83668
0b006101 0b006501 10000 100 893 994557 41600 42352
0b004b01 0b005801 10000 100 315 957993 81352 83490
0b000401 0b002101 10000 100 2609 965623 84955 85402
0b006f01 0b005b01 10000 100 45959 932537 121221 121733
0b004a01 0b006a01 10000 100 75272 847599 208030 146336
0b004401 0b004301 10000 100 47961 980264 81127 81812
0b007901 0b000d01 10000 100 248266 740297 347765 291374
0b001001 0b006701 10000 100 554 1008224 82116 83681
0b005501 0b003d01 10000 100 321 1023806 81372 83495
0b000a01 0b004b01 10000 100 655 1026325 82440 83762
0b007901 0b005101 10000 100 43975 990367 120279 120069
0b004901 0b006a01 10000 100 38777 1001066 115210 115719
0b002b01 0b005501 10000 100 71092 982650 142316 142838
0b006a01 0b000301 10000 100 1072 1051960 83688 84134
0b005d01 0b005201 10000 100 346 1100469 40726 41915
0b006a01 0b006901 10000 100 937 1102581 41672 42388
0b003f01 0b000701 10000 100 369 1062992 81524 83533
0b005301 0b003801 10000 100 595 1090781 83053 83714
0b004a01 0b000a01 10000 100 586 1090897 83056 83707
0b005601 0b005401 10000 100 45698 1102076 79240 79924
0b005101 0b005a01 10000 100 124695 1042054 147072 146156
0b006101 0b006301 10000 100 336 1150086 40710 41907
0b000901 0b006201 10000 100 55753 1065132 129436 129952
0b005701 0b004901 10000 100 470 1118339 81996 83614
0b005c01 0b001a01 10000 100 438 1117789 84642 83588
0b006401 0b007a01 10000 100 987 1119670 84081 84028
0b007c01 0b002201 10000 100 32173 1088393 134838 110205
0b000901 0b002d01 10000 100 1908 1142457 84308 84803
0b007201 0b000701 10000 100 544 1146708 82084 83673
0b001e01 0b003601 10000 100 169564 1012984 224817 225379
0b005a01 0b006901 10000 100 408 1156179 81648 83564
0b007001 0b002f01 10000 100 50976 1089619 151191 125939
0b002a01 0b002601 10000 100 359 1203248 40746 41925
0b007d01 0b002601 10000 100 463 1177722 81824 83608
0b004a01 0b002a01 10000 100 1027403 139640 1120423 944597
0b003d01 0b002001 10000 100 355 1186514 81480 83522
0b005e01 0b001501 10001 100 497 1184464 83781 83636
0b002f01 0b006501 10000 100 550 1202367 82104 83678
0b004601 0b002101 10000 100 554 1216692 82116 83681
0b001001 0b003701 10000 100 379 1218269 81556 83541
0b005c01 0b001401 10000 100 77104 1102690 212239 147878
0b000501 0b007f01 10000 100 5462 1236763 87304 87800
0b001601 0b005801 10000 100 301 1242011 82175 83479
0b007201 0b000a01 10000 100 314 1249001 81348 83489
0b007e01 0b002001 10000 100 608 1263037 83046 83724
0b001601 0b005101 10000 100 59889 1218384 133176 133415
0b005201 0b003201 10000 100 1307 1282034 83828 84322
0b004a01 0b007701 10000 100 4950 1274909 94203 87352
0b007101 0b007301 10000 100 306 1353299 40662 41883
0b001801 0b007501 10000 100 544 1316386 82084 83673
0b006a01 0b007701 10000 100 566 1341452 82198 83691
0b000801 0b004201 10000 100 104516 1263672 170309 170844
0b003f01 0b005701 10000 100 315 1375078 82347 83490
0b005b01 0b007401 10000 100 349 1240369 217093 83517
0b004c01 0b001201 10000 100 768 1380893 82800 83852
0b005e01 0b004301 10000 100 203728 1050986 423373 254016
0b004701 0b005201 10000 100 54668 1347330 131266 129046
0b002201 0b002001 10000 100 277404 1208271 273945 274198
0b004201 0b001801 10000 100 160 1402845 81407 83366
0b002401 0b002001 10000 100 537 1452579 41032 42068
0b004301 0b004901 10000 100 1110 1457866 41898 42564
0b007d01 0b003401 10000 100 541 1420050 82076 83671
0b002101 0b001301 10000 100 44131 1347919 156310 120232
0b005e01 0b001501 10000 100 319675 982307 523468 351228
0b002e01 0b003c01 10000 100 363057 1084504 423999 387623
0b004c01 0b000201 10000 100 726 1426683 82668 83819
0b004001 0b004701 10000 100 251 1469226 40574 41839
0b002701 0b005201 10000 100 203 1430160 80992 83400
0b000101 0b005301 10000 100 348 1430253 81915 83516
0b002101 0b000b01 10000 100 66241 1389932 138245 138765
0b003101 0b002101 10000 100 48943 1405835 125786 124236
0b004f01 0b004d01 10000 100 35860 1470983 70990 71670
0b007901 0b002f01 10000 100 577 1463233 82192 83700
0b005201 0b006e01 10000 100 410 1478684 82916 83566
0b000f01 0b006a01 10000 100 1187 1485696 84472 84226
0b006501 0b004c01 10000 100 451 1498433 82270 83599
0b006201 0b003501 10000 100 251706 1296099 294046 294241
0b000001 0b003d01 10000 100 122 1517835 80736 83336
0b001b01 0b002c01 10000 100 350 1522475 81464 83518
0b005001 0b003001 10000 100 662 1319386 295668 83768
0b003101 0b005701 10000 100 33904 1507300 112657 111628
0b000c01 0b006e01 10000 100 103126 1451712 170551 169694
0b001c01 0b002101 10000 100 323 1541510 81459 83496
0b004801 0b000f01 10000 100 1039 1620955 83613 84108
0b002001 0b001b01 10000 100 865 1628246 83112 83930
0b003d01 0b006301 10000 100 318 1632161 82142 83492
0b006c01 0b004201 10000 100 81352 1573257 154744 151430
0b003601 0b006b01 10000 100 49159 1564527 164587 124447
0b000301 0b001901 10000 100 327 1648708 81994 83500
0b004f01 0b001001 10000 100 566 1654346 82156 83691
0b005f01 0b003e01 10000 100 62920 1609600 139582 135955
0b007201 0b005001 10000 100 113831 1574196 178103 178642
0b001501 0b006f01 10000 100 269303 1443433 310244 309010
0b007201 0b002401 10000 100 3637 1677061 85768 86263
0b002501 0b004f01 10000 100 671 1690015 82492 83775
0b007101 0b005601 10000 100 1866 1688794 87049 84769
0b001901 0b004901 10000 100 44865 1656152 121703 120820
0b007401 0b000401 10000 100 687 1707022 82544 83788
0b006801 0b006901 10000 100 536 1780385 41030 42067
0b000201 0b004701 10000 100 9789 1737614 90917 91415
0b004901 0b007c01 10000 100 43789 1719057 120465 119920
0b006401 0b007e01 10000 100 606 1759646 82284 83723
0b004101 0b007401 10000 100 1976 1759320 88278 84857
0b004501 0b001001 10000 100 43505 1728244 126311 119693
0b002c01 0b005101 10000 100 146214 1649720 209848 205816
0b006901 0b003701 10000 100 928 1783001 83351 83980
0b000101 0b000a01 10000 100 999 1836878 41770 42437
0b003101 0b007101 10000 100 39515 1781783 115838 116348
0b005601 0b003701 10000 100 514 1815402 86447 83649
0b005501 0b006001 10000 100 204 1795126 123303 83401
0b002001 0b002201 10000 100 345 1888371 40724 41914
0b007001 0b001c01 10000 100 36597 1825719 113390 113898
0b006f01 0b007301 10000 100 628 1858567 82352 83740
0b001401 0b000f01 10000 100 569 1868126 82164 83693
0b000d01 0b002201 10000 100 625 1872946 82344 83738
0b006c01 0b004a01 10000 100 201 1885225 80988 83399
0b000701 0b005301 10000 100 601 1897631 82268 83719
0b000b01 0b000a01 10000 100 24824 1922394 61743 62419
0b006501 0b007601 10000 100 101 1907328 80668 83319
0b001401 0b003501 10000 100 32383 1881438 109866 110373
0b007f01 0b006901 10000 100 342 1911716 82269 83512
0b004c01 0b000201 10001 100 341 1914728 82287 83511
0b004e01 0b005e01 10000 100 631 1914780 83121 83743
0b005301 0b007701 10000 100 592 1915876 82982 83712
0b002c01 0b001901 10000 100 39 1919913 80468 83269
0b007e01 0b003701 10000 100 695 1918510 82568 83794
0b003001 0b005f01 10000 100 498 1940245 82433 83636
0b000c01 0b000b01 10000 100 1849 1982934 42489 43156
0b004a01 0b002301 10000 100 315 1944057 81878 83490
0b007601 0b006a01 10000 100 612 1964525 82380 83728
0b002b01 0b003201 10000 100 402 1982449 81632 83560
0b000e01 0b004601 10000 100 181007 1837423 235478 234994
0b001001 0b002501 10000 100 37950 1924918 148155 115019
0b007e01 0b007701 10000 100 54 2033394 40258 41681
0b005d01 0b006001 10000 100 235365 1812010 280215 280554
0b001201 0b005a01 10000 100 495 2011352 82174 83634
0b001801 0b007601 10000 100 868 2019519 83120 83932
0b000d01 0b007d01 10000 100 545 2029610 82088 83674
0b004101 0b005301 10000 100 647773 999620 1120419 626301
0b007801 0b007401 10000 100 691 2102960 41278 42191
0b003101 0b001301 10000 100 2503 2058353 86349 85317
0b005c01 0b000301 10000 100 779 2068609 84430 83861
0b002a01 0b005501 10000 100 812 2077636 83859 83888
0b002001 0b006101 10000 100 176832 1938235 231586 231462
0b005701 0b005f01 10000 100 84360 2014907 162635 112352
0b004301 0b005d01 10000 100 542 2096756 82469 83672
0b005e01 0b001001 10000 100 331 1690490 491756 83503
0b005101 0b000e01 10000 100 105884 2017935 175651 171977
0b003101 0b004d01 10000 100 77486 1998706 195626 148184
0b001a01 0b004c01 10000 100 397092 1748707 449420 416156
0b000201 0b001201 10000 100 48023 2096135 123034 123500
0b002001 0b002f01 10000 100 815 2184396 41476 42290
0b005a01 0b007801 10000 100 347 2145409 81834 83516
0b004501 0b000b01 10000 100 829 2154825 82996 83901
0b004901 0b000901 10000 100 375 2159499 81544 83538
0b002001 0b001501 10000 100 334 2162390 82023 83505
0b002901 0b005701 10000 100 75065 2096044 148670 146170
0b002001 0b001601 10000 100 929 2163240 83316 83981
0b005601 0b007001 10000 100 771 2173167 83476 83855
0b006f01 0b005d01 10000 100 71851 2118910 142923 143445
0b007601 0b007801 10000 100 33586 2195420 69095 69774
0b004a01 0b003301 10000 100 368 2200190 81520 83532
0b007e01 0b007101 10000 100 1072 2248417 41868 42534
0b006701 0b007f01 10000 100 39851 2175720 118050 116616
0b000d01 0b000301 10000 100 54832 2214350 86890 87577
0b007b01 0b002401 10000 100 81096 2156683 150699 151225
0b004c01 0b006e01 10000 100 564 2237083 82181 83689
0b004c01 0b001c01 10000 100 771 2241893 83515 83855
0b004e01 0b004f01 10000 100 693 2297502 41280 42192
0b001101 0b002801 10000 100 662 2260552 82464 83768
0b000701 0b004901 10000 100 598 2261223 82256 83716
0b000101 0b005901 10000 100 4376 2260107 86397 86892
0b004901 0b005d01 10000 100 419 2269360 81684 83573
0b000301 0b005e01 10000 100 1708 2275916 84148 84643
0b004901 0b007d01 10000 100 700 2290617 82584 83798
0b001401 0b007901 10000 100 1131 2296779 83687 84181
0b000201 0b005901 10000 100 541 2313457 82076 83671
0b000101 0b000e01 10000 100 554 2361464 41058 42081
0b005901 0b001801 10000 100 7518 2313062 90629 89521
0b006101 0b002801 10000 100 681 2333195 82548 83783
0b001f01 0b007d01 10000 100 652 2357864 82613 83760
0b002701 0b004f01 10000 100 734 2362658 82692 83825
0b007001 0b005601 10000 100 578 2368603 82231 83700
0b006201 0b007701 10000 100 666 2370931 82476 83771
0b002601 0b004701 10000 100 535 2387788 82056 83666
0b000201 0b000601 10000 100 45005 2404274 78692 79370
0b003a01 0b003401 10000 100 37941 2427497 73187 73412
0b005701 0b003401 10000 100 522 2419433 82120 83656
0b005c01 0b006e01 10000 100 63127 2316817 188043 136159
0b003e01 0b005601 10000 100 41242 2408347 117296 117806
0b005901 0b005301 10000 100 385 2489813 40788 41946
0b004501 0b005b01 10000 100 48262 2411922 125434 123691
0b000201 0b001001 10000 100 419 2460817 81684 83573
0b000901 0b002b01 10000 100 353 2464180 81472 83520
0b001401 0b002e01 10000 100 1622 2461404 85389 84574
0b005f01 0b007601 10000 100 597 2471216 82256 83716
0b003a01 0b005f01 10000 100 1041925 1136801 1418675 956752
0b007a01 0b004101 10000 100 1758939 890371 1673738 1557896
0b002401 0b004e01 10000 100 322 2495527 82820 83496
0b003501 0b000701 10000 100 307 2501924 81328 83484
0b000d01 0b004b01 10000 100 629 2515654 82390 83741
0b001701 0b002801 10000 100 1697 2535016 84140 84634
0b007c01 0b002001 10000 100 659 2548102 82452 83765
0b004b01 0b002a01 10000 100 301 2549030 82515 83479
0b003801 0b001901 10000 100 309 2561997 81332 83485
0b005c01 0b006d01 10000 100 1508261 1086740 1567587 1347754
0b001501 0b003c01 10000 100 357 2575305 81686 83524
0b005f01 0b001901 10000 100 582 2575455 82208 83704
0b006501 0b002601 10000 100 1097 2579537 83811 84154
0b001c01 0b000401 10000 100 553 2583959 82112 83680
0b001801 0b000301 10000 100 237 2587889 81104 83428
0b007401 0b005601 10000 100 441 2594044 81756 83591
0b003201 0b003501 10000 100 580 2643381 41528 42102
0b006d01 0b007101 10000 100 662 2656467 82464 83768
0b005101 0b000401 10000 100 44439 2616925 122718 120479
0b006a01 0b005001 10000 100 325 2658415 81384 83498
0b006201 0b002401 10000 100 33031 2619668 137599 110930
0b003901 0b000e01 10000 100 343 2690445 81440 83512
0b005a01 0b004201 10000 100 456 2704717 82057 83603
0b004c01 0b004301 10000 100 66565 2697244 97356 97424
0b004301 0b003901 10000 100 44417 2679478 119950 120461
0b003e01 0b000001 10000 100 596 2718214 82252 83715
0b004101 0b007d01 10000 100 321 2720198 81372 83495
0b000701 0b005801 10000 100 34532 2707007 111662 112169
0b006701 0b005101 10000 100 334 2743605 82013 83505
0b001c01 0b003e01 10000 100 230 2745976 81080 83422
0b005c01 0b007501 10000 100 42367 2720355 118570 118744
0b006601 0b007d01 10000 100 1962 2760955 84352 84846
0b000301 0b002701 10000 100 680 2776181 82829 83782
0b000a01 0b000201 10000 100 372 2818841 40768 41936
0b001501 0b003501 10000 100 38173 2732824 146279 115236
0b000e01 0b001c01 10000 100 305 2804534 81449 83482
0b005601 0b007f01 10000 100 525 2829371 82390 83658
0b001d01 0b006801 10000 100 46421 2793237 121629 122141
0b006f01 0b005e01 10000 100 384 2834134 81572 83545
0b003401 0b004001 10000 100 214901 2629139 290238 263376
0b005701 0b006f01 10000 100 191 2848496 83184 83391
0b002501 0b007001 10000 100 221720 2641556 296498 269100
0b004801 0b000701 10000 100 381 2864458 81564 83543
0b004201 0b005b01 10000 100 751 2873055 83438 83839
0b002701 0b002e01 10000 100 77475 2822637 170403 106575
0b003f01 0b000f01 10000 100 889 2911823 83188 83949
0b002c01 0b002701 10000 100 680 2956781 41819 42182
0b006b01 0b000901 10000 100 58014 2872453 131359 131876
0b006001 0b005f01 10000 100 126188 2814687 189169 189027
0b002c01 0b006501 10000 100 605 2932677 82280 83722
0b001301 0b003f01 10000 100 944 2944794 83405 83993
0b000c01 0b003f01 10000 100 940 2953473 83992 83990
0b000b01 0b003501 10000 100 555 2961094 82120 83682
0b004401 0b002401 10000 100 342 2965272 82042 83512
0b005901 0b007601 10000 100 517 2964917 82772 83652
0b006701 0b005701 10000 100 671 2967441 82492 83775
0b003201 0b007401 10000 100 438 2979536 81744 83588
0b002d01 0b005d01 10000 100 915 2980022 83272 83970
0b002f01 0b006b01 10000 100 707 2998071 82889 83804
0b003f01 0b004001 10000 100 47458 2965381 122592 123009
0b001501 0b003201 10000 100 933641 2193327 897551 865978
0b000501 0b007c01 10000 100 43628 2987436 119280 119792
0b006001 0b002301 10000 100 655 3031844 82440 83762
0b002301 0b006601 10000 100 383 3041984 84430 83544
0b004a01 0b005b01 10000 100 78008 2883526 244447 148640
0b001b01 0b007101 10000 100 316 3056465 81356 83491
0b006201 0b003d01 10000 100 112494 2965396 177043 177534
0b004201 0b005101 10000 100 812255 2267246 882888 764223
0b005a01 0b002f01 10000 100 142034 2853011 301232 202318
0b006901 0b001301 10000 100 354 3082899 81476 83521
0b006d01 0b002701 10000 100 565 3100995 83546 83690
0b004801 0b005c01 10000 100 931 3121077 83324 83983
0b001101 0b006b01 10000 100 338 3125504 81424 83508
0b000301 0b007901 10000 100 1605 3125633 84066 84560
0b007501 0b004401 10000 100 31692 3047026 165082 109782
0b000901 0b002f01 10000 100 318 3133171 81360 83492
0b006001 0b004501 10000 100 675 3139447 83329 83778
0b001201 0b007a01 10000 100 449 3142635 81780 83597
0b006801 0b007e01 10001 100 537 3155439 82064 83668
0b005801 0b003501 10000 100 815 3155880 82952 83890
0b001401 0b004b01 10000 100 348 3162942 81857 83516
0b007601 0b000f01 10000 100 43573 3133398 119236 119748
0b007101 0b005b01 10000 100 448 3174129 81776 83596
0b005601 0b000801 10000 100 311 3176007 81340 83487
0b005b01 0b006f01 10000 100 564 3200183 82148 83689
0b005701 0b005401 10000 100 31821 3223337 67607 68285
0b005d01 0b001a01 10000 100 420 3216011 81688 83574
0b000501 0b003b01 10000 100 21 3218132 80412 83255
0b002401 0b003201 10000 100 867 3220167 83320 83932
0b006001 0b003601 10000 100 780 3230885 82840 83862
0b004701 0b003b01 10000 100 540 3244219 82334 83670
0b006401 0b001401 10000 100 358 3252311 81488 83524
0b001001 0b002701 10000 100 301 3259830 81592 83479
0b005a01 0b003b01 10000 100 41043 3237511 117606 117647
0b000f01 0b001201 10000 100 36481 3247016 115070 113805
0b002401 0b005601 10000 100 913 3282927 83905 83968
0b006801 0b002401 10000 100 511 3288349 82593 83647
0b001401 0b004901 10000 100 671 3295936 82492 83775
0b005101 0b005801 10000 100 311 3346425 40670 41887
0b007a01 0b002e01 10000 100 1967 3310688 84356 84850
0b007101 0b002601 10000 100 898 3318519 83216 83956
0b006a01 0b005d01 10000 100 61124 3221480 185077 134480
0b006301 0b004301 10000 100 1411 3326095 83964 84405
0b001401 0b001901 10000 100 549 3373739 41682 42077
0b004601 0b002101 10001 100 114860 3185651 231411 179504
0b005e01 0b001d01 10000 100 144422 3200967 236812 204305
0b005d01 0b001101 10000 100 41129 3287483 151737 117716
0b004c01 0b002301 10000 100 651 3359534 82428 83759
0b001f01 0b003001 10000 100 67167 3303503 139024 139544
0b006901 0b000f01 10000 100 110076 3209746 234495 175523
0b001d01 0b000201 10000 100 59745 3283814 161418 133300
0b006701 0b000001 10000 100 399 3372189 84525 83557
0b006e01 0b000a01 10000 100 47843 3286772 170066 123317
0b004701 0b005201 10001 100 995 3381483 83528 84034
0b005501 0b005801 10000 100 558 3429686 41064 42084
0b005d01 0b007401 10000 100 1883 3393409 84288 84783
0b006e01 0b001601 10000 100 64915 3294763 194494 137628
0b007d01 0b004b01 10000 100 342 3415469 82108 83512
0b003101 0b000201 10000 100 516 3429640 82030 83651
0b001401 0b002e01 10001 100 60398 3356773 155607 133860
0b000001 0b004b01 10000 100 354 3446047 82716 83521
0b000301 0b005a01 10000 100 460 3452365 81816 83606
0b003a01 0b005801 10000 100 482 3455940 81888 83624
0b002801 0b003201 10000 100 544 3458404 82084 83673
0b005b01 0b001301 10000 100 44365 3391225 156070 120420
0b007301 0b000501 10000 100 207 3472724 81008 83404
0b001401 0b003c01 10000 100 80113 3385243 189277 150400
0b004801 0b004d01 10000 100 428 3534125 41658 41980
0b007b01 0b006b01 10000 100 83283 3387596 193763 153052
0b007d01 0b005e01 10000 100 405 3516383 81640 83562
0b006801 0b000e01 10000 100 650 3518188 82983 83758
0b001501 0b000a01 10000 100 72992 3458084 160844 144396
0b000b01 0b005901 10000 100 644 3545343 82404 83753
0b005301 0b005901 10000 100 387 3587971 40792 41948
0b000c01 0b003a01 10000 100 434 3547816 81732 83585
0b001101 0b003a01 10000 100 623 3556969 82336 83736
0b000901 0b001401 10000 100 585 3571847 82216 83706
0b004a01 0b004b01 10000 100 71664 3557129 105051 101696
0b004101 0b001c01 10000 100 95557 3499305 167072 163332
0b007a01 0b002901 10000 100 677 3588067 82951 83780
0b005701 0b006d01 10000 100 91189 3361185 310391 159684
0b004601 0b005301 10000 100 80 3603745 80600 83302
0b003901 0b005001 10000 100 1421 3605259 84678 84413
0b000c01 0b003101 10000 100 680 3610505 82520 83782
0b002701 0b003601 10000 100 521 3621406 82838 83655
0b002701 0b007501 10000 100 303 3630283 83502 83480
0b001f01 0b006901 10000 100 1160 3635622 83710 84204
0b004101 0b004b01 10000 100 482 3682669 41339 42024
0b005401 0b003101 10000 100 481 3649530 82622 83623
0b001b01 0b003b01 10000 100 668 3664169 82480 83772
0b006b01 0b001c01 10000 100 4945 3668850 86852 87348
0b007101 0b001301 10000 100 1027 3682189 84296 84098
0b002001 0b000801 10000 100 424 3611939 158004 83577
0b006101 0b004d01 10000 100 289783 3404691 365254 326162
0b000401 0b006b01 10000 100 340 3688841 81678 83510
0b003801 0b002101 10000 100 411 3711290 82264 83567
0b001801 0b007601 10001 100 72117 3650421 143174 143696
0b004901 0b004f01 10000 100 44892 3723587 78558 79241
0b000901 0b006d01 10000 100 2869 3675360 131867 85610
0b000501 0b005701 10000 100 17189 3702491 111221 97642
0b000f01 0b001701 10000 100 917 3748962 83280 83972
0b007e01 0b000801 10000 100 532 3758359 82110 83664
0b000c01 0b006401 10000 100 678 3758210 82512 83780
0b005401 0b000d01 10000 100 524 3759330 82022 83657
0b002e01 0b005201 10000 100 105930 3641410 204371 172014
0b005901 0b002e01 10000 100 200 3766944 81178 83398
0b000e01 0b007001 10000 100 155248 3639117 230243 213388
0b001101 0b002201 10000 100 40037 3754093 116294 116804
0b005901 0b001c01 10000 100 1973 3798009 84667 84855
0b000401 0b004001 10000 100 63125 3719922 163292 136157
0b006701 0b000e01 10000 100 485 3812665 81896 83626
0b003a01 0b003701 10000 100 668 3853930 41240 42172
0b000601 0b006401 10000 100 218 3836108 81040 83412
0b007f01 0b005e01 10000 100 1281 3849065 83807 84301
0b004701 0b005d01 10000 100 1791 3854120 84215 84709
0b004a01 0b000b01 10000 100 47568 3813412 127556 123097
0b000e01 0b007c01 10000 100 2441 3858019 84773 85268
0b002301 0b001e01 10000 100 695 3775529 179888 83794
0b004701 0b003501 10000 100 374 3891622 82063 83537
0b002601 0b006c01 10000 100 1887 3896168 84292 84786
0b002a01 0b005301 10000 100 418 3815917 165854 83572
0b002601 0b001701 10000 100 534 3901170 82052 83665
0b002e01 0b001501 10000 100 364 3905085 81508 83529
0b007301 0b005501 10000 100 956 3909080 83404 84003
0b006901 0b007501 10000 100 682 3926918 83303 83784
0b002301 0b006801 10000 100 46758 3835195 175272 122411
0b002b01 0b000e01 10000 100 680 3940437 82619 83782
0b005b01 0b003c01 10000 100 628 3948782 83044 83740
0b000601 0b005001 10000 100 463 3957989 82317 83608
0b002f01 0b007f01 10000 100 60278 3806041 240050 133764
0b004901 0b003001 10000 100 314 3969054 81348 83489
0b000001 0b000a01 10000 100 41913 3974352 76060 76743
0b000d01 0b001101 10000 100 1290 3973895 83814 84308
0b006401 0b002801 10000 100 109992 3915320 178672 175417
0b001001 0b007101 10000 100 55045 3965344 128870 129386
0b007001 0b002301 10000 100 159405 3629249 474132 216868
0b007501 0b004601 10000 100 83976 3892947 228796 153606
0b007101 0b005101 10000 100 639 4060292 82388 83749
0b002f01 0b004101 10000 100 50615 4022315 130983 125650
0b007701 0b001901 10000 100 46663 4034233 121822 122335
0b003e01 0b002501 10000 100 590 4085929 83940 83710
0b005601 0b005701 10000 100 643 4130199 41200 42152
0b003d01 0b001401 10000 100 47 4094851 80496 83276
0b006201 0b000c01 10000 100 683 4093601 82528 83784
0b001201 0b005201 10000 100 320 4103786 82080 83494
0b000401 0b002501 10000 100 263841 3744294 482269 304410
0b001701 0b002101 10000 100 621 4046419 203160 83735
0b005f01 0b000e01 10000 100 420 4168429 82071 83574
0b001101 0b006e01 10000 100 31810 4141692 111425 109876
0b007e01 0b006201 10000 100 878 4182971 83152 83940
0b002c01 0b001001 10000 100 52146 4139539 128358 126952
0b003b01 0b001f01 10000 100 351 4188579 81468 83519
0b007a01 0b003001 10000 100 5109 4187946 89976 87517
0b005b01 0b002c01 10000 100 750 4195989 82746 83838
0b005201 0b005b01 10000 100 329 4240815 41137 41901
0b003001 0b003801 10000 100 356 4241874 40899 41923
0b001f01 0b000c01 10000 100 10552 4205592 91566 92064
0b004401 0b000001 10000 100 82269 4103981 211980 152202
0b004701 0b003601 10000 100 36176 4179774 141412 113561
0b006601 0b006901 10000 100 598740 3790729 542736 543593
0b005301 0b000e01 10000 100 501 4253807 81948 83639
0b000001 0b004f01 10000 100 30427 4215443 130624 108732
0b004001 0b003501 10000 100 676 4264047 82596 83779
0b003c01 0b000101 10000 100 718 4266541 83757 83812
0b006701 0b003601 10000 100 112809 4142769 207594 177786
0b005e01 0b007701 10000 100 966 4282736 83436 84011
0b006e01 0b004601 10000 100 1676 4296223 85339 84617
0b006a01 0b000501 10000 100 288140 3881467 516228 324809
0b007001 0b006401 10000 100 307 4325151 82003 83484
0b004601 0b003f01 10000 100 1828 4327965 84244 84739
0b002f01 0b005601 10000 100 343 4339893 81563 83512
0b005101 0b001201 10000 100 301 4371438 81308 83479
0b005d01 0b004c01 10000 100 35003 4320490 141324 112584
0b005801 0b003701 10000 100 497 4381703 81936 83636
0b007501 0b007e01 10000 100 826 4425955 42359 42299
0b001201 0b001d01 10000 100 320 4443623 41077 41894
0b001901 0b001701 10000 100 2515 4443487 43060 43727
0b005401 0b002d01 10000 100 60383 4035445 458432 133848
0b001b01 0b006801 10000 100 317 4438487 81939 83492
0b006801 0b007001 10000 100 309 4450264 81332 83485
0b001301 0b001501 10000 100 677 4499964 41317 42180
0b000501 0b002301 10000 100 287193 3989847 552399 324013
0b003001 0b006c01 10000 100 830 4461667 84767 83902
0b006801 0b002c01 10000 100 32341 4355105 192409 110340
0b002001 0b001101 10000 100 65439 4411796 140301 138085
0b005001 0b005301 10000 100 74065 4449439 103036 103732
0b001d01 0b006001 10000 100 170351 4336390 225581 226047
0b002501 0b000a01 10000 100 394 4481413 81604 83553
0b001701 0b005f01 10000 100 424 4481934 81700 83577
0b007301 0b007901 10000 100 244 4523585 40562 41833
0b005e01 0b001e01 10000 100 545 4485321 82088 83674
0b007c01 0b003401 10000 100 478 4504739 82653 83620
0b001f01 0b003601 10000 100 534 4510395 82052 83665
0b002401 0b005901 10000 100 960180 3578504 1026624 888246
0b006301 0b001501 10000 100 263989 4295919 312148 304528
0b002f01 0b005401 10000 100 347 4527464 81752 83516
0b004c01 0b002f01 10000 100 1529 4026652 588455 84500
0b004801 0b004101 10000 100 879 4578675 41578 42341
0b004b01 0b001901 10000 100 642 4540302 83234 83752
0b000f01 0b003a01 10000 100 340 4556570 81457 83510
0b004b01 0b003a01 10000 100 546 4566579 86624 83675
0b003b01 0b004801 10000 100 506 4584490 83134 83643
0b002701 0b004401 10000 100 1858493 2489484 2191701 1641380
0b004801 0b004e01 10000 100 57496 4604806 89183 89824
0b005801 0b001801 10000 100 8546 4608417 89885 90382
0b006f01 0b003a01 10000 100 910 4615682 83783 83966
0b000c01 0b006101 10000 100 335 4623035 82539 83506
0b002401 0b003301 10000 100 327 4616969 88767 83500
0b003b01 0b001c01 10000 100 730 4628810 83049 83822
0b006001 0b005901 10000 100 316 4639998 81356 83491
0b004201 0b000901 10000 100 598 4639706 82271 83716
0b004e01 0b003e01 10000 100 43215 4615540 120966 119461
0b006301 0b003e01 10000 100 1088 4656606 83652 84147
0b004d01 0b004a01 10000 100 478 4698228 42596 42020
0b000b01 0b004b01 10000 100 406 4661931 82198 83563
0b005101 0b001f01 10000 100 418 4667865 82698 83572
0b001901 0b007101 10000 100 599 4669409 84289 83717
0b001901 0b000501 10000 100 6011 4680100 87782 88277
0b006f01 0b005301 10000 100 563 4692959 82847 83688
0b007301 0b007001 10000 100 956 4741329 41702 42403
0b001901 0b000301 10000 100 651 4705389 83826 83759
0b002c01 0b007801 10000 100 603 4693813 96207 83720
0b007801 0b006101 10000 100 1759 4689261 101833 84684
0b004001 0b005101 10000 100 353 4730566 81914 83520
0b003601 0b005e01 10000 100 1711 4738697 84151 84645
0b002001 0b001301 10000 100 668 4741015 83312 83772
0b004001 0b003701 10000 100 207 4743490 81008 83404
0b005b01 0b004801 10000 100 965 4745098 83461 84010
0b005d01 0b000401 10000 100 719 4748299 82644 83813
0b001701 0b003901 10000 100 405 4759588 81640 83562
0b005e01 0b002301 10000 100 588 4759087 83002 83708
0b000b01 0b006201 10000 100 320 4761113 81368 83494
0b007201 0b001e01 10000 100 547 4742306 111576 83676
0b005e01 0b001801 10000 100 74264 4713167 148279 145491
0b004301 0b002801 10000 100 429 4564739 310412 83581
0b000301 0b002801 10000 100 486 4824882 81900 83627
0b007501 0b003801 10000 100 399 4803078 109428 83557
0b007601 0b005b01 10000 100 386 4832998 82080 83547
0b005801 0b004f01 10000 100 40697 4797777 118875 117332
0b001201 0b007e01 10000 100 208206 4659580 265404 257790
0b006501 0b007001 10000 100 349 4651376 275378 83517
0b000f01 0b000401 10000 100 979 4888203 41765 42421
0b000001 0b006c01 10000 100 74725 4797171 145336 145860
0b003e01 0b007401 10000 100 683 4895467 83209 83784
0b004d01 0b004301 10000 100 148485 4817393 165432 166109
0b003401 0b002801 10000 100 823 4900139 82976 83896
0b006301 0b000501 10000 100 1646 4899048 84375 84593
0b002e01 0b005001 10000 100 427 4901929 81880 83580
0b001101 0b002401 10000 100 669 4911810 82846 83773
0b001501 0b004101 10000 100 843 4914978 83040 83912
0b003b01 0b007a01 10000 100 573227 4436834 596229 563823
0b000c01 0b007101 10000 100 3304 4949812 86678 85996
0b005201 0b004d01 10000 100 6947 4942928 94249 89026
0b000201 0b003c01 10000 100 5576 4954745 87395 87891
0b006301 0b001401 10000 100 2023 4965308 85511 84933
0b005a01 0b007c01 10000 100 654 4968962 82472 83761
0b006601 0b006a01 10000 100 44984 4974702 78631 79315
0b001a01 0b004f01 10000 100 587 4972547 82224 83708
0b006301 0b004e01 10000 100 325 4978188 82569 83498
0b000601 0b004001 10000 100 306 4986565 81324 83483
0b004701 0b006e01 10000 100 33640 4953176 137910 111417
0b006801 0b003201 10000 100 592 5029579 82240 83712
0b001101 0b002001 10000 100 309 5032268 81332 83485
0b006201 0b000301 10000 100 55537 4959495 154691 129780
0b006201 0b006001 10000 100 74782 5019632 103610 104305
0b004901 0b005901 10000 100 82408 4914683 214164 152313
0b004801 0b001601 10000 100 35361 5019802 112363 112871
0b003201 0b004c01 10000 100 470 5046253 89012 83614
0b005401 0b001401 10000 100 581 5061416 82204 83703
0b002b01 0b003a01 10000 100 328 5070175 81672 83500
0b007d01 0b000d01 10000 100 557 5091911 82740 83684
0b005701 0b002501 10000 100 543 5101859 95535 83672
0b000401 0b003f01 10000 100 577 5117092 82627 83700
0b000101 0b002301 10000 100 468 5125204 82576 83612
0b004901 0b007001 10000 100 865 5144109 83355 83930
0b004501 0b005601 10000 100 34478 5110788 125864 112126
0b003f01 0b003901 10000 100 132647 5092487 152154 152824
0b000201 0b007901 10000 100 466 5173149 81836 83611
0b002101 0b005501 10000 100 586 5176271 82411 83707
0b007401 0b006501 10000 100 283948 4711386 549524 321264
0b003c01 0b007801 10000 100 494 5182046 82713 83633
0b007801 0b006d01 10000 100 638633 4057547 1210691 618644
0b007101 0b001501 10000 100 339 5215444 81603 83509
0b004d01 0b006b01 10000 100 318 5226698 81360 83492
0b001901 0b001f01 10000 100 686574 4692598 616858 617240
0b005501 0b002b01 10000 100 642 5232928 83478 83752
0b002901 0b006d01 10000 100 440 4794480 542026 83590
0b001e01 0b002c01 10002 100 402 5258343 81632 83560
0b000c01 0b002e01 10000 100 368 5260388 81520 83532
0b002c01 0b003d01 10000 100 975 5256729 85596 84018
0b005001 0b000801 10000 100 532 5262801 82048 83664
0b007301 0b003201 10000 100 620 5263176 82744 83734
0b005d01 0b003101 10000 100 104445 5161080 191202 170788
0b006b01 0b004501 10000 100 315 5272075 81352 83490
0b002701 0b005401 10000 100 452 5275062 81792 83600
0b003e01 0b003901 10000 100 803 5318782 41456 42280
0b004101 0b003b01 10000 100 82 5280315 80608 83304
0b004b01 0b005501 10000 100 26 5282216 80954 83259
0b000c01 0b003401 10000 100 702 5281137 82592 83800
0b007501 0b000001 10000 100 41001 5180415 188074 117613
0b003f01 0b007b01 10000 100 1532 5289933 85186 84502
0b005201 0b004101 10000 100 561 5287473 90749 83687
0b006c01 0b002101 10000 100 896 5301091 83245 83955
0b001a01 0b000901 10000 100 303 5307482 81312 83480
0b004b01 0b003901 10000 100 925 5307010 83446 83978
0b006b01 0b003f01 10000 100 635 5320906 82376 83746
0b005201 0b007e01 10000 100 56897 5231308 194614 130906
0b000301 0b003301 10000 100 38425 5293873 136027 115437
0b000001 0b007c01 10000 100 205 5361630 81042 83402
0b005001 0b000101 10000 100 496 5373073 81932 83635
0b002a01 0b002d01 10000 100 802 5423550 41456 42280
0b007901 0b002b01 10000 100 60710 5335429 133629 134110
0b007f01 0b007a01 10000 100 330 5429651 40700 41902
0b005a01 0b005e01 10000 100 104360 5357143 128412 129120
0b006401 0b004f01 10001 100 1668 5409262 84116 84611
0b001201 0b004c01 10000 100 428 5426881 82606 83580
0b000201 0b000601 10001 100 501 5471579 40974 42039
0b007901 0b007101 10000 100 593 5492113 41120 42112
0b007e01 0b005b01 10000 100 660 5455330 82997 83766
0b002a01 0b006901 10000 100 474 5457874 81860 83617
0b007101 0b007a01 10000 100 951 5526560 41694 42399
0b001701 0b001301 10000 100 636 5558339 41190 42147
0b007601 0b004d01 10000 100 774 5521864 83245 83857
0b000c01 0b007001 10000 100 315 5333217 279075 83490
0b000401 0b006501 10000 100 448 5530772 81776 83596
0b002501 0b001e01 10000 100 981 5538551 87012 84023
0b004e01 0b002f01 10000 100 1768 5547923 85016 84691
0b000701 0b000201 10000 100 108151 5506863 131597 132306
0b006501 0b006c01 10000 100 577 5599748 41096 42100
0b007401 0b004301 10000 100 654 5576562 82549 83761
0b001d01 0b007501 10000 100 870 5407411 252695 83934
0b000301 0b004001 10000 100 327 5584707 82203 83500
0b006501 0b006901 10000 100 681 5635624 41262 42183
0b000101 0b003d01 10000 100 5248 5590529 91133 87628
0b006c01 0b003601 10000 100 616 5606546 82316 83731
0b004401 0b005701 10000 100 1223 5627467 84529 84255
0b004d01 0b001101 10000 100 259 5615724 107118 83445
0b001e01 0b007101 10000 100 451 5550233 197911 83599
0b006f01 0b005e01 10001 100 600 5668294 82734 83718
0b005101 0b001801 10000 100 43390 5635712 119335 119601
0b002d01 0b006501 10000 100 466 5632786 135701 83611
0b004a01 0b003301 10001 100 45441 5608378 161511 121319
0b007f01 0b007401 10000 100 573 5730087 41164 42096
0b003501 0b006c01 10000 100 11251 5677467 100979 92661
0b004901 0b002501 10000 100 62413 5595229 188214 135549
0b006001 0b001001 10000 100 664 5704921 83128 83769
0b002401 0b003101 10000 100 473053 5226416 569319 479844
0b003701 0b001101 10000 100 313 5717405 81344 83488
0b006201 0b006301 10000 100 139704 5615147 196921 158739
0b005501 0b007401 10000 100 46645 5684957 146031 122320
0b002401 0b002801 10000 100 620 5795326 41931 42134
0b001b01 0b002401 10000 100 468 5726625 115580 83612
0b005701 0b002501 10001 100 687199 5133181 712931 659378
0b004c01 0b005f01 10000 100 544 5736371 121870 83673
0b007001 0b006801 10000 100 285 5776376 82046 83466
0b006f01 0b000c01 10000 100 708 5776105 82608 83804
0b001501 0b007d01 10000 100 48980 5696456 167200 124265
0b004001 0b001f01 10000 100 31412 5755629 109052 109558
0b001101 0b007b01 10000 100 836 5783016 83845 83907
0b007901 0b000c01 10000 100 253 5632312 237100 83440
0b001601 0b006d01 10000 100 409 5634844 242871 83565
0b001201 0b004301 10000 100 521 5796168 83458 83655
0b006001 0b004101 10000 100 40671 5764804 116801 117311
0b006601 0b006201 10000 100 1995 5843034 43555 43272
0b004601 0b000301 10000 100 413 5834751 81664 83568
0b002a01 0b002901 10000 100 111005 5799572 134000 134704
0b007501 0b000801 10000 100 87381 5633117 300727 156484
0b000a01 0b006d01 10000 100 675 5867164 88729 83778
0b004d01 0b004a01 10001 100 521 5916050 41572 42055
0b005b01 0b007201 10000 100 238538 5663067 298026 283208
0b002c01 0b002701 10001 100 654202 5391453 589186 590113
0b001401 0b007f01 10000 100 547 5889367 98129 83676
0b007e01 0b006601 10000 100 58545 5766811 228258 132301
0b004301 0b003e01 10000 100 436 5926376 82448 83587
0b002701 0b005401 10001 100 56784 5878228 133122 130816
0b000401 0b000b01 10000 100 743 5974782 41360 42232
0b004e01 0b003501 10000 100 237 5946594 83955 83428
0b005f01 0b005701 10000 100 542 5989858 41040 42072
0b003d01 0b000c01 10000 100 664 5949716 84828 83769
0b005401 0b005801 10000 100 14627 5989178 53206 53877
0b004001 0b006c01 10000 100 63954 5860126 183587 136820
0b004301 0b002501 10000 100 165 5974020 81616 83370
0b004401 0b001601 10000 100 555 5931500 126765 83682
0b006201 0b006601 10000 100 338 6024282 41012 41908
0b001d01 0b000301 10000 100 243 5984040 82508 83432
0b003201 0b004a01 10000 100 387 5965956 108183 83548
0b004e01 0b005801 10000 100 325 5998633 81384 83498
0b001b01 0b006401 10000 100 652 6002873 84681 83760
0b007601 0b006501 10000 100 39284 5936479 151377 116163
0b006601 0b001c01 10000 100 661 6015789 86415 83767
0b005501 0b002701 10000 100 187 6021542 81015 83388
0b007c01 0b001001 10000 100 642147 5489423 624129 621608
0b006401 0b003001 10000 100 401 6029287 84307 83559
0b003701 0b004401 10000 100 31763 6007323 110793 109839
0b007101 0b003801 10000 100 695 6002638 116966 83794
0b000001 0b006601 10000 100 285 5851375 274719 83466
0b007901 0b005f01 10000 100 542 6045053 82430 83672
0b000c01 0b000601 10000 100 408 6095950 40824 41964
0b000901 0b000801 10000 100 969 6100142 42305 42413
0b006601 0b003001 10000 100 235473 5821361 327142 280640
0b006601 0b004301 10000 100 505 6065837 82857 83642
0b007f01 0b006801 10000 100 70092 6011322 143206 142000
0b003d01 0b006701 10000 100 483 6071200 83386 83624
0b002101 0b005601 10000 100 48937 6021520 138247 124231
0b005001 0b006201 10000 100 589 5896249 277089 83709
0b005901 0b004401 10000 100 508 6096128 81968 83644
0b006601 0b007a01 10000 100 92527 5980686 203892 160792
0b004801 0b006c01 10000 100 429 6070397 114914 83581
0b004701 0b002801 10000 100 292 6105059 81933 83472
0b005c01 0b004401 10000 100 956 6105616 83954 84003
0b007301 0b002901 10000 100 1494 6122740 84650 84472
0b001101 0b003301 10000 100 370 6131704 82483 83534
0b000901 0b005d01 10000 100 38325 6099887 117389 115357
0b006101 0b003601 10000 100 313 6149735 83453 83488
0b000b01 0b003401 10000 100 434 6176959 82216 83585
0b000a01 0b007e01 10000 100 536 6182366 82060 83667
0b001501 0b003f01 10000 100 613 6164821 118444 83728
0b001d01 0b003801 10000 100 599 6215517 86112 83717
0b002901 0b007f01 10000 100 623 6222878 82336 83736
0b005001 0b005801 10000 100 1329 6267815 42073 42740
0b007701 0b006a01 10000 100 313 6242081 81344 83488
0b001f01 0b000001 10000 100 628 6267336 82352 83740
0b006401 0b000401 10000 100 322 6277143 81376 83496
0b005001 0b003401 10000 100 587 6290968 82224 83708
0b004b01 0b006001 10000 100 47326 5988286 389884 122904
0b005001 0b002101 10000 100 1238 6296724 84060 84267
0b002f01 0b002701 10000 100 419 6369980 41662 41973
0b007e01 0b005201 10000 100 1714498 4444028 1967936 1520654
0b002601 0b002201 10000 100 1528 6387434 42749 42899
0b007b01 0b002001 10000 100 50528 6302236 170049 125580
0b000b01 0b005e01 10000 100 591 6395868 83238 83711
0b001d01 0b001601 10000 100 847 6444514 41528 42316
0b007401 0b005d01 10000 100 132624 6243814 243389 194406
0b003701 0b002e01 10000 100 539 6393427 96190 83669
0b005001 0b002d01 10000 100 727 6415983 82900 83820
0b000b01 0b001901 10000 100 414694 6071017 448458 430891
0b004501 0b003101 10000 100 78099 6298752 221371 148712
0b000001 0b002001 10000 100 573 6440265 82176 83696
0b006101 0b007f01 10000 100 422 6203827 319089 83576
0b007a01 0b000e01 10000 100 60133 6374110 156347 133648
0b007a01 0b003401 10000 100 948 6452949 83665 83996
0b006801 0b002001 10000 100 1944 6259958 281404 84832
0b002c01 0b004f01 10000 100 6002 6407343 138896 88270
0b007b01 0b005501 10000 100 630 6484913 82738 83742
0b000201 0b007d01 10000 100 567 6496980 82160 83692
0b003b01 0b001601 10000 100 539 6502529 82068 83669
0b006a01 0b005a01 10000 100 2632 6501852 84926 85420
0b000001 0b006d01 10000 100 528 6528757 82529 83660
0b005a01 0b007b01 10000 100 1048 6531955 84344 84115
0b000001 0b004901 10000 100 334 6538905 81769 83505
0b006801 0b006601 10000 100 421 6580331 40846 41975
0b005001 0b005201 10000 100 693 6591125 42039 42192
0b007301 0b002a01 10000 100 71338 6496095 142512 143035
0b001f01 0b002901 10000 100 482 6581479 81888 83624
0b004601 0b005901 10000 100 725 6577917 86668 83818
0b006001 0b000101 10000 100 683 6596073 82528 83784
0b004501 0b006c01 10000 100 6506 6567227 125998 88673
0b006601 0b007e01 10000 100 531 6617474 82044 83663
0b002e01 0b003d01 10000 100 536 6606843 94504 83667
0b007301 0b006201 10000 100 502 6620054 81952 83640
0b004901 0b006101 10000 100 158670 6480760 228413 216241
0b005801 0b007d01 10000 100 597 6629346 82256 83716
0b001d01 0b002c01 10000 100 692 6631381 94600 83792
0b003901 0b007f01 10000 100 675 6690579 82504 83778
0b003401 0b001201 10000 100 394 6646557 130688 83553
0b003b01 0b003901 10000 100 336 6742573 40710 41907
0b001f01 0b002801 10000 100 430 6731148 83097 83582
0b002f01 0b001b01 10000 100 365 6727174 94007 83530
0b002c01 0b003301 10000 100 149 6576892 244346 83357
0b007001 0b007901 10000 100 846 6780230 41526 42315
0b003801 0b005301 10000 100 220 6739781 83551 83414
0b001301 0b001001 10000 100 973 6783606 41728 42416
0b000d01 0b002701 10000 100 302 6751489 81312 83480
0b004a01 0b006c01 10000 100 316 6571245 286254 83491
0b007001 0b005d01 10000 100 500 6745578 117935 83638
0b002701 0b002101 10000 100 1461 6831773 42179 42845
0b003b01 0b006801 10000 100 31 6796766 81970 83263
0b000a01 0b006101 10000 100 636 6579261 307116 83747
0b002c01 0b001901 10001 100 43025 6766022 122899 119309
0b004a01 0b004601 10000 100 427 6852875 41544 41980
0b005501 0b005801 10001 100 544 6853446 41042 42073
0b003801 0b007b01 10000 100 345 6657596 238738 83514
0b005f01 0b004401 10000 100 514 6816799 82497 83649
0b002c01 0b007401 10000 100 827 6823894 82992 83900
0b000301 0b003b01 10000 100 930 6831750 84149 83982
0b000101 0b002f01 10000 100 496 6839149 81932 83635
0b001c01 0b007a01 10000 100 407 6861980 81648 83564
0b005101 0b002201 10000 100 594 6881677 82286 83713
0b007701 0b004401 10000 100 81 6887241 80604 83303
0b003b01 0b003001 10000 100 538 6928631 41268 42068
0b002201 0b004501 10000 100 41927 6759030 221295 118354
0b004601 0b007801 10000 100 309 6899812 82127 83485
0b007101 0b007501 10000 100 580 6948520 41253 42102
0b002501 0b003c01 10000 100 1327 6911700 83844 84338
0b003101 0b006b01 10000 100 995 6925745 84605 84034
0b005801 0b003d01 10000 100 1218 6730494 304482 84251
0b006b01 0b006001 10000 100 548 6999643 41048 42076
0b007701 0b004e01 10000 100 302 6932829 116086 83480
0b001b01 0b000801 10000 100 45494 6894558 158078 121361
0b006101 0b000f01 10000 100 1560184 4063213 2991084 1391289
0b006301 0b003601 10000 100 4216 6974038 86413 86764
0b003201 0b004701 10000 100 300 6993751 82408 83478
0b002001 0b002f01 10001 100 535 7043360 41028 42066
0b004f01 0b004401 10000 100 708 7041841 42719 42204
0b004901 0b002901 10000 100 49416 6976637 125154 124652
0b004801 0b007101 10000 100 522 6987713 117362 83656
0b006501 0b002401 10000 100 81221 6596056 510003 151325
0b003001 0b000201 10000 100 238 7047777 81104 83428
0b003b01 0b003601 10000 100 854 7097424 41538 42321
0b002d01 0b007001 10000 100 35660 7028897 113466 113110
0b005f01 0b000a01 10000 100 612 7063039 82659 83728
0b002301 0b003001 10000 100 103841 6802007 359333 170266
0b001e01 0b002d01 10000 100 48770 6947562 222042 124097
0b002201 0b003201 10000 100 886545 4798963 2374295 826496
0b003301 0b001901 10000 100 461 6844495 329753 83607
0b004701 0b007c01 10000 100 696 7100912 83075 83795
0b001b01 0b003f01 10000 100 503 7109937 83059 83640
0b002101 0b002c01 10000 100 214262 6911597 282246 221265
0b004801 0b006901 10000 100 665 7109495 84456 83770
0b005c01 0b002901 10000 100 446 7123883 81772 83595
0b005c01 0b002301 10000 100 689235 6233042 986863 661084
0b004c01 0b002e01 10000 100 388 7139436 81766 83548
0b001b01 0b007501 10001 100 286 7143022 81423 83467
0b000601 0b004d01 10000 100 310 7154257 83761 83486
0b007901 0b006d01 10000 100 327 7167291 81481 83500
0b002401 0b005f01 10000 100 28610 7088890 163210 107201
0b000a01 0b005e01 10000 100 480 7185152 81880 83622
0b000701 0b006901 10000 100 30525 7167740 108304 108810
0b007901 0b002301 10000 100 30178 7065172 223918 108532
0b000a01 0b007501 10000 100 456 7211071 85118 83603
0b005c01 0b006101 10000 100 47562 7172458 126083 123092
0b006601 0b001f01 10000 100 548 7217174 82096 83676
0b001a01 0b006601 10000 100 327 7083789 234008 83500
0b005201 0b001301 10000 100 665 7240561 82689 83770
0b001901 0b001e01 10000 100 49184 7246012 82181 82867
0b000501 0b004301 10000 100 866 7245907 83141 83931
0b007b01 0b005b01 10000 100 427 7246952 82988 83580
0b004f01 0b001d01 10000 100 708 7254722 90199 83804
0b002101 0b003701 10000 100 73650 6970422 381492 144961
0b003401 0b004401 10000 100 285907 7012528 341330 322908
0b007d01 0b005201 10000 100 507 7277105 82603 83644
0b002101 0b002201 10000 100 231 7320560 40681 41823
0b007701 0b002701 10001 100 119248 7182477 185256 183206
0b002201 0b004401 10000 100 410 7286272 81693 83566
0b002b01 0b004b01 10000 100 38940 7223829 149002 115849
0b002101 0b001c01 10000 100 33375 7260853 113722 111205
0b001501 0b002701 10000 100 843 7305695 84022 83912
0b004d01 0b007201 10000 100 218522 6927550 464108 266427
0b004401 0b000601 10000 100 1131 7292336 116815 84181
0b000601 0b005201 10000 100 842 7327438 93022 83912
0b002801 0b006f01 10000 100 3241 6948212 472610 85946
0b006001 0b003201 10000 100 522 7208786 213325 83656
0b005401 0b004201 10000 100 483 7345271 81888 83624
0b006a01 0b005501 10000 100 485 7349913 81896 83626
0b006701 0b003e01 10000 100 81890 7151359 284089 151860
0b002a01 0b000801 10000 100 404 7160864 291012 83561
0b005c01 0b004501 10000 100 619 7210538 246332 83733
0b000001 0b003201 10000 100 540 7375213 82072 83670
0b007301 0b006501 10000 100 676 7394217 82832 83779
0b004601 0b006601 10000 100 332 7400238 82091 83504
0b007b01 0b005c01 10000 100 168390 7175571 308777 224401
0b001101 0b002f01 10000 100 411 7408866 81660 83567
0b001c01 0b000d01 10000 100 50 7416572 80504 83278
0b001c01 0b000501 10000 100 1467479 5211217 2293314 1313554
0b007f01 0b001001 10000 100 352 7421207 83445 83520
0b001e01 0b005701 10000 100 581 7423951 82966 83703
0b000c01 0b006301 10000 100 1069 7416665 121116 84132
0b000401 0b007c01 10000 100 631 7455785 82364 83743
0b001801 0b004f01 10000 100 1428086 6168810 1372294 1280542
0b007201 0b001f01 10000 100 38205 7428294 116856 115261
0b006f01 0b004501 10000 100 1845 7328615 217507 84752
0b005101 0b003301 10000 100 666 7480903 86881 83771
0b003b01 0b004e01 10000 100 345 7399425 174509 83514
0b004c01 0b007c01 10000 100 11961 7458474 127674 93229
0b000201 0b006001 10000 100 603 7511810 82272 83720
0b000d01 0b001301 10000 100 1169 7518407 83717 84212
0b006201 0b002601 10000 100 613 7491833 121730 83728
0b004501 0b003c01 10000 100 211407 7337444 278628 260466
0b001101 0b000801 10000 100 201 7539040 80988 83399
0b005301 0b000901 10000 100 903 7540261 83232 83960
0b004101 0b002d01 10000 100 49511 7495378 144865 124728
0b005801 0b003501 10001 100 993 7493924 153786 84032
0b000b01 0b007801 10000 100 354 7544325 106752 83521
0b004e01 0b002a01 10000 100 49931 7542906 126855 125064
0b003401 0b003101 10000 100 1387 7627978 42120 42786
0b006901 0b001401 10000 100 658 7589597 82955 83764
0b000601 0b007901 10000 100 351 7576555 115229 83519
0b003f01 0b004d01 10000 100 40790 7577800 116896 117406
0b002401 0b001301 10000 100 422 7618598 82376 83576
0b001601 0b000701 10000 100 234 7638685 81092 83425
0b002e01 0b007e01 10000 100 207232 7424383 296349 256972
0b001c01 0b004d01 10000 100 61084 7611458 137296 134448
0b003b01 0b007501 10000 100 46338 7475243 277759 122075
0b001801 0b000801 10000 100 504 7674797 82655 83641
0b003601 0b002f01 10000 100 382 7677922 81764 83544
0b001201 0b005501 10000 100 49454 7625179 136227 124683
0b007201 0b003301 10000 100 6171 7516930 248644 88405
0b000901 0b006301 10000 100 1914 7688795 85743 84808
0b004b01 0b001c01 10000 100 36837 7504764 293492 114090
0b002801 0b000b01 10000 100 31154 7205857 603867 109352
0b006901 0b000101 10000 100 678 7728172 82512 83780
0b002201 0b000501 10000 100 75424 7564062 271127 146457
0b003101 0b000f01 10000 100 1485888 5438591 2422000 1328972
0b001501 0b004801 10000 100 1948597 6143544 1721350 1716919
0b004901 0b000f01 10000 100 93221 7659928 208420 161386
0b001201 0b002f01 10000 100 524 7792923 90630 83657
0b003d01 0b002c01 10000 100 405 7777984 109992 83562
0b002001 0b001e01 10000 100 932 7806803 84087 83984
0b003201 0b002b01 10000 100 402 7814380 81918 83560
0b002901 0b007b01 10000 100 1178 7417307 479643 84219
0b002301 0b007201 10000 100 58641 7770968 136924 132378
0b002b01 0b006f01 10000 100 31438 7795938 121642 109579
0b006a01 0b002b01 10000 100 16243 7829116 108333 96847
0b005601 0b004301 10000 100 809325 6962297 981376 761764
0b004701 0b000b01 10000 100 718 7862540 82889 83812
0b002701 0b003601 10001 100 39833 7819707 134013 116602
0b004001 0b001701 10000 100 137820 7755489 208480 198755
0b005901 0b003301 10000 100 1035 7880715 83610 84104
0b007501 0b007801 10000 100 483 7930479 41214 42024
0b001501 0b000201 10000 100 130353 7785167 191966 192512
0b000f01 0b005c01 10000 100 316 7887259 91237 83491
0b003201 0b001301 10000 100 28785 7880237 108564 107341
0b000401 0b003701 10000 100 247 7926378 81136 83436
0b003801 0b004601 10000 100 552 7873297 143675 83680
0b005301 0b004c01 10000 100 979 7886993 131255 84021
0b000401 0b005b01 10000 100 440 7956604 81752 83590
0b003401 0b000001 10000 100 686 7905732 144018 83787
0b003a01 0b005901 10000 100 673 7969621 82740 83776
0b000401 0b006f01 10000 100 604 7976896 82276 83721
0b006e01 0b007b01 10000 100 209 7959676 115122 83405
0b003e01 0b006501 10000 100 70173 7922449 153413 142064
0b003101 0b006201 10000 100 1675 7989057 94635 84616
0b000a01 0b006c01 10000 100 377 8009005 81552 83540
0b007d01 0b001901 10000 100 605 7809704 286090 83722
0b001501 0b002e01 10000 100 1939 8038296 85048 84828
0b003e01 0b003c01 10000 100 654 8095798 41218 42161
0b007701 0b000801 10000 100 51160 7807745 339149 126124
0b007901 0b007e01 10000 100 569 8111890 41082 42093
0b002b01 0b006a01 10000 100 41391 8039599 135456 117925
0b005a01 0b004001 10000 100 563 8096169 82144 83688
0b003401 0b003201 10000 100 300 8147091 40652 41878
0b006f01 0b000c01 10001 100 690 8109734 82552 83790
0b005c01 0b005501 10000 100 524 8154603 41010 42057
0b005c01 0b004201 10000 100 308 8116870 81647 83484
0b004801 0b005601 10000 100 582 8123761 82208 83704
0b007e01 0b000301 10000 100 569 8141567 82164 83693
0b000b01 0b007b01 10000 100 426 8146806 81708 83579
0b004101 0b002601 10000 100 665 8150585 82472 83770
0b003f01 0b005501 10000 100 840 8155307 83032 83910
0b004501 0b004a01 10000 100 505 8214145 41200 42042
0b005101 0b003a01 10000 100 611364 7473513 784803 595792
0b004f01 0b001d01 10001 100 48782 8117173 147825 124107
0b000a01 0b007101 10000 100 34363 8155597 112769 112034
0b007701 0b000f01 10000 100 314 8212424 81348 83489
0b005f01 0b000601 10000 100 534 8213312 82388 83665
0b005301 0b004c01 10001 100 180175 8051500 258026 234290
0b002801 0b006e01 10000 100 78006 8110341 205872 148638
0b002801 0b002301 10000 100 45810 8235136 92738 80014
0b002701 0b007d01 10000 100 572 8185529 143263 83696
0b003a01 0b005401 10000 100 277092 8003424 328096 315548
0b004901 0b004101 10000 100 787 8293155 41432 42268
0b001c01 0b001501 10000 100 995 8296885 41764 42434
0b004a01 0b007401 10000 100 947 8254811 83892 83996
0b002301 0b003801 10000 100 477 8260508 82484 83620
0b005901 0b000a01 10000 100 69126 8178001 169167 141188
0b003d01 0b002c01 10001 100 900 8228307 122333 83958
0b006a01 0b007701 10001 100 714 8042158 322078 83809
0b002801 0b000901 10000 100 615 8302102 82312 83730
0b006301 0b003901 10000 100 61625 8272634 137888 134880
0b002801 0b001201 10000 100 358 8276631 150089 83524
0b006501 0b005701 10000 100 474 8351267 81860 83617
0b001801 0b006101 10000 100 61602 8299490 136064 134862
0b005e01 0b003101 10000 100 290 8362975 81272 83470
0b007e01 0b002501 10000 100 672 8300177 158241 83776
0b006e01 0b004101 10000 100 961 8379922 83420 84007
0b002201 0b007d01 10000 100 1812378 4256031 4213524 1602721
0b000701 0b001801 10000 100 44792 8316235 156671 120761
0b001501 0b006f01 10001 100 1185 8392976 83730 84224
0b006601 0b002701 10000 100 651150 7818630 669967 629156
0b003901 0b007401 10000 100 639 8410948 82388 83749
0b003e01 0b004801 10000 100 585 8430781 82606 83706
0b001f01 0b003b01 10000 100 339 8446520 81428 83509
0b004301 0b004401 10000 100 65730 8439131 96026 96718
0b002601 0b000101 10000 100 41172 8419732 117432 117750
0b003801 0b001901 10001 100 1038 8458857 84105 84107
0b001b01 0b003701 10000 100 281 8462855 81244 83463
0b000b01 0b005001 10000 100 98779 8383013 165635 166024
0b005f01 0b003e01 10001 100 322 8471413 82034 83496
0b004b01 0b001501 10000 100 311 8473714 83123 83487
0b006201 0b005c01 10000 100 1199 8297070 261314 84236
0b005a01 0b001101 10000 100 57228 8442129 130692 131209
0b005701 0b000b01 10000 100 1726 8491012 84163 84657
0b004401 0b007201 10000 100 592 8517784 82240 83712
0b003901 0b003a01 10000 100 60101 8509216 91333 92023
0b003601 0b001801 10000 100 507 8533817 82013 83644
0b003601 0b002401 10000 100 3069 8530050 87501 85808
0b003201 0b007a01 10000 100 570 8540748 82655 83694
0b003d01 0b001201 10000 100 520 8542733 83307 83654
0b002001 0b001201 10000 100 1796 8458335 171402 84713
0b002601 0b004301 10000 100 321 8464329 169841 83495
0b006801 0b004a01 10000 100 4567 8550100 89349 87045
0b000401 0b002901 10000 100 707 8350552 297545 83804
0b006901 0b003701 10001 100 82 8571096 80608 83304
0b000b01 0b002201 10000 100 573 8570070 82440 83696
0b002401 0b001a01 10000 100 502 8504792 175124 83640
0b003d01 0b007001 10000 100 315 8603380 81352 83490
0b001701 0b002501 10000 100 754 8605463 83356 83841
0b003301 0b004b01 10000 100 78671 8539824 152784 149170
0b003301 0b000901 10000 100 962 8648494 83424 84008
0b001e01 0b002e01 10000 100 695 8650834 82568 83794
0b007101 0b006201 10000 100 184 8706992 81303 83385
0b000001 0b002601 10000 100 49337 8560602 232512 124589
0b001d01 0b003401 10000 100 318 8721578 81360 83492
0b005801 0b001c01 10000 100 797 8731998 82896 83876
0b002001 0b003c01 10000 100 38819 8709533 116875 115752
0b006601 0b003501 10000 100 964 8597080 229560 84009
0b000201 0b003c01 10001 100 539 8750564 82068 83669
0b000701 0b003701 10000 100 22571 8744399 101637 102140
0b001701 0b001301 10001 100 731092 8196281 654265 654582
0b001b01 0b004c01 10000 100 306 8772946 81420 83483
0b005701 0b002301 10000 100 43404 8729886 132509 119612
0b000201 0b000001 10000 100 644 8826206 41202 42153
0b004601 0b005a01 10000 100 48585 8756046 123436 123949
0b006f01 0b003c01 10000 100 648 8806967 83361 83756
0b000701 0b007a01 10000 100 279062 8156224 736843 317201
0b000501 0b003a01 10000 100 577 8818442 82966 83700
0b002d01 0b005201 10000 100 899 8846729 83896 83957
0b004d01 0b007401 10000 100 453 8849296 81792 83600
0b004801 0b000001 10000 100 932 8856426 84577 83984
0b002b01 0b005901 10000 100 485 8870261 81896 83626
0b007601 0b006f01 10000 100 224137 8695770 274166 271149
0b000201 0b002e01 10000 100 39876 8835962 148019 116636
0b001301 0b000e01 10000 100 415 8902336 81672 83570
0b000d01 0b004601 10000 100 317 8910868 81360 83492
0b000701 0b007301 10000 100 3924 8918682 86093 86492
0b004101 0b006d01 10000 100 714 8931274 83354 83809
0b001801 0b002101 10000 100 1770 8958781 85261 84692
0b005901 0b002201 10000 100 835 8930877 121407 83906
0b006b01 0b003e01 10000 100 868 9012295 83120 83932
0b004c01 0b002a01 10000 100 5643 9010066 95768 87944
0b006501 0b004f01 10000 100 309 9048106 81339 83485
0b002801 0b001101 10000 100 499 9053793 81940 83637
0b007301 0b004201 10000 100 613 8857382 280275 83728
0b007b01 0b006d01 10000 100 429 8868823 275505 83581
0b004601 0b003401 10000 100 6146 9070536 87889 88385
0b001601 0b000e01 10000 100 101764 8991825 174420 168528
0b007e01 0b003f01 10000 100 306 9088897 81324 83483
0b007201 0b001901 10000 100 337 9093458 82090 83508
0b007b01 0b003801 10000 100 280 9113262 81562 83462
0b002b01 0b001d01 10000 100 451 9058256 149636 83599
0b007201 0b002601 10000 100 94113 8971511 242119 162138
0b000c01 0b002601 10000 100 912 9149312 83844 83968
0b006601 0b005001 10000 100 496 9160253 85150 83635
0b001801 0b000401 10000 100 692 9178071 82560 83792
0b004d01 0b004601 10000 100 305 9220836 40821 41882
0b006b01 0b007c01 10000 100 3228 9100358 174919 85936
0b002d01 0b002a01 10000 100 555946 8771145 512318 507707
0b006501 0b001e01 10000 100 70035 9135504 150716 141954
0b000401 0b001901 10000 100 91 9232388 80636 83311
0b004d01 0b000301 10000 100 38928 9203399 120141 115840
0b004101 0b000101 10000 100 698 9247734 83368 83796
0b002801 0b000201 10000 100 620 9226562 107836 83734
0b001f01 0b005e01 10000 100 14 9265458 80388 83249
0b004c01 0b002e01 10001 100 624093 8705234 687050 606474
0b003001 0b002b01 10000 100 608 9319400 82468 83724
0b001b01 0b007501 10002 100 591 9343002 82279 83711
0b003701 0b006c01 10000 100 1171 9344447 83760 84213
0b001601 0b006401 10000 100 383 9374581 81568 83544
0b004701 0b001501 10000 100 44128 9324685 155752 120230
0b000b01 0b001001 10000 100 878994 8658677 824247 820148
0b004401 0b004d01 10000 100 542 9445112 41040 42072
0b006501 0b006201 10000 100 62162 9377518 109818 93748
0b004e01 0b007f01 10000 100 30103 9360464 133843 108472
0b003501 0b004a01 10000 100 6503533 3692987 5816973 5535780
0b003401 0b002901 10000 100 16146 9250742 263960 96769
0b007f01 0b007401 10001 100 57678 9424795 90156 89969
0b006b01 0b006f01 10000 100 628 9474723 41176 42140
0b002601 0b003f01 10000 100 343 9440302 82289 83512
0b000a01 0b003d01 10000 100 283122 9205115 319996 320603
0b006501 0b006201 10001 100 511 9487949 40990 42047
0b002001 0b006101 10001 100 45567 9176355 380745 121420
0b006801 0b000f01 10000 100 2415 9472736 85362 85247
0b005401 0b000701 10000 100 577 9487456 82192 83700
0b002401 0b006301 10000 100 41968 9174689 401039 118387
0b001501 0b000201 10001 100 87 9504403 80661 83308
0b002801 0b002401 10000 100 128 9557477 41001 41740
0b003001 0b001b01 10000 100 88500 9445195 156888 157417
0b006e01 0b005f01 10000 100 512 9289795 316504 83648
0b007a01 0b000901 10000 100 444 9540745 81764 83593
0b005901 0b004b01 10000 100 637 9544081 83695 83748
0b004401 0b006401 10000 100 548 9332891 304595 83676
0b005f01 0b006201 10000 100 1023161 8096328 1550067 941050
0b006501 0b003b01 10000 100 33588 9499686 151250 111376
0b005701 0b003701 10000 100 549 9580535 82100 83677
0b005701 0b007b01 10000 100 443 9588787 82061 83592
0b004c01 0b003901 10000 100 361 9598929 81500 83527
0b007201 0b002001 10000 100 513 9607370 86603 83648
0b005201 0b003801 10000 100 6270010 4013270 5724374 5340014
0b004101 0b007101 10000 100 1409 9652839 84973 84404
0b004101 0b002201 10000 100 254 9674252 82055 83441
0b005401 0b006d01 10000 100 16939 9656268 108773 97404
0b001c01 0b006e01 10000 100 37909 9699195 145447 114986
0b006801 0b006101 10000 100 40015 9785306 75128 75186
0b001e01 0b003e01 10000 100 348 9856239 81456 83516
0b002601 0b007701 10000 100 617078 9342678 654100 600593
0b000201 0b003101 10000 100 494 9964014 81924 83633
0b004b01 0b002401 10000 100 8196022 2320419 7779817 6954782
0b000001 0b005f01 10000 100 2331065 8927898 2091220 2037600
0b001c01 0b000101 10000 100 3599101 8888194 3130558 3100720
0b006101 0b002301 10000 100 5061659 3607289 9251299 4326908
0b006401 0b007d01 10000 100 5056016 7128797 6011263 4322201
0b004701 0b007b01 10000 100 9287826 4712016 8668647 7870120
0b002201 0b006301 10000 100 9775666 3860005 11249394 8279131
0b007501 0b006d01 10000 100 9251866 3020715 14759940 7839969
0b007501 0b002f01 10000 100 9476651 5210601 14433701 8028437
