0b000701 0b000301 10000 100 583 133168 41104 42104
0b007c01 0b007d01 10000 100 214 154488 40514 41809
0b006f01 0b003801 10000 100 61672 110369 134400 134918
0b002801 0b000b01 10000 100 472 190200 81856 83616
0b007301 0b000901 10000 100 853 196262 83072 83920
0b002501 0b003001 10000 100 157255 71368 214514 215071
0b000c01 0b002701 10000 100 2648 288855 84938 85433
0b001001 0b004b01 10000 100 147 336234 80816 83356
0b005701 0b006901 10000 100 143 340803 80800 83352
0b000501 0b000b01 10000 100 519 409391 41002 42053
0b003301 0b002d01 10000 100 786 433980 82860 83867
0b007a01 0b006201 10000 100 8425 429540 89788 90285
0b005a01 0b007301 10000 100 853 446043 83072 83920
0b002901 0b006701 10000 100 716 450478 82636 83811
0b001401 0b003501 10000 100 231 454653 81084 83423
0b000201 0b002e01 10000 100 211 683003 81020 83407
0b007101 0b002901 10000 100 501 701043 82190 83639
0b005b01 0b006b01 10000 100 6383 712764 88078 88575
0b006e01 0b001301 10000 100 1081 726763 83647 84141
0b001f01 0b003101 10000 100 334 849688 81935 83505
0b003e01 0b001d01 10000 100 689 852705 82548 83789
0b004b01 0b001001 10000 100 3042 864166 85292 85787
0b005901 0b004e01 10000 100 175 946341 80904 83378
0b001801 0b001101 10000 100 849 988124 41530 42317
0b000501 0b004d01 10000 100 157 1078047 80848 83364
0b005c01 0b005a01 10000 100 314 1173390 40674 41889
0b001d01 0b000301 10000 100 2359 1210164 84707 85202
0b004e01 0b005701 10000 100 404 1241444 81636 83561
0b002b01 0b007601 10000 100 474 1279445 81860 83617
0b003c01 0b004101 10000 100 166 1306292 80876 83371
0b007701 0b002f01 10000 100 5898 1309642 87652 88148
0b003601 0b007a01 10000 100 7179 1482860 88753 89250
0b000d01 0b006b01 10000 100 121 1597330 80916 83335
0b007401 0b004c01 10000 100 103 1606004 81479 83320
0b006b01 0b006001 10000 100 208 1651349 40504 41804
0b004b01 0b000501 10000 100 392 1634621 81600 83552
0b004301 0b004701 10000 100 51792 1660718 84344 85030
0b007301 0b006d01 10000 100 36251 1642353 117250 113621
0b003a01 0b001001 10000 100 43529 1649585 119201 119712
0b003501 0b003601 10000 100 1133 1739694 41916 42583
0b001201 0b002501 10000 100 211 1727977 81020 83407
0b002e01 0b007201 10000 100 1376 1764645 83883 84377
0b003901 0b002701 10000 100 991 1771599 83676 84031
0b006301 0b004801 10000 100 652 1815765 82432 83760
0b007b01 0b005101 10000 100 87698 1744374 160709 156737
0b001701 0b001301 10000 100 531807 1427673 486596 487474
0b000601 0b007901 10000 100 1047 1865741 83620 84114
0b002c01 0b005701 10000 100 818 1880573 82960 83892
0b006e01 0b003501 10000 100 226 2004402 81068 83419
0b002301 0b002d01 10000 100 559 2068507 41066 42085
0b007e01 0b006d01 10000 100 1037 2075135 83612 84106
0b007401 0b006101 10000 100 5641 2091758 87447 87943
0b006101 0b005101 10000 100 469 2114499 81875 83613
0b003301 0b007c01 10000 100 411 2216640 89770 83567
0b002201 0b003101 10000 100 256 2253779 81164 83443
0b001f01 0b006b01 10000 100 625 2293274 83109 83738
0b000c01 0b004e01 10000 100 7200 2299233 88770 89267
0b006a01 0b000201 10000 100 1802 2501719 84224 84718
0b006401 0b004b01 10000 100 124 2522094 80740 83337
0b000601 0b002c01 10000 100 37650 2500570 114270 114779
0b005601 0b001401 10000 100 593 2561720 82240 83712
0b001d01 0b004101 10000 100 942 2567907 83360 83992
0b007e01 0b000601 10000 100 743 2573110 91690 83832
0b005d01 0b003601 10000 100 89178 2447781 239630 157998
0b002901 0b000501 10000 100 321 2700935 81774 83495
0b000301 0b007d01 10000 100 1354 2842703 83865 84360
0b001301 0b006d01 10000 100 937 2851586 83543 83988
0b003701 0b007201 10000 100 449 2905736 81780 83597
0b007501 0b007901 10000 100 124 2980367 40370 41737
0b005301 0b007201 10000 100 959 2937553 83412 84005
0b002401 0b001301 10000 100 570 2939552 82353 83694
0b007001 0b002701 10000 100 314313 2683427 346961 346746
0b004601 0b000d01 10000 100 391 2966423 82610 83551
0b002301 0b003c01 10000 100 228 2969997 81647 83420
0b003f01 0b001601 10000 100 8889 2963359 103916 90656
0b003001 0b003701 10000 100 1113 3063823 41900 42567
0b005d01 0b005301 10000 100 1084 3083507 41877 42544
0b007901 0b002d01 10000 100 678 3093134 82746 83780
0b005801 0b001501 10000 100 1067 3099200 84812 84130
0b001c01 0b004201 10000 100 7503 3140093 91311 89509
0b004101 0b000a01 10000 100 1845 3160373 84258 84752
0b000e01 0b004701 10000 100 133 3231931 82268 83344
0b004f01 0b002801 10000 100 198 3240279 80976 83396
0b005801 0b005e01 10000 100 974142 2467021 859854 858353
0b002501 0b005e01 10000 100 1937 3258517 85788 84826
0b004801 0b006501 10000 100 9983 3305934 91326 91570
0b006601 0b004d01 10000 100 221 3373267 81052 83415
0b007901 0b001101 10000 100 395 3404318 81608 83554
0b005b01 0b002301 10000 100 1469 3405811 83957 84452
0b002001 0b007901 10000 100 318 3435709 81360 83492
0b002e01 0b003801 10000 100 543 3467807 82495 83672
0b006101 0b003001 10000 100 591 3487182 82236 83711
0b007501 0b004c01 10000 100 119 3510355 80747 83333
0b000001 0b000401 10000 100 2060 3548440 42696 43363
0b001e01 0b005b01 10000 100 1559 3550660 84029 84524
0b001b01 0b005401 10000 100 4596 3584479 86717 87068
0b001001 0b007701 10000 100 786 3598923 82860 83867
0b002f01 0b002e01 10000 100 190 3645682 40476 41790
0b006701 0b007401 10000 100 1780 3761310 84206 84700
0b000101 0b001701 10000 100 767 3791327 82800 83852
0b005401 0b005101 10000 100 352 3881994 40736 41920
0b005401 0b003601 10000 100 1544 3891462 84017 84512
0b002901 0b002701 10000 100 491 3942130 40958 42031
0b007201 0b003001 10000 100 342 3904644 81440 83512
0b006d01 0b001601 10000 100 250 4002032 81485 83438
0b004b01 0b000101 10000 100 1914 4044674 84313 84808
0b005801 0b007c01 10000 100 1753 4080475 85562 84679
0b006b01 0b002a01 10000 100 225 4089971 81585 83418
0b005501 0b001801 10000 100 1855 4153684 85663 84760
0b002501 0b000f01 10000 100 9156 4231622 97641 90908
0b002b01 0b000b01 10000 100 1059 4266864 83629 84124
0b003f01 0b006401 10000 100 54715 4202195 175968 129084
0b001c01 0b005701 10000 100 388 4312123 81584 83548
0b001101 0b005801 10000 100 720 4330007 83921 83814
0b005001 0b005701 10000 100 642 4379205 41200 42152
0b002f01 0b000601 10000 100 6542 4343306 95277 88702
0b005901 0b000701 10000 100 2234 4363330 86162 85102
0b000b01 0b001101 10000 100 1305 4378555 84376 84320
0b001601 0b005301 10000 100 308 4416493 81328 83484
0b005001 0b002001 10000 100 1420 4430728 84771 84412
0b007101 0b006701 10000 100 483 4444647 82098 83624
0b007901 0b005001 10000 100 1396 4433597 112138 84393
0b004501 0b006e01 10000 100 359 4492144 81492 83525
0b006e01 0b003c01 10000 100 2725 4516259 85000 85495
0b006601 0b004701 10000 100 685926 4011959 660155 658283
0b004c01 0b005b01 10000 100 1006 4610052 83592 84081
0b007b01 0b006b01 10000 100 126 4636496 80748 83339
0b002401 0b003501 10000 100 473 4651079 81856 83616
0b004201 0b005401 10000 100 1026 4729527 83740 84097
0b003f01 0b005101 10000 100 146 4778143 81283 83355
0b001f01 0b000f01 10000 100 416 4826638 83648 83571
0b007101 0b007801 10000 100 1838428 3387301 1581982 1582960
0b003701 0b007201 10001 100 8931 4902262 91221 90690
0b007001 0b000201 10000 100 77392 4891758 155154 148108
0b002b01 0b007e01 10000 100 772 4984697 83787 83856
0b001801 0b004601 10000 100 495 5020876 81928 83634
0b006201 0b007201 10000 100 2530 5065310 86476 85339
0b001101 0b007201 10000 100 530 5062421 97278 83662
0b003101 0b007901 10000 100 378 5077501 82792 83540
0b003c01 0b007501 10000 100 290 5083323 81272 83470
0b002401 0b003d01 10000 100 235 5146393 81096 83426
0b000601 0b000201 10000 100 677 5238803 41439 42180
0b004501 0b003601 10000 100 538 5271316 82064 83668
0b000001 0b001a01 10000 100 386 5351402 81580 83547
0b006601 0b006f01 10000 100 436 5474797 40870 41987
0b002001 0b002601 10000 100 1295418 4226373 1349434 1127700
0b007e01 0b006001 10000 100 8550 5487710 96151 90385
0b007401 0b003b01 10000 100 2819949 2130014 3473190 2447447
0b000201 0b004901 10000 100 1542903 4098385 1598401 1376773
0b006701 0b005401 10000 100 199 5631169 81481 83397
0b000701 0b003101 10000 100 1005 5653797 89175 84080
0b006401 0b004101 10000 100 8392 5737255 90002 90259
0b003001 0b005001 10000 100 2954 5747903 87124 85678
0b000601 0b000d01 10000 100 339 5818139 40772 41909
0b003401 0b007501 10000 100 559 5780981 82728 83685
0b007a01 0b004201 10000 100 496 5833744 82212 83635
0b007801 0b005301 10000 100 626 5882260 82348 83739
0b007501 0b000401 10000 100 784342 5226940 760391 740817
0b006701 0b003c01 10000 100 181 5936381 82454 83383
0b005301 0b005c01 10000 100 671 5997565 41246 42175
0b001c01 0b001f01 10000 100 1734 6002831 43554 43064
0b002c01 0b003701 10000 100 1387 5971017 83892 84386
0b002001 0b007501 10000 100 405 6027680 82169 83562
0b003401 0b003101 10000 100 1361 6131943 42099 42765
0b000d01 0b001001 10000 100 55116 6013025 174321 129443
0b003301 0b007a01 10000 100 1507 6070115 119187 84482
0b003401 0b007801 10000 100 136 6117888 80943 83347
0b004b01 0b005e01 10000 100 1037 6118958 83612 84106
0b002601 0b003601 10000 100 432 6137027 82380 83584
0b007801 0b006301 10000 100 500205 5045927 1178130 502602
0b006401 0b004701 10000 100 48262 6122703 124606 123691
0b007601 0b005001 10000 100 38519 6141007 129592 115512
0b004201 0b006f01 10000 100 1279 6204690 83814 84300
0b005201 0b003901 10000 100 5740925 1295113 5008399 4896394
0b001e01 0b001701 10000 100 908 6284477 41624 42364
0b004a01 0b000a01 10000 100 853 6251388 83126 83920
0b004a01 0b000d01 10000 100 246 6357898 81910 83435
0b000601 0b007c01 10000 100 1729145 4809379 1680807 1532948
0b007601 0b004c01 10000 100 1038 6430886 84583 84107
0b001001 0b002e01 10000 100 735 6446274 82696 83826
0b000701 0b003801 10000 100 1506 6524261 85149 84481
0b000801 0b004e01 10000 100 409 6532581 82385 83565
0b003001 0b005501 10000 100 670 6532762 83034 83774
0b002a01 0b000501 10000 100 1672 6502404 115987 84614
0b004001 0b004901 10000 100 422 6586177 40856 41976
0b006c01 0b003201 10000 100 1824 6553333 84241 84736
0b006001 0b003f01 10000 100 1201 6597205 84046 84237
0b004001 0b005301 10000 100 851 6644573 83068 83919
0b002501 0b004001 10000 100 535 6705543 82370 83666
0b001001 0b003801 10000 100 1131 6737977 85901 84181
0b007601 0b006401 10000 100 363 6770530 81504 83528
0b001501 0b006901 10000 100 674555 6231325 648981 648764
0b001301 0b002301 10000 100 484 6880988 93567 83625
0b005001 0b001901 10000 100 5316 6938645 90807 87683
0b006001 0b002301 10000 100 975 6963461 84248 84018
0b002401 0b003801 10000 100 959159 6205104 888775 887391
0b007a01 0b000801 10000 100 191 7027422 81285 83391
0b007901 0b001701 10000 100 132 7275288 82166 83344
0b004701 0b007f01 10000 100 594 7285995 83131 83713
0b003701 0b003201 10000 100 5905 7362560 45886 46554
0b003701 0b003401 10000 100 204 7371791 40498 41801
0b007401 0b000901 10000 100 480 7356334 81880 83622
0b003201 0b005901 10000 100 270 7386757 81500 83454
0b000a01 0b007501 10000 100 3912 7478806 88547 86483
0b005601 0b003c01 10000 100 1011 7582259 83592 84085
0b006101 0b003c01 10000 100 256 7665294 81849 83443
0b006d01 0b000f01 10000 100 2321 7702842 87475 85172
0b007101 0b005501 10000 100 1275691 5427975 2367514 1152751
0b001401 0b000701 10000 100 820 7731805 82968 83894
0b005001 0b007f01 10000 100 646 7768128 84206 83755
0b005301 0b004401 10000 100 926 7975260 85819 83979
0b001801 0b000601 10000 100 47816 7947475 195858 123296
0b006801 0b003f01 10000 100 1058 8218151 84386 84123
0b004d01 0b004101 10000 100 331 8296585 40702 41903
0b006901 0b005001 10000 100 1143 8254931 83878 84191
0b006a01 0b002101 10000 100 442 8301368 81760 83592
0b004801 0b004001 10000 100 194 8356247 40513 41793
0b007e01 0b000401 10000 100 362 8320540 81504 83528
0b006f01 0b005501 10000 100 824 8326687 83017 83897
0b003501 0b002d01 10000 100 78160 8253127 229356 148761
0b000901 0b004301 10000 100 340 8433460 82267 83510
0b003601 0b006701 10000 100 6472 8431618 92591 88646
0b003401 0b005701 10000 100 559 8466568 82428 83685
0b004401 0b000b01 10000 100 7142 8474754 89573 89220
0b002701 0b004601 10000 100 892 8490697 84468 83952
0b001d01 0b001101 10000 100 593 8575241 41120 42112
0b005a01 0b001b01 10000 100 2743 8538981 85014 85509
0b002401 0b006601 10000 100 3135 8542428 85462 85861
0b006001 0b001501 10000 100 1058 8558027 83628 84123
0b000001 0b004801 10000 100 301 8588189 81308 83479
0b004401 0b006101 10000 100 627 8618512 82352 83740
0b000c01 0b000901 10000 100 200 8788685 40492 41798
0b005f01 0b003b01 10000 100 2965 8779480 86551 85687
0b006c01 0b007901 10000 100 8809 8839879 96676 90592
0b001601 0b002f01 10000 100 15794 8871077 106935 96449
0b004b01 0b004d01 10000 100 788 8946718 41432 42268
0b001201 0b005c01 10000 100 42045 8880259 118798 118487
0b000f01 0b005b01 10000 100 558 8919337 82676 83684
0b001d01 0b006001 10000 100 10946 8929906 92284 92379
0b001601 0b002401 10000 100 644 8923807 106961 83753
0b000401 0b007c01 10000 100 167 8975298 80880 83372
0b001a01 0b000601 10000 100 431 9015267 83465 83583
0b004a01 0b003801 10000 100 38902 9037355 115310 115819
0b003c01 0b002101 10000 100 698 9099836 82576 83796
0b004301 0b004e01 10000 100 469 9143286 40922 42013
0b005401 0b006901 10000 100 7569 9122967 89065 89562
0b006201 0b005e01 10000 100 197 9223832 81486 83396
0b003d01 0b002201 10000 100 1864 9200081 114270 84768
0b004901 0b003a01 10000 100 1553 9271207 84024 84519
0b000c01 0b000501 10000 100 243 9334160 48075 41832
0b002301 0b005b01 10000 100 158 9400462 80848 83364
0b006501 0b007301 10000 100 9804107 594811 8944610 8302997
0b007301 0b004a01 10000 100 127 9529558 80752 83340
0b004c01 0b002f01 10000 100 589479 9037353 576709 577439
0b003701 0b000e01 10000 100 4046 9545205 86133 86628
0b003501 0b002701 10000 100 148 9525352 117078 83356
0b007d01 0b002401 10000 100 293 9597249 81280 83472
0b007b01 0b000401 10000 100 245 9601149 81128 83434
0b001a01 0b006201 10000 100 400 9603702 83354 83558
0b003d01 0b006a01 10000 100 468 9605238 82156 83612
0b005501 0b007801 10000 100 588 9630506 138664 83708
0b006101 0b004d01 10000 100 1025 9712076 84580 84096
0b005d01 0b004301 10000 100 165 9716618 81552 83370
0b005001 0b005f01 10000 100 377 9800489 40776 41940
0b004201 0b006d01 10000 100 1281 9778387 85220 84301
0b004701 0b005701 10000 100 9678 9791188 91186 91326
0b002701 0b003901 10000 100 779 9815790 82836 83861
0b002701 0b000701 10000 100 409 9882118 81652 83565
0b003f01 0b003201 10000 100 808 9933159 42090 42284
0b003301 0b005d01 10000 100 104 9915637 94037 83321
0b007501 0b002f01 10000 100 482 9967253 81888 83624
0b005e01 0b001e01 10000 100 932 9985314 83328 83984
0b005c01 0b003601 10000 100 5036 9978524 90689 87459
0b005001 0b000601 10000 100 1214 10058251 83767 84248
0b007301 0b007401 10000 100 1796 10141346 42447 43113
0b006101 0b006a01 10000 100 5618 10220621 45656 46324
0b000101 0b005f01 10000 100 1539 10263192 89447 84508
0b001901 0b001101 10000 100 145 10324610 40404 41754
0b005f01 0b003001 10000 100 102 10439675 80672 83320
0b003d01 0b005001 10000 100 100 10531344 81165 83318
0b004a01 0b003201 10000 100 513 10584606 83316 83648
0b000201 0b000001 10000 100 7305 10696472 47082 47751
0b000d01 0b001701 10000 100 1203824 8662428 2107755 1092492
0b005401 0b006b01 10000 100 309480 10430803 342070 342688
0b007801 0b006801 10000 100 2452 10688142 84782 85276
0b000701 0b001301 10000 100 999 10694424 83636 84037
0b007d01 0b007401 10000 100 1049 10747896 41849 42516
0b004c01 0b001b01 10000 100 1604 10725398 85540 84560
0b003201 0b004501 10000 100 215 10772580 81032 83410
0b001601 0b006701 10000 100 446 10797515 82916 83595
0b000201 0b001a01 10000 100 196 10798660 88568 83395
0b004e01 0b004701 10000 100 389 10854878 40794 41949
0b001001 0b002401 10000 100 505757 10394918 506540 507236
0b001701 0b000601 10000 100 596 10831619 87002 83715
0b003e01 0b007501 10000 100 21099 10820808 100421 100924
0b006901 0b007701 10000 100 372 10886584 82171 83536
0b007b01 0b001701 10000 100 834 10919393 83169 83905
0b000a01 0b007d01 10000 100 595 10953186 83043 83714
0b006c01 0b003801 10000 100 471 11017186 81852 83615
0b006201 0b007801 10000 100 36463 11039387 113282 113791
0b001d01 0b001f01 10000 100 104 11152912 40803 41721
0b000501 0b001301 10000 100 9864912 2105637 9100116 8353945
0b004001 0b006b01 10000 100 371 11193488 81568 83535
0b001501 0b002a01 10000 100 564 11198221 82148 83689
0b006201 0b007801 10001 100 6123 11199421 87870 88367
0b004701 0b003b01 10000 100 4198 11226555 87960 86750
0b004201 0b002201 10000 100 2578 11294951 84882 85377
0b007301 0b003901 10000 100 6795 11295794 88408 88904
0b000c01 0b003b01 10000 100 409 11309689 81852 83565
0b005701 0b007801 10000 100 85488 11262606 155612 154892
0b006c01 0b001101 10000 100 173 11339976 80896 83376
0b007c01 0b003f01 10000 100 5518 11333207 89758 87844
0b007501 0b005301 10000 100 417 11390809 81680 83572
0b003201 0b003b01 10000 100 1037 11487092 41840 42506
0b003801 0b003901 10000 100 1665 11487475 42342 43008
0b005701 0b005c01 10000 100 1023 11589339 42203 42495
0b005e01 0b002b01 10000 100 335 11513794 124583 83506
0b004101 0b003a01 10000 100 518 11629788 82785 83652
0b006301 0b003c01 10000 100 2287 11717629 85150 85144
0b005201 0b003c01 10000 100 546 11777411 82749 83675
0b001e01 0b005f01 10000 100 899 11803914 83220 83957
0b000f01 0b000e01 10000 100 289 11904010 40634 41869
0b002601 0b004b01 10000 100 1631 11886639 84925 84581
0b001001 0b006501 10000 100 2464 11880793 94578 85286
0b002401 0b000201 10000 100 832 11973201 83008 83904
0b003401 0b004701 10000 100 726 12041965 82909 83819
0b001601 0b002601 10000 100 266 12099437 81909 83451
0b006501 0b000e01 10000 100 3138 12148536 95524 85864
0b001b01 0b003e01 10000 100 973 12180220 83456 84016
0b001001 0b003901 10000 100 1268 12205995 83796 84291
0b006301 0b006501 10000 100 634 12246692 49364 42145
0b005401 0b003901 10000 100 1730 12221455 132082 84660
0b006401 0b004a01 10000 100 1677 12282301 85154 84618
0b005601 0b001101 10000 100 958260 9523988 2849250 886633
0b001701 0b005201 10000 100 5216943 7464535 4929401 4457087
0b007e01 0b000f01 10000 100 2717 12320795 88547 85488
0b002a01 0b000f01 10000 100 1472 12342520 84452 84454
0b005601 0b006901 10000 100 323 12431029 81801 83496
0b007101 0b001a01 10000 100 216 12451455 81665 83411
0b003901 0b001701 10000 100 71396 12397920 146483 143081
0b004301 0b000701 10000 100 1032 12497945 86055 84102
0b002401 0b003901 10000 100 333 12509450 81408 83504
0b006501 0b004d01 10000 100 3305655 9515978 3094634 2854674
0b004801 0b006501 10001 100 199 12599896 81783 83397
0b007a01 0b001301 10000 100 3513 12607295 89859 86164
0b002c01 0b006001 10000 100 3860 12617871 86258 86441
0b007101 0b004701 10000 100 376 12676005 82294 83539
0b004b01 0b004d01 10001 100 220735 12379576 440230 226674
0b006001 0b007901 10000 100 666 12742190 82476 83771
0b003b01 0b007301 10000 100 504 12747893 91806 83641
0b004401 0b000101 10000 100 3995 12763493 106785 86549
0b000b01 0b007201 10000 100 540 12872478 85334 83670
0b006101 0b003501 10000 100 703 12871943 85876 83800
0b007401 0b005401 10000 100 610641 12219215 755924 595175
0b003a01 0b000f01 10000 100 903 12909169 84297 83960
0b006001 0b003b01 10000 100 249 12922383 81140 83437
0b005201 0b004c01 10000 100 115 12936164 80732 83330
0b007801 0b004b01 10000 100 1300 12938001 84153 84316
0b005701 0b003701 10000 100 1848524 11358200 1862749 1633020
0b003901 0b000a01 10000 100 23352 13123370 102300 102803
0b002a01 0b006401 10000 100 249 13183684 81140 83437
0b000801 0b005e01 10000 100 232 13109149 172804 83424
0b001401 0b007401 10000 100 924 13196443 85559 83977
0b006901 0b007201 10000 100 336 13241433 82751 83507
0b007f01 0b005201 10000 100 55204 13216355 158815 129513
0b004401 0b001c01 10000 100 7894 13286111 90126 89822
0b007001 0b001f01 10000 100 707 13350143 83296 83804
0b006d01 0b004e01 10000 100 3612 13403516 122168 86243
0b005e01 0b000801 10000 100 407 13401391 149892 83564
0b006701 0b003201 10000 100 3658 13488140 90676 86280
0b002801 0b004c01 10000 100 1169955 10931305 2661972 1064092
0b002901 0b000c01 10000 100 69915 13374888 265310 141820
0b000101 0b002301 10000 100 572233 12879412 771545 562989
0b006201 0b005801 10000 100 284 13634037 83268 83465
0b001201 0b005b01 10000 100 335 13636236 82466 83506
0b000b01 0b003401 10000 100 558 13671780 82569 83684
0b007401 0b003c01 10000 100 210 13773416 81033 83406
0b006501 0b007c01 10000 100 1261 13779658 87722 84285
0b002c01 0b003401 10000 100 953 13829994 126113 84000
0b000701 0b002d01 10000 100 853 13885772 84175 83920
0b000801 0b003001 10000 100 424 13820881 167918 83577
0b004f01 0b005301 10000 100 4724 13912024 86819 87171
0b004d01 0b003f01 10000 100 1003 14057693 84332 84079
0b007001 0b000e01 10000 100 482 14125066 82853 83624
0b005a01 0b006701 10000 100 27121 14138089 106427 105972
0b007901 0b002001 10000 100 96201 14184873 163353 163885
0b004101 0b007b01 10000 100 890 14272325 83192 83950
0b006901 0b006b01 10000 100 77723 14250835 106076 106773
0b007b01 0b002d01 10000 100 332 14321363 81408 83504
0b002201 0b004901 10000 100 118 14408989 80720 83332
0b000301 0b003c01 10000 100 244 14408250 82196 83433
0b006e01 0b006c01 10000 100 44080 14412872 77908 78592
0b000d01 0b001901 10000 100 594 14499055 82920 83713
0b005801 0b001401 10000 100 198 14509318 81923 83396
0b001f01 0b005001 10000 100 541 14512436 83245 83671
0b003101 0b000f01 10000 100 927 14566386 84237 83980
0b006301 0b001901 10000 100 243 14570528 81770 83432
0b004d01 0b002901 10000 100 940 14604479 83959 83990
0b006201 0b005001 10000 100 427 14662270 100559 83580
0b007501 0b006501 10000 100 5755 14691859 96703 88034
0b001e01 0b003201 10000 100 390 14727297 81592 83550
0b002b01 0b007001 10000 100 918 14720972 89057 83972
0b006801 0b001a01 10000 100 1027 14718346 102823 84098
0b001801 0b002e01 10000 100 1005 14739573 83618 84080
0b007e01 0b001601 10000 100 722 14803395 83060 83816
0b003e01 0b006a01 10000 100 625 14788148 115187 83738
0b003701 0b000801 10000 100 418884 12903512 2090762 434396
0b004901 0b002501 10000 100 500 14879273 121696 83638
0b005601 0b006501 10000 100 6872 15003520 93744 88966
0b006301 0b004501 10000 100 824961 14141984 961048 774848
0b007f01 0b001f01 10000 100 276 15032468 98089 83459
0b000401 0b006d01 10000 100 1222 15113063 83959 84254
0b002301 0b004601 10000 100 1518 15114470 85541 84491
0b002401 0b003401 10000 100 317 15121175 93986 83492
0b002d01 0b006f01 10000 100 918261 14457442 937796 853098
0b005f01 0b000701 10000 100 604 15317852 148319 83721
0b001001 0b004f01 10000 100 3979 15385690 89299 86536
0b002501 0b006801 10000 100 397 15385351 111889 83556
0b002601 0b001001 10000 100 1058 15443694 88387 84123
0b002301 0b002601 10000 100 26353 15470809 69812 63719
0b004201 0b002301 10000 100 14403 15450663 106568 95298
0b002201 0b003301 10000 100 1560 15760774 84607 84524
0b005201 0b002501 10000 100 774 15784218 83103 83857
0b006601 0b005101 10000 100 756 15800103 82963 83843
0b007f01 0b005201 10001 100 795 15893984 83127 83874
0b000401 0b000201 10000 100 590332 15340974 665014 536560
0b002101 0b006001 10000 100 383 15932428 131783 83544
0b006f01 0b001201 10000 100 351 15994311 85195 83519
0b007201 0b006001 10000 100 305 16055577 82667 83482
0b001901 0b000b01 10000 100 966 16057647 87014 84011
0b004e01 0b001101 10000 100 1371 16077902 83879 84373
0b005301 0b003001 10000 100 86062 16005927 158053 155390
0b004c01 0b004201 10000 100 264 16138604 40594 41849
0b001d01 0b004d01 10000 100 1328 16120644 83844 84339
0b005701 0b003601 10000 100 942 16114653 105318 83992
0b001801 0b006201 10000 100 161 16147722 84646 83367
0b007801 0b002d01 10000 100 528 16108459 126004 83660
0b000d01 0b007c01 10000 100 418 16188006 101982 83572
0b000a01 0b005901 10000 100 194 16233275 90522 83393
0b005d01 0b006d01 10000 100 1283 16254504 83808 84303
0b007b01 0b004901 10000 100 1644 16274479 84097 84592
0b005d01 0b007801 10000 100 354 16286848 81797 83521
0b006c01 0b004c01 10000 100 544 16326659 82084 83673
0b002e01 0b005f01 10000 100 656 16347911 82552 83763
0b007d01 0b002101 10000 100 452 16384199 81792 83600
0b001001 0b001101 10000 100 409 16455441 40826 41965
0b003101 0b001201 10000 100 343 16497829 90134 83512
0b001d01 0b000401 10000 100 182 16524534 81833 83384
0b000201 0b005001 10000 100 859 16549567 85904 83925
0b004e01 0b003601 10000 100 1670 16644383 87460 84612
0b007701 0b004301 10000 100 608 16622986 113927 83724
0b005201 0b003801 10000 100 1028 16630994 120365 84099
0b004a01 0b005701 10000 100 1658 16701812 85370 84603
0b005301 0b006d01 10000 100 1093 16713754 83656 84151
0b000801 0b003501 10000 100 64640 16658063 140172 137408
0b002f01 0b004401 10000 100 993 16697262 136741 84032
0b003d01 0b004601 10000 100 118 16793283 81581 83332
0b000001 0b004e01 10000 100 137 16795632 88821 83348
0b001801 0b004b01 10000 100 6968169 9645525 7244660 5925344
0b007e01 0b000e01 10000 100 969 16849655 85064 84013
0b002601 0b000601 10000 100 2478 16831903 112268 85297
0b004601 0b004901 10000 100 364 16916504 41567 41929
0b004901 0b002c01 10000 100 260 16855194 122519 83446
0b007a01 0b000401 10000 100 7425 16922586 96485 89447
0b006c01 0b000401 10000 100 730 16968485 82955 83822
0b000401 0b005c01 10000 100 1124739 15705744 1394913 1026191
0b004701 0b003901 10000 100 44080 16919672 187483 120192
0b006101 0b003701 10000 100 204 17140015 83146 83401
0b006c01 0b001001 10000 100 280 17216837 81240 83462
0b000301 0b001d01 10000 100 714 17305645 82993 83809
0b006b01 0b003701 10000 100 64340 17254573 139672 137168
0b007401 0b000d01 10000 100 5476 17357239 92133 87811
0b002501 0b007f01 10000 100 5778628 12181138 5314485 4928016
0b003701 0b001501 10000 100 231 17424645 81186 83423
0b000201 0b005f01 10000 100 324 17424089 82361 83497
0b000501 0b006f01 10000 100 510 17420041 93702 83646
0b003d01 0b003e01 10000 100 124 17493268 40408 41737
0b005701 0b007101 10000 100 1466 17449985 86173 84449
0b007d01 0b006e01 10000 100 564 17481823 82379 83689
0b002a01 0b002001 10000 100 1191 17546672 41963 42629
0b003501 0b006101 10000 100 1161 17566487 84130 84205
0b007601 0b007301 10000 100 7713 17686809 53137 48077
0b006101 0b001301 10000 100 821 17668148 83957 83895
0b007101 0b006401 10000 100 610 17687171 82392 83726
0b007101 0b007501 10000 100 459 17749104 41461 42005
0b005301 0b007901 10000 100 17034 17751358 98722 97518
0b003501 0b001d01 10000 100 547 17777074 82096 83676
0b005a01 0b007a01 10000 100 739759 14618609 3280542 703423
0b002d01 0b007101 10000 100 1069347 16868617 1031731 979765
0b007501 0b001d01 10000 100 1052 17833917 83639 84118
0b006001 0b007401 10000 100 1017 17866794 84489 84090
0b004c01 0b003301 10000 100 700 17905672 82584 83798
0b007501 0b006201 10000 100 1825 17922209 84984 84736
0b000a01 0b005e01 10000 100 856 17912696 101731 83923
0b001d01 0b007d01 10000 100 369 17953937 81940 83533
0b004101 0b002c01 10000 100 845 18018662 83048 83914
0b003301 0b006901 10000 100 339 18021490 81428 83509
0b005e01 0b001101 10000 100 247 18023472 86373 83436
0b004701 0b001901 10000 100 18773 18021826 98446 98948
0b003f01 0b002801 10000 100 599 18017951 108191 83717
0b002b01 0b006601 10000 100 24290 18007128 136363 103592
0b005b01 0b003001 10000 100 595 18154704 114805 83714
0b000d01 0b002501 10000 100 484 18211486 83532 83625
0b005b01 0b006701 10000 100 607 18316947 83758 83724
0b006101 0b003c01 10001 100 1697818 16468815 1967311 1506657
0b000d01 0b005701 10000 100 1780409 15445095 3067532 1575917
0b007e01 0b002701 10000 100 1604 18509990 85741 84560
0b007901 0b005501 10000 100 740 18568025 83138 83830
0b001d01 0b000d01 10000 100 840 18656571 83051 83910
0b003401 0b003901 10000 100 146 18772531 40406 41755
0b003701 0b007901 10000 100 1288 18775316 83812 84307
0b006301 0b000b01 10000 100 1207 18821915 84422 84242
0b004201 0b001c01 10000 100 59905 18773100 144652 133428
0b002b01 0b006a01 10000 100 58349 18742221 180303 132144
0b000101 0b006801 10000 100 793 18805150 130850 83872
0b000501 0b005b01 10000 100 246 18845731 117276 83435
0b003801 0b004001 10000 100 172 18965649 119432 83376
0b001701 0b004301 10000 100 861 19053760 90536 83927
0b003701 0b002201 10000 100 1007 19111398 83592 84082
0b004801 0b002901 10000 100 42565 19160846 153753 118903
0b005e01 0b005201 10000 100 128 19354022 41023 41740
0b003101 0b005001 10000 100 1018 19316999 92164 84091
0b003201 0b000a01 10000 100 8935 19362157 101184 90693
0b005901 0b001101 10000 100 213042 18894894 611701 261851
0b000401 0b005401 10000 100 7170 19432552 95249 89243
0b002901 0b005501 10000 100 882 19474372 83395 83944
0b001701 0b001b01 10000 100 475 19547960 40932 42018
0b000601 0b006501 10000 100 3991 19504974 91625 86546
0b007a01 0b004401 10000 100 172 19500477 107924 83376
0b007401 0b005f01 10000 100 7075 19517342 92207 89167
0b002201 0b002a01 10000 100 1682 19575182 42356 43022
0b002b01 0b004801 10000 100 173 19565634 82763 83376
0b005b01 0b007001 10000 100 186 19615352 82522 83387
0b004e01 0b000d01 10000 100 598 19629633 83000 83716
0b005101 0b007001 10000 100 9024 19671444 96611 90803
0b003d01 0b003a01 10000 100 923 19778230 42348 42376
0b002701 0b000901 10000 100 8572 19820229 96148 90403
0b003d01 0b006001 10000 100 665 19858286 82820 83770
0b004701 0b002501 10000 100 562 19875589 82970 83688
0b003d01 0b002001 10000 100 447 19898735 81805 83596
0b004a01 0b001e01 10000 100 1589798 15548055 4444374 1416094
0b002201 0b000401 10000 100 1061 19910171 85066 84125
0b000401 0b006001 10000 100 894 19944035 83625 83953
0b001a01 0b000e01 10000 100 1070 20003870 89706 84132
0b007101 0b004001 10000 100 543 20028086 82755 83672
0b005101 0b001301 10000 100 546 19979623 146114 83675
0b000c01 0b004a01 10000 100 1770 20167873 85666 84692
0b004101 0b000601 10000 100 61044 20111147 159075 134416
0b003201 0b007901 10000 100 127 20203756 80752 83340
0b003701 0b006301 10000 100 1743 20169791 124144 84671
0b004101 0b000f01 10000 100 736 20332367 82700 83827
0b003b01 0b006201 10000 100 2446 20427393 89778 85272
0b004001 0b005501 10000 100 146 20406375 126377 83355
0b006401 0b000501 10000 100 606 20464143 108559 83723
0b003c01 0b007c01 10000 100 68102 20421540 191751 140331
0b004001 0b005e01 10000 100 971142 18917513 1709667 897438
0b007a01 0b004501 10000 100 138 20561160 81741 83348
0b005201 0b007601 10000 100 99677 20450039 245860 166781
0b005501 0b002701 10000 100 1396 20611286 85759 84393
0b004001 0b002801 10000 100 12618563 4668371 16029537 10662620
0b000901 0b007901 10000 100 142 20584812 122094 83352
0b002501 0b003701 10000 100 813 20628511 83602 83888
0b001601 0b002f01 10001 100 4850 20637129 89065 87272
0b004f01 0b006a01 10000 100 337 20662953 81877 83508
0b005b01 0b006701 10001 100 776 20651657 108116 83859
0b003701 0b005b01 10000 100 510 20683146 118652 83646
0b004801 0b001d01 10000 100 96145 20600708 242953 163840
0b001701 0b001a01 10000 100 4591 20846797 46609 45464
0b007b01 0b007101 10000 100 541 20913112 41335 42071
0b001a01 0b006e01 10000 100 842 20897573 84395 83912
0b007501 0b001701 10000 100 1679 21014561 84726 84620
0b006801 0b007d01 10000 100 1675 21026801 111771 84616
0b002201 0b004301 10000 100 329 21060707 81396 83501
0b004b01 0b005201 10000 100 1775 21059833 84202 84696
0b004001 0b004e01 10000 100 413 21173886 40832 41968
0b000c01 0b005501 10000 100 82433 21022715 226547 152333
0b000501 0b006301 10000 100 938 21154185 113322 83988
0b002001 0b004f01 10000 100 42976 21178723 120393 119232
0b000101 0b002e01 10000 100 2357 21181155 129224 85200
0b004401 0b001c01 10001 100 17129 21259828 101862 97594
0b004501 0b007401 10000 100 648 21282142 83045 83756
0b004b01 0b005e01 10001 100 663 21239177 126643 83768
0b002a01 0b004c01 10000 100 100 21310419 80664 83318
0b000f01 0b004001 10000 100 531 21326263 83085 83663
0b000501 0b003901 10000 100 114 21393611 81720 83329
0b007701 0b001201 10000 100 618 21459097 82620 83732
0b001401 0b005601 10000 100 1763 21477417 121463 84687
0b002c01 0b004801 10000 100 2584 21571478 85912 85382
0b003301 0b000b01 10000 100 103 21627303 80899 83320
0b007e01 0b003801 10000 100 1486 21628753 85024 84465
0b001901 0b004001 10000 100 980 21671481 83480 84022
0b003601 0b006e01 10000 100 619 21706248 82650 83733
0b004201 0b004d01 10000 100 1813 21759050 42460 43127
0b003f01 0b002501 10000 100 283 21733385 82166 83464
0b005001 0b007a01 10000 100 234 21771393 82070 83425
0b005e01 0b003c01 10000 100 740 21795038 84154 83830
0b005501 0b003001 10000 100 203 21821799 121726 83400
0b003101 0b003601 10000 100 83929 21760623 196966 111968
0b007901 0b007401 10000 100 963114 21119241 848613 849108
0b000601 0b006001 10000 100 808 21899350 83726 83884
0b005901 0b000f01 10000 100 1760108 15075115 6932705 1558908
0b006901 0b003b01 10000 100 1189 21965720 136935 84228
0b003c01 0b006401 10000 100 406 21997133 118795 83563
0b000b01 0b004401 10000 100 178 22052695 93059 83380
0b007601 0b002001 10000 100 743033 20844806 1327442 706196
0b003f01 0b004401 10000 100 3915 22091646 88329 86485
0b000201 0b005201 10000 100 700 22128260 84454 83798
0b005801 0b006801 10000 100 1025 22125848 117633 84096
0b001a01 0b007801 10000 100 490 22182364 83239 83630
0b004d01 0b003701 10000 100 909 22176504 92693 83965
0b005001 0b005801 10000 100 2463 22309881 43018 43685
0b007201 0b005a01 10000 100 196 22328453 82302 83395
0b003001 0b005601 10000 100 530 22415469 83868 83662
0b007001 0b000601 10000 100 93071 22336653 224436 161266
0b005701 0b007601 10000 100 2276 22500372 86033 85136
0b001c01 0b005401 10000 100 808 22507314 84321 83884
0b004b01 0b002001 10000 100 1644 22489387 124031 84592
0b006901 0b007201 10001 100 244 22534781 82324 83433
0b000a01 0b006101 10000 100 159 22550347 82030 83365
0b007c01 0b007401 10000 100 405 22601868 40820 41962
0b003201 0b000901 10000 100 654 22652014 87802 83761
0b002001 0b002e01 10000 100 755 22706355 41739 42242
0b006c01 0b002501 10000 100 160 22663555 107256 83366
0b005e01 0b007b01 10000 100 438 22749515 82395 83588
0b004101 0b001301 10000 100 1115 22752235 85595 84168
0b005901 0b000f01 10001 100 2838 22734800 110134 85585
0b001501 0b000801 10000 100 445 22768343 91265 83594
0b002901 0b000a01 10000 100 1356 22835195 86535 84361
0b006b01 0b005a01 10000 100 613 22839536 85632 83728
0b004901 0b002701 10000 100 1172 22875223 83720 84214
0b002801 0b003101 10000 100 668 23044073 83025 83772
0b001d01 0b006601 10000 100 362684 22753212 386647 387286
0b001301 0b003501 10000 100 431 23057958 82065 83583
0b001c01 0b007001 10000 100 2539 23098313 86624 85346
0b001301 0b007601 10000 100 246632 22664820 540384 289990
0b006101 0b004401 10000 100 30728 23037475 195122 108972
0b001901 0b000201 10000 100 936868 21391254 1891219 868675
0b001201 0b000f01 10000 100 346 23327404 82255 83515
0b002e01 0b005c01 10000 100 852 23332433 85782 83920
0b001501 0b005501 10000 100 9962 23343352 97823 91553
0b001f01 0b002901 10000 100 171 23396457 83069 83375
0b005701 0b005901 10000 100 1769 23458516 42658 43092
0b007101 0b000f01 10000 100 1341 23447097 98518 84349
0b005801 0b006e01 10000 100 2330 23504286 87583 85179
0b003f01 0b003701 10000 100 2051 23576811 43848 43356
0b003601 0b004f01 10000 100 1756356 21846973 1778848 1555753
0b002d01 0b002b01 10000 100 5896 23589453 47716 46547
0b006201 0b005c01 10000 100 1941 23562920 113399 84829
0b005201 0b007c01 10000 100 531 23563180 149824 83663
0b000601 0b000101 10000 100 149 23710520 40410 41757
0b000501 0b002b01 10000 100 1406 23667614 85446 84401
0b001001 0b005901 10000 100 1492 23706178 84472 84470
0b001301 0b001f01 10000 100 626 23757565 55271 42139
0b002d01 0b002201 10000 100 172 23796854 40448 41776
0b003801 0b005d01 10000 100 1481 23830060 83986 84461
0b001a01 0b001c01 10000 100 543 23964154 41137 42072
0b005b01 0b002c01 10000 100 9065 23958538 107452 90836
0b005b01 0b007001 10001 100 1014 23990072 101033 84088
0b004401 0b003f01 10000 100 739 24034014 83034 83829
0b004601 0b001a01 10000 100 3142886 18766161 5361537 2718200
0b007301 0b006601 10000 100 274 24034647 119277 83457
0b004c01 0b005801 10000 100 708 24106973 83058 83804
0b002001 0b004d01 10000 100 8918 24059972 145102 90680
0b006601 0b007d01 10000 100 998 24110434 100729 84036
0b005901 0b007f01 10000 100 1794 24066799 155186 84712
0b005a01 0b001c01 10000 100 261 24150947 81818 83447
0b004901 0b007501 10000 100 1473 24168190 84106 84455
0b000101 0b007c01 10000 100 8399 24166598 95534 90264
0b006201 0b005b01 10000 100 1090 24251067 96428 84148
0b006001 0b001701 10000 100 970 24282707 123722 84014
0b007f01 0b004701 10000 100 1051 24353185 84161 84117
0b003101 0b001501 10000 100 1229 24396902 99576 84260
0b000101 0b001201 10000 100 1077 24435057 84461 84138
0b003e01 0b004101 10000 100 317 24442546 81447 83492
0b000701 0b002901 10000 100 7868 24487215 95513 89801
0b007701 0b006601 10000 100 1598 24506269 84060 84555
0b006201 0b004b01 10000 100 356 24508337 82411 83523
0b002301 0b001d01 10000 100 1343119 23323845 1305379 1209304
0b003801 0b002101 10000 100 281 24587972 101780 83463
0b001101 0b003601 10000 100 57479 24627078 146398 131410
0b002401 0b004b01 10000 100 1030 24758898 83830 84100
0b005b01 0b003801 10000 100 78078 24592777 311758 148696
0b004001 0b002401 10000 100 36454 24743769 182018 113784
0b001101 0b003801 10000 100 510 24851564 81976 83646
0b006001 0b002401 10000 100 4807 24864583 87094 87237
0b003d01 0b002a01 10000 100 122 24949511 83468 83336
0b000c01 0b000401 10000 100 715 24991546 41692 42210
0b007b01 0b002201 10000 100 1856 24976580 87273 84761
0b003901 0b005f01 10000 100 751 25035036 83435 83839
0b002601 0b007901 10000 100 1263229 23334944 1791235 1142320
0b001301 0b005101 10000 100 146 25020263 119443 83355
0b005b01 0b006101 10000 100 723 25142362 163110 83816
0b004b01 0b003201 10000 100 1534973 22274653 3044156 1370122
0b006701 0b005601 10000 100 229 25237938 99786 83421
0b002301 0b002e01 10000 100 1036 25415271 61101 42505
0b005f01 0b000d01 10000 100 37601 25302915 191183 114740
0b003b01 0b005601 10000 100 9914 25434567 114053 91515
0b003201 0b000b01 10000 100 49883 25353424 207916 125026
0b005401 0b000d01 10000 100 20566 25458356 112170 100459
0b006401 0b002301 10000 100 8045 25485313 100116 89981
0b001d01 0b002901 10000 100 848 25528693 83058 83916
0b000001 0b007201 10000 100 1282 25563794 108560 84302
0b000c01 0b003d01 10000 100 1865 25590602 86127 84768
0b003601 0b001001 10000 100 714 25566768 123757 83809
0b001a01 0b006b01 10000 100 280 25625243 81240 83462
0b005201 0b002f01 10000 100 951 25689449 83746 83999
0b002601 0b006d01 10000 100 971 25703542 83452 84015
0b002001 0b006601 10000 100 272 25713822 81713 83456
0b000d01 0b001801 10000 100 437 25810271 93779 83588
0b006801 0b000401 10000 100 292 25838327 81953 83472
0b007201 0b006201 10000 100 235017 24718341 1212653 280276
0b005e01 0b007601 10000 100 817 25853031 83226 83892
0b007101 0b005301 10000 100 679 25913145 83466 83781
0b004501 0b002501 10000 100 449 25957218 82718 83597
0b000801 0b007d01 10000 100 145 25883721 156939 83354
0b006d01 0b003301 10000 100 4321 25972377 89056 86848
0b000001 0b003a01 10000 100 548 25996876 82096 83676
0b006301 0b007201 10000 100 404 26007837 82225 83561
0b003501 0b005701 10000 100 1262 26007150 93550 84286
0b003401 0b007401 10000 100 1748 26066765 84180 84675
0b000001 0b005e01 10000 100 1471 26085623 125428 84453
0b004f01 0b001501 10000 100 883 26134548 83958 83944
0b004f01 0b003301 10000 100 585 26169070 83339 83706
0b002701 0b004701 10000 100 114 26261064 80708 83329
0b001c01 0b004201 10001 100 1529 26256980 85287 84500
0b007101 0b002e01 10000 100 811588 23406384 2961274 763651
0b004b01 0b007e01 10000 100 5282 26340625 89674 87656
0b004001 0b006601 10000 100 401 26329397 114095 83559
0b005801 0b005d01 10000 100 4213 26425001 47216 45162
0b000d01 0b000801 10000 100 26328906 1341924 25208987 22115758
0b007001 0b006d01 10000 100 3099671 18569972 8004811 2681976
0b004101 0b003701 10000 100 881 26518989 84738 83943
0b001d01 0b004501 10000 100 51643 26551563 127724 126511
0b006601 0b000601 10000 100 1702 26594485 96742 84638
0b000d01 0b002301 10000 100 2526 26629129 85793 85336
0b006e01 0b000301 10000 100 858 26640697 135250 83924
0b007b01 0b001401 10000 100 1477 26700598 84616 84458
0b005201 0b007601 10001 100 285 26781729 81731 83466
0b007701 0b001501 10000 100 5299 26785503 118038 87669
0b007201 0b002701 10000 100 249778 26404356 500175 292622
0b005e01 0b004201 10000 100 762197 25976138 953150 722256
0b002201 0b005901 10000 100 393 26826926 104015 83552
0b001d01 0b001201 10000 100 11449 26925136 51182 51220
0b006e01 0b005401 10000 100 487 26916673 83561 83628
0b004c01 0b004701 10000 100 1626 26964472 42311 42977
0b003e01 0b001901 10000 100 635754 26187596 823711 616225
0b005a01 0b002101 10000 100 573051 23641719 3431821 563682
0b004d01 0b000b01 10000 100 1642 27010847 84144 84590
0b000901 0b004401 10000 100 1328 26984940 112194 84339
0b006501 0b006c01 10000 100 341 27089079 44686 41911
0b002201 0b004401 10000 100 830 27053045 83186 83902
0b004001 0b006901 10000 100 873 27064021 83869 83936
0b005d01 0b006801 10000 100 1835 27088128 84618 84744
0b001d01 0b007301 10000 100 809 27075447 112876 83885
0b000801 0b004501 10000 100 288 27109767 84400 83468
0b000401 0b005901 10000 100 206 27132102 81532 83403
0b005b01 0b005301 10000 100 305 27187489 40990 41882
0b000801 0b003b01 10000 100 2207 27110329 123368 85080
0b003801 0b005b01 10000 100 636 27215197 83710 83747
0b005601 0b003801 10000 100 522 27218194 90887 83656
0b002a01 0b003801 10000 100 5138 27310167 88198 87540
0b006f01 0b005801 10000 100 234 27318818 82249 83425
0b002c01 0b003201 10000 100 715 27354376 83135 83810
0b000201 0b003c01 10000 100 189 27327774 111281 83389
0b000901 0b006601 10000 100 645 27392727 141070 83754
0b002501 0b002d01 10000 100 1254 27496572 42013 42680
0b005901 0b002401 10000 100 962 27480177 83424 84008
0b000701 0b001701 10000 100 292 27598487 90505 83472
0b004901 0b002b01 10000 100 7506 27575177 143678 89512
0b002601 0b004501 10000 100 1657 27662077 84108 84602
0b004801 0b003f01 10000 100 207 27701359 81444 83404
0b000c01 0b004d01 10000 100 824 27696424 93171 83897
0b007c01 0b003901 10000 100 1600 27797680 84370 84556
0b006601 0b001501 10000 100 137 27852671 80784 83348
0b003301 0b005601 10000 100 1806144 23254264 4701179 1597504
0b000f01 0b004101 10000 100 173 27874378 86357 83376
0b002e01 0b004801 10000 100 364 27919293 82218 83529
0b007201 0b003701 10000 100 5791 27967367 91393 88063
0b001401 0b005401 10000 100 85986 27840874 231035 155291
0b007c01 0b005701 10000 100 198 27964453 108601 83396
0b001401 0b005901 10000 100 145 28287893 80808 83354
0b000001 0b003201 10000 100 8001 28336597 94953 89946
0b000b01 0b003601 10000 100 625813 26376361 2063981 607888
0b005a01 0b007c01 10000 100 647 28397301 83094 83756
0b004d01 0b000001 10000 100 563 28438376 87098 83688
0b005a01 0b007101 10000 100 5389 28519324 115005 87741
0b007001 0b006201 10000 100 355 28521119 120349 83522
0b006901 0b001301 10000 100 3857 28587111 86692 86439
0b002701 0b002301 10000 100 998379 27876424 877599 878664
0b001701 0b005f01 10000 100 1992 28737153 85208 84870
0b004a01 0b002001 10000 100 1289586 27804302 1163395 1164404
0b005e01 0b005501 10000 100 768 28960817 41400 42252
0b007301 0b002e01 10000 100 70949 28817615 229680 142685
0b000f01 0b003501 10000 100 1693 28979804 85091 84631
0b002601 0b007501 10000 100 1612 28981293 108472 84566
0b004f01 0b007701 10000 100 3446 29094585 86896 86110
0b003601 0b000c01 10000 100 2264 29100312 85500 85126
0b005e01 0b003201 10000 100 1659 29151566 84109 84604
0b002b01 0b000201 10000 100 2669 29139915 114524 85450
0b001201 0b005f01 10000 100 110 29174884 81098 83326
0b007f01 0b007701 10000 100 2072 29317945 42706 43372
0b003701 0b003f01 10000 100 1755496 27864206 1584412 1513427
0b006c01 0b003d01 10000 100 599 29372775 84256 83717
0b005e01 0b007901 10000 100 70362 29283984 200275 142216
0b006d01 0b004701 10000 100 51437 29327169 172675 126346
0b007401 0b007901 10000 100 1075 29491278 41977 42536
0b005a01 0b001b01 10001 100 156 29514544 121367 83363
0b003901 0b004501 10000 100 1303 29589614 83824 84319
0b005c01 0b001501 10000 100 834 29565891 118919 83905
0b000c01 0b005a01 10000 100 1751 29661788 86985 84677
0b007b01 0b005501 10000 100 171 29664072 101070 83375
0b001d01 0b006e01 10000 100 8072 29655044 117694 90003
0b003f01 0b000701 10000 100 917 29709706 91971 83972
0b007101 0b005301 10001 100 91830 29630377 191021 160196
0b004201 0b003a01 10000 100 52396 29654221 191856 127152
0b003d01 0b006e01 10000 100 817 29771225 84706 83892
0b007901 0b003201 10000 100 2163 29827232 86847 85045
0b004b01 0b001201 10000 100 799 29863291 83301 83877
0b006301 0b005b01 10000 100 271 29866889 81934 83455
0b005701 0b002701 10000 100 247 29871690 113741 83436
0b001001 0b006a01 10000 100 770 29909733 124503 83854
0b000001 0b006101 10000 100 1147 29991415 85112 84194
0b001101 0b001201 10000 100 614947 29532113 613867 557173
0b000401 0b003d01 10000 100 7830 30082423 94822 89771
0b003701 0b005501 10000 100 285 30168554 81392 83466
0b003801 0b000a01 10000 100 152813 29788935 461864 211325
0b001801 0b006e01 10000 100 1850 30130534 152312 84756
0b005701 0b000501 10000 100 170 30208450 82605 83374
0b002901 0b000f01 10000 100 815 30208535 82952 83890
0b003f01 0b005901 10000 100 996 30249359 83708 84035
0b001901 0b007301 10000 100 9576 30243556 91489 91244
0b003301 0b002601 10000 100 417 30266517 82510 83572
0b001f01 0b002501 10000 100 4917 30401786 93317 87325
0b000a01 0b003701 10000 100 960 30435609 84198 84006
0b000c01 0b004a01 10001 100 1253 30439394 89551 84279
0b001901 0b000601 10000 100 220 30492251 87322 83414
0b002301 0b000601 10000 100 836 30524180 90483 83907
0b003801 0b002a01 10000 100 211 30554398 81759 83407
0b005701 0b005201 10000 100 1019 30595513 41825 42492
0b004c01 0b002801 10000 100 662 30558856 82464 83768
0b001401 0b001f01 10000 100 975 30600571 41888 42418
0b006b01 0b007701 10000 100 192 30594701 80960 83392
0b003501 0b007c01 10000 100 1213 30554691 122186 84247
0b001f01 0b005b01 10000 100 280 30634012 83113 83462
0b003b01 0b000e01 10000 100 300 30616908 114479 83478
0b007f01 0b006901 10000 100 268 30703770 129377 83452
0b002f01 0b002801 10000 100 828 30800769 42124 42300
0b005d01 0b005b01 10000 100 3392 30809010 44919 44467
0b007b01 0b004401 10000 100 1625 30789302 85352 84576
0b002e01 0b000d01 10000 100 690 30842696 89992 83790
0b003f01 0b007201 10000 100 1507 30833402 120501 84482
0b001301 0b004e01 10000 100 2364 30898248 84759 85206
0b001c01 0b003201 10000 100 371 30927458 81809 83535
0b001901 0b004301 10000 100 8161 30964842 90222 90074
0b003401 0b006401 10000 100 499 31021749 82743 83637
0b000601 0b001701 10000 100 7607 31078921 94651 89592
0b001801 0b005901 10000 100 1625 31123466 84619 84576
0b003801 0b002501 10000 100 158969 30851649 370117 216480
0b002901 0b006401 10000 100 127 31154786 81205 83340
0b006401 0b004401 10000 100 996 31230116 83549 84035
0b005b01 0b000701 10000 100 76262 31003613 402532 147166
0b000501 0b007e01 10000 100 982 31325029 84280 84024
0b005701 0b003f01 10000 100 4736 31331486 110957 87180
0b006f01 0b007b01 10000 100 68946 31165147 292306 141006
0b004e01 0b002301 10000 100 714 31364885 117588 83809
0b007001 0b002101 10000 100 528 31490318 83276 83660
0b001001 0b001f01 10000 100 435 31577081 41789 41986
0b003c01 0b004801 10000 100 146 31631727 81031 83355
0b007601 0b004b01 10000 100 621 31660004 119053 83735
0b007001 0b007a01 10000 100 1005 31755005 41820 42480
0b003d01 0b003901 10000 100 100 31783520 40567 41718
0b000301 0b004b01 10000 100 2731 31758582 90755 85500
0b000b01 0b001901 10000 100 778 31999990 87820 83860
0b001801 0b007e01 10000 100 885 32027525 83995 83946
0b001501 0b001f01 10000 100 1743 32121100 42404 43071
0b001001 0b005601 10000 100 1784 32019983 147462 84704
0b005401 0b001101 10000 100 814 32106433 96656 83889
0b006a01 0b005101 10000 100 797 32105420 106915 83876
0b001501 0b002201 10000 100 150 32185315 80826 83358
0b005b01 0b005c01 10000 100 67593 32033203 269902 98285
0b000201 0b000601 10000 100 167 32268953 41139 41772
0b003001 0b002301 10000 100 8382 32226455 89754 90251
0b000901 0b004501 10000 100 393 32264864 119332 83552
0b007d01 0b004901 10000 100 407 32358343 81648 83564
0b005101 0b007001 10001 100 320 32328904 112769 83494
0b000c01 0b001b01 10000 100 305553 31425800 1025424 339392
0b007801 0b001501 10000 100 2454 32403562 117990 85278
0b005401 0b001401 10000 100 140 32503651 82401 83350
0b005e01 0b000301 10000 100 3745 32605458 89180 86349
0b003101 0b003901 10000 100 99003 32520912 212402 124642
0b004f01 0b003201 10000 100 513 32658531 81984 83648
0b003d01 0b001701 10000 100 1441632 26633035 6113935 1291878
0b003b01 0b005701 10000 100 733429 30866932 2027775 698128
0b004801 0b007201 10000 100 6032 32778336 139252 88294
0b003301 0b000c01 10000 100 273 32892355 82538 83456
0b002801 0b001501 10000 100 456 32946604 82889 83603
0b006401 0b002c01 10000 100 915 33033236 83272 83970
0b006e01 0b006301 10000 100 1036 33077529 41839 42505
0b007c01 0b001701 10000 100 238 33082015 82034 83428
0b005501 0b001601 10000 100 7034 33099666 91470 89134
0b007301 0b003d01 10000 100 1179 33171303 84797 84220
0b006701 0b006e01 10000 100 451 33323063 40987 41999
0b004501 0b003001 10000 100 912 33321265 83264 83968
0b002501 0b007b01 10000 100 1734 33291503 119582 84664
0b004901 0b000301 10000 100 23850 33290789 126090 103201
0b007701 0b002801 10000 100 1268 33396582 115654 84291
0b007c01 0b001c01 10000 100 5487 33428131 91244 87820
0b004801 0b007e01 10000 100 19262331 12926549 20676609 16232764
0b005001 0b007801 10000 100 358 33519199 114106 83524
0b007e01 0b000c01 10000 100 81568 33454953 233433 151603
0b007301 0b002d01 10000 100 229 33589687 104488 83421
0b002d01 0b006001 10000 100 396 33619210 103710 83555
0b000b01 0b006601 10000 100 618 33677492 109517 83732
0b000f01 0b005e01 10000 100 200 33733729 83208 83398
0b006201 0b001e01 10000 100 394 33758794 81924 83553
0b005701 0b002301 10000 100 6737 33771826 135682 88858
0b002c01 0b001201 10000 100 1145 33876701 83698 84192
0b002401 0b005001 10000 100 78034 33759770 213160 148660
0b005601 0b006701 10000 100 553 34031915 84068 83680
0b001a01 0b001e01 10000 100 619 34122617 43057 42133
0b007701 0b002501 10000 100 677 34118677 84506 83780
0b003f01 0b004601 10000 100 113 34165290 81618 83328
0b000f01 0b000201 10000 100 2361 34213431 43368 43604
0b004301 0b007e01 10000 100 503 34200141 81965 83640
0b003101 0b000701 10000 100 314 34183252 113098 83489
0b006301 0b007c01 10000 100 827 34196096 107006 83900
0b003f01 0b000401 10000 100 698 34216025 91233 83796
0b003a01 0b007901 10000 100 928 34240361 83312 83980
0b000801 0b003701 10000 100 107 34279021 81826 83324
0b000901 0b001b01 10000 100 272 34280653 81216 83456
0b000a01 0b001801 10000 100 766 34302980 83109 83851
0b004001 0b005401 10000 100 456477 33163259 1223081 465930
0b007301 0b003901 10001 100 476 34407527 82252 83619
0b007c01 0b004501 10000 100 1329 34485497 83845 84340
0b001001 0b000201 10000 100 1947 34500971 84524 84834
0b001b01 0b000401 10000 100 113 34514340 81524 83328
0b001901 0b002301 10000 100 4718 34536959 88358 87166
0b005001 0b003301 10000 100 570 34549750 98955 83694
0b000501 0b006001 10000 100 2605 34562074 144322 85399
0b001801 0b005801 10000 100 6039 34648644 91499 88300
0b007201 0b007701 10000 100 1420 34741945 42146 42812
0b002801 0b007b01 10000 100 490 34735203 83325 83630
0b004a01 0b002601 10000 100 1562 34703982 122712 84526
0b005101 0b004801 10000 100 906 34722449 110693 83963
0b003601 0b002301 10000 100 525 34757564 82728 83658
0b000a01 0b006201 10000 100 1183 34759380 92773 84223
0b007001 0b001c01 10000 100 823 34862726 83482 83896
0b002701 0b006301 10000 100 1743 34945052 84702 84671
0b000401 0b003001 10000 100 126 34957398 80748 83339
0b006701 0b006501 10000 100 8945 35046492 61771 49101
0b002601 0b000b01 10000 100 982 35032170 92051 84024
0b000f01 0b000701 10000 100 102 35095340 40336 41720
0b005801 0b006501 10000 100 32429739 4150112 30991780 27272303
0b001001 0b005001 10000 100 1651 35035768 127453 84597
0b004201 0b004401 10000 100 1107 35140816 41896 42562
0b003301 0b002a01 10000 100 298 35113896 121652 83476
0b003301 0b004e01 10000 100 643 35171141 82548 83752
0b002c01 0b003d01 10000 100 110 35236087 81480 83326
0b007501 0b003b01 10000 100 43577 35150964 278307 119751
0b000a01 0b000f01 10000 100 922 35410761 42088 42376
0b004e01 0b007701 10000 100 4751 35392086 95520 87192
0b001201 0b000f01 10001 100 815 35409919 84277 83890
0b004f01 0b001701 10000 100 14066 35439662 102943 95028
0b002701 0b002601 10000 100 769 35603359 41782 42253
0b000901 0b003501 10000 100 171 35550952 109276 83375
0b002801 0b001101 10000 100 394 35727095 81754 83553
0b005801 0b001101 10000 100 118 35743451 82249 83332
0b002801 0b004301 10000 100 244 35879729 118460 83433
0b003801 0b001501 10000 100 593 35930068 83501 83712
0b004301 0b003901 10000 100 698 35948111 82576 83796
0b007a01 0b002b01 10000 100 14982698 4399389 31652843 12644705
0b001b01 0b007b01 10000 100 460 35998996 84957 83606
0b006701 0b001001 10000 100 1365 36004626 89979 84368
0b003501 0b006101 10001 100 334 36139672 87497 83505
0b004601 0b006a01 10000 100 162 36154840 81432 83368
0b003401 0b002901 10000 100 4945 36233735 93841 87348
0b007401 0b003e01 10000 100 373 36347243 82003 83536
0b004001 0b000501 10000 100 715 36351224 83250 83810
0b000f01 0b000101 10000 100 1005 36409692 41856 42480
0b004e01 0b002a01 10000 100 462 36376598 98329 83608
0b006101 0b000401 10000 100 646 36388986 140448 83755
0b000601 0b007901 10001 100 1319789 35199645 1347422 1189719
0b001f01 0b006601 10000 100 380 36450703 112885 83542
0b002e01 0b006601 10000 100 1076 36523414 107983 84137
0b000801 0b002a01 10000 100 785 36560592 82977 83866
0b003601 0b002a01 10000 100 25967 36596190 123767 104972
0b001701 0b006901 10000 100 900 36712136 83867 83958
0b001401 0b005f01 10000 100 1120 36765520 83678 84172
0b002501 0b002e01 10000 100 548 36817678 41341 42076
0b000a01 0b000e01 10000 100 248 36839785 41283 41836
0b005001 0b004c01 10000 100 8096 36862878 90532 90022
0b005401 0b004f01 10000 100 4167 36966385 86374 86725
0b007d01 0b007601 10000 100 404 37017317 41380 41961
0b005d01 0b003101 10000 100 1111 36977159 84701 84165
0b001401 0b002301 10000 100 211 36983870 106284 83407
0b004301 0b000a01 10000 100 532 37073194 113008 83664
0b000401 0b000c01 10000 100 30540 37121515 77761 67222
0b001b01 0b006001 10000 100 1845913 35452347 1815157 1630816
0b007401 0b006201 10000 100 495 37189698 102828 83634
0b007701 0b003001 10000 100 42823 37191492 118598 119109
0b003a01 0b007501 10000 100 273 37272087 122445 83456
0b005b01 0b001001 10000 100 533 37326019 82893 83664
0b002401 0b001d01 10000 100 2327 37338317 87256 85176
0b004701 0b004001 10000 100 1146 37383687 41927 42593
0b003501 0b006201 10000 100 1434961 36162040 1329116 1286272
0b002d01 0b001501 10000 100 4654 37453819 88018 87115
0b001c01 0b006e01 10000 100 898 37479293 83375 83956
0b000c01 0b006101 10000 100 732 37447014 126976 83824
0b006e01 0b004a01 10000 100 633 37473488 118894 83744
0b003c01 0b007201 10000 100 644 37501702 126632 83753
0b007c01 0b000101 10000 100 774 37522597 112734 83857
0b001c01 0b000601 10000 100 1350 37548484 93102 84356
0b003b01 0b000001 10000 100 896 37586643 91015 83955
0b003401 0b007601 10000 100 1084 37659142 83730 84144
0b002401 0b005d01 10000 100 1028 37626091 120039 84099
0b006001 0b000e01 10000 100 341 37711189 99293 83511
0b005301 0b007101 10000 100 1412 37774373 84037 84406
0b005c01 0b005901 10000 100 243 37895637 40987 41832
0b004301 0b006001 10000 100 120 37921956 87150 83334
0b003a01 0b001a01 10000 100 742 37950290 83416 83832
0b002401 0b007a01 10000 100 3096 37957948 87507 85830
0b005e01 0b005201 10001 100 521 38025201 41584 42055
0b007801 0b004c01 10000 100 638 37981484 93098 83748
0b005d01 0b006c01 10000 100 373 37993573 81536 83536
0b002b01 0b005f01 10000 100 1334 38037921 84928 84344
0b001701 0b006a01 10000 100 823 38087773 110068 83896
0b000401 0b006b01 10000 100 3483 38110972 88385 86140
0b005501 0b002701 10001 100 9699 38162585 98198 91343
0b003001 0b000901 10000 100 1069 38143832 155531 84132
0b003a01 0b004f01 10000 100 176553 37928646 379884 231239
0b001101 0b007701 10000 100 159 38231645 83119 83365
0b004401 0b006901 10000 100 895108 37491455 836460 833692
0b007a01 0b002201 10000 100 292 38283349 82086 83472
0b006e01 0b003201 10000 100 559 38312048 82380 83685
0b001501 0b006101 10000 100 688 38345373 83163 83788
0b004401 0b002901 10000 100 94203 38255342 219881 162210
0b002b01 0b000c01 10000 100 637 38395972 82607 83748
0b007f01 0b002a01 10000 100 255 38301938 176986 83442
0b002901 0b007b01 10000 100 1796 38411326 86358 84713
0b000301 0b005a01 10000 100 308 38456169 104434 83484
0b003001 0b005a01 10000 100 89242 38269305 306867 158049
0b000201 0b005901 10000 100 662 38504359 92705 83768
0b007f01 0b005e01 10000 100 1547903 37028658 1604620 1380965
0b004801 0b001501 10000 100 1797 38562418 84220 84714
0b002a01 0b004601 10000 100 365 38570442 82430 83530
0b006d01 0b007801 10000 100 235 38653501 113175 83426
0b000f01 0b007401 10000 100 6713 38678685 96317 88839
0b001501 0b005f01 10000 100 6767 38676871 111787 88882
0b007b01 0b003601 10000 100 766 38718278 83927 83851
0b001901 0b004201 10000 100 328 38806663 82765 83500
0b000001 0b002b01 10000 100 1141 38842955 84496 84189
0b002001 0b001d01 10000 100 254 38847346 81438 83441
0b007701 0b006801 10000 100 428 38854402 91179 83580
0b004501 0b000701 10000 100 1785 38852386 121523 84704
0b004101 0b004c01 10000 100 100 38955219 40332 41718
0b001701 0b002e01 10000 100 1821 38918287 108441 84733
0b003601 0b004c01 10000 100 544 38928619 103256 83673
0b002201 0b005d01 10000 100 286 38961723 82707 83467
0b007301 0b003401 10000 100 22899 38953390 107216 102402
0b005801 0b002801 10000 100 92580 38862154 214814 160835
0b007d01 0b002601 10000 100 993 38976845 106850 84032
0b006901 0b006001 10000 100 289205 38837374 283318 284100
0b007501 0b007901 10001 100 8491 39082465 53528 48738
0b001e01 0b006301 10000 100 1702 39075498 86984 84638
0b004801 0b001601 10000 100 1737 39085067 85672 84666
0b002901 0b001501 10000 100 141 39112653 81745 83351
0b006701 0b006301 10000 100 1358 39204719 42096 42763
0b003f01 0b007201 10001 100 358 39171466 81572 83524
0b001b01 0b002901 10000 100 129 39270695 108248 83341
0b006c01 0b000f01 10000 100 341 39336354 82260 83511
0b001701 0b007501 10000 100 48264 39289683 146393 123692
0b006b01 0b006401 10000 100 439 39476170 41271 41989
0b003c01 0b005101 10000 100 1045 39444588 83618 84112
0b005401 0b000201 10000 100 1227 39487233 105794 84258
0b005101 0b000101 10000 100 174 39469902 138433 83377
0b004d01 0b000b01 10001 100 715 39568715 82632 83810
0b005501 0b004e01 10000 100 310 39563166 93737 83486
0b004e01 0b000e01 10000 100 29404 39512548 171191 107875
0b005301 0b005901 10000 100 6919 39643636 49458 47404
0b000801 0b003501 10001 100 166 39595618 103880 83371
0b006c01 0b003a01 10000 100 747 39616761 82998 83836
0b003201 0b003701 10000 100 1468683 38492044 1271702 1272956
0b000301 0b007a01 10000 100 1853 39699428 89779 84759
0b001701 0b007601 10000 100 893 39736943 83978 83952
0b004701 0b004001 10001 100 1781595 38165538 1674661 1535304
0b001c01 0b000601 10001 100 208 39798125 82220 83404
0b000401 0b001301 10000 100 850 39727173 155895 83918
0b002501 0b007e01 10000 100 9196 39918067 92226 90940
0b006b01 0b007b01 10000 100 621 40137071 86176 83735
0b005301 0b001501 10000 100 2941 40192071 86060 85668
0b004d01 0b005301 10000 100 119 40269601 88992 83333
0b005d01 0b001101 10000 100 1772 40304076 87350 84694
0b003c01 0b000301 10000 100 1026 40321408 94650 84097
0b006001 0b003101 10000 100 343 40429636 82936 83512
0b004601 0b005a01 10000 100 712 40453218 84398 83808
0b004801 0b004901 10000 100 853 40518255 41536 42320
0b003501 0b005901 10000 100 1217963 38686511 1895341 1104341
0b006b01 0b003701 10001 100 208 40612091 81008 83404
0b005b01 0b002401 10000 100 176 40639247 143917 83379
0b003401 0b003e01 10000 100 60335 40709070 91520 92210
0b001c01 0b000401 10000 100 1730 40838702 122027 84660
0b006701 0b000b01 10000 100 1046 40843614 140057 84113
0b001101 0b007c01 10000 100 1149 40866281 117533 84196
0b006a01 0b000b01 10000 100 962 40863355 132570 84008
0b004a01 0b007801 10000 100 368 40984473 82246 83532
0b002301 0b000601 10001 100 1333 41064955 83848 84343
0b003701 0b007f01 10000 100 252 41172503 81152 83440
0b001c01 0b003401 10000 100 703 41201687 83220 83800
0b005601 0b001c01 10000 100 231946 40900099 396986 277665
0b006c01 0b001f01 10000 100 1177 41191743 112092 84218
0b001401 0b002f01 10000 100 325 41300552 82241 83498
0b005b01 0b001901 10000 100 5719815 23348181 18050225 4878700
0b000601 0b005401 10000 100 794 41388686 83617 83873
0b005201 0b006c01 10000 100 1023 41393184 85382 84095
0b006f01 0b007601 10000 100 9544114 25370609 16136576 8085019
0b001c01 0b005501 10000 100 353907 40826237 698639 379919
0b006201 0b000901 10000 100 8579345 30029405 11639066 7276148
0b004701 0b001b01 10000 100 379 41615330 82435 83541
0b006001 0b004901 10000 100 112 41639160 80993 83328
0b005e01 0b001f01 10000 100 1319 41615817 111280 84332
0b000901 0b006001 10000 100 2130 41640463 105878 85019
0b002101 0b006601 10000 100 1432 41843139 83928 84422
0b000901 0b001901 10000 100 2741 41861078 109226 85508
0b003b01 0b001601 10000 100 162 41911435 91566 83368
0b002601 0b001d01 10000 100 714 41916361 110384 83809
0b001301 0b005a01 10000 100 466 41916733 115856 83611
0b007e01 0b006501 10000 100 393 41964285 83333 83552
0b004e01 0b000001 10000 100 399 41989482 97263 83557
0b000001 0b002701 10000 100 6858 42078283 88506 88955
0b002a01 0b005e01 10000 100 50857 42036077 157778 125844
0b007d01 0b006301 10000 100 950 42133117 83708 83998
0b006001 0b001101 10000 100 1294 42212773 94678 84312
0b004c01 0b004401 10000 100 424 42315647 40850 41977
0b005b01 0b007b01 10000 100 502 42253461 115721 83640
0b004801 0b002601 10000 100 239 42330488 81108 83429
0b002d01 0b005701 10000 100 1772 42318446 122490 84694
0b005501 0b002d01 10000 100 5004097 37555396 4888315 4278669
0b000201 0b002101 10000 100 794 42338828 110476 83873
0b003201 0b005a01 10000 100 329419 40716499 1739257 359407
0b001a01 0b003f01 10000 100 1049 42377692 83816 84116
0b001a01 0b002801 10000 100 155 42379995 81837 83362
0b003a01 0b004101 10000 100 48656 42376219 125605 124006
0b001b01 0b005601 10000 100 888 42357721 153176 83948
0b001501 0b006401 10000 100 448 42498674 113655 83596
0b003301 0b007401 10000 100 1031 42557729 86191 84101
0b003c01 0b005901 10000 100 318 42580273 107998 83492
0b007901 0b004301 10000 100 103 42579057 121570 83320
0b003501 0b007701 10000 100 1175719 41612950 1094870 1068933
0b006c01 0b005701 10000 100 118817 42553571 234388 182823
0b002a01 0b006001 10000 100 138 42709001 80941 83348
0b007801 0b005901 10000 100 62906 42543485 293181 135944
0b007001 0b004e01 10000 100 8028 42804476 89758 89968
0b003401 0b003201 10000 100 672320 41928321 1039244 605299
0b004b01 0b000501 10001 100 922 42953800 93285 83976
0b000e01 0b005101 10000 100 130 42981979 82544 83342
0b007101 0b001d01 10000 100 775 42985356 83938 83858
0b000e01 0b007d01 10000 100 1426 43187732 85009 84417
0b001801 0b002701 10000 100 1408 43250548 84157 84403
0b006001 0b001801 10000 100 415 43203152 132833 83570
0b003701 0b005c01 10000 100 14957 43308967 118299 95741
0b001101 0b007301 10000 100 3510043 37388573 6039070 3026056
0b005c01 0b003101 10000 100 522 43347386 82277 83656
0b006601 0b000801 10000 100 8080 43386107 94648 90009
0b006201 0b007e01 10000 100 779 43414615 82836 83861
0b006001 0b000c01 10000 100 8779 43477051 95621 90568
0b001e01 0b000001 10000 100 172 43593998 82702 83376
0b005601 0b000101 10000 100 564 43544567 137096 83689
0b007d01 0b000401 10000 100 515 43587512 105703 83650
0b005801 0b007101 10000 100 51402 43643663 171942 126318
0b001701 0b004901 10000 100 9579 43824440 100363 91247
0b005c01 0b006b01 10000 100 1426324 39335182 4626915 1279056
0b005c01 0b004d01 10000 100 1475838 42143601 1835875 1320548
0b001b01 0b006f01 10000 100 557 43913651 82625 83684
0b002101 0b003001 10000 100 6912 43854402 167579 88998
0b002901 0b001a01 10000 100 77613 43771210 250819 148285
0b007301 0b002901 10000 100 765 43963157 83111 83850
0b002301 0b006701 10000 100 122 43944202 112655 83336
0b007801 0b004801 10000 100 356 44051242 81484 83523
0b001a01 0b002c01 10000 100 174 44066970 81217 83377
0b007d01 0b000f01 10000 100 160 44123230 82106 83366
0b006e01 0b000101 10000 100 621 44175176 82658 83735
0b001801 0b003301 10000 100 7113 44246276 93317 89197
0b006501 0b005501 10000 100 68717 44172281 289446 140823
0b006701 0b004301 10000 100 1161 44384335 83711 84205
0b006a01 0b005401 10000 100 1408 44487453 88802 84403
0b001b01 0b004f01 10000 100 1069 44602038 84463 84132
0b002401 0b003601 10000 100 137 44742554 102396 83348
0b001f01 0b006601 10001 100 770 44771890 133071 83854
0b005901 0b001401 10000 100 983 44885742 100527 84024
0b005d01 0b000401 10000 100 931 44922861 109993 83983
0b007a01 0b003e01 10000 100 7677 44922803 119086 89648
0b003101 0b007a01 10000 100 873 45053878 84693 83936
0b006301 0b001201 10000 100 1520406 41146402 4004652 1357931
0b004701 0b000001 10000 100 7315 45072714 92849 89359
0b004a01 0b005c01 10000 100 250087 44702789 477438 292908
0b004c01 0b007601 10000 100 8812 45132699 131982 90595
0b006a01 0b007c01 10000 100 35775 45153671 113558 113202
0b002201 0b000501 10000 100 1613 45255264 119637 84567
0b006501 0b007b01 10000 100 15692 45301810 106855 96368
0b006a01 0b006601 10000 100 174 45384224 40450 41777
0b006201 0b003e01 10000 100 959 45370112 84212 84005
0b006901 0b003c01 10000 100 1706 45564890 84908 84641
0b005c01 0b004801 10000 100 1291 45580203 84368 84309
0b002d01 0b007201 10000 100 210 45590991 81629 83406
0b007b01 0b006c01 10000 100 22541823 16925054 28820900 18982271
0b002301 0b001a01 10000 100 878206 44078809 1696896 819518
0b005e01 0b002e01 10000 100 75515 45397260 383386 146530
0b005101 0b001801 10000 100 463 45752913 82065 83608
0b005601 0b006501 10001 100 101 45717649 120236 83319
0b003101 0b001901 10000 100 1295847 43699705 2148526 1169644
0b005101 0b007b01 10000 100 280 45781258 81274 83462
0b005301 0b003901 10000 100 521 45827238 94371 83655
0b003a01 0b001c01 10000 100 384880 45230906 710041 405888
0b006c01 0b006101 10000 100 5512 45897653 49326 46240
0b003e01 0b003801 10000 100 1093 46050141 59663 42551
0b005b01 0b005c01 10001 100 103 46079964 40527 41720
0b002101 0b000701 10000 100 225 46155174 103633 83418
0b007301 0b002d01 10001 100 148 46179258 125246 83356
0b000801 0b007801 10000 100 492 46220060 84859 83632
0b001c01 0b006501 10000 100 987 46292291 84391 84028
0b004701 0b004c01 10000 100 134 46356114 40386 41745
0b000301 0b006201 10000 100 1122 46330752 86423 84174
0b000301 0b006601 10000 100 124513 46199977 297466 187610
0b004e01 0b005001 10000 100 1653896 41092636 5493920 1469830
0b001301 0b001901 10000 100 324 46579867 40690 41897
0b004101 0b006e01 10000 100 817 46593696 96866 83892
0b007901 0b007501 10000 100 606 46675559 41142 42123
0b000e01 0b001e01 10000 100 745 46633727 86256 83834
0b001601 0b004e01 10000 100 782 46648472 83151 83864
0b004301 0b004101 10000 100 79319 46648726 113588 108127
0b007001 0b007701 10000 100 886 46730361 41590 42347
0b001f01 0b001e01 10000 100 14496229 33849199 12931460 12195268
0b006901 0b003e01 10000 100 330 46707669 82921 83502
0b006901 0b000b01 10000 100 13803 46729966 95320 94780
0b001a01 0b005001 10000 100 800 46758427 109104 83878
0b006d01 0b006e01 10000 100 1681 46804152 66881 43021
0b000001 0b003101 10000 100 5144 46810916 95197 87545
0b005b01 0b003c01 10000 100 400 46733638 183623 83558
0b007301 0b003a01 10000 100 682 46888133 83870 83784
0b001001 0b004001 10000 100 835 46971796 83849 83906
0b000001 0b004501 10000 100 453 47035799 93320 83600
0b001701 0b003b01 10000 100 901 47077327 92286 83959
0b002101 0b005401 10000 100 1842063 44262526 2986191 1627621
0b006901 0b003601 10000 100 409 47335179 82086 83565
0b001c01 0b006601 10000 100 137 47340930 81711 83348
0b000901 0b000101 10000 100 1286 47481541 42306 42705
0b004101 0b005f01 10000 100 165 47444257 81939 83370
0b000c01 0b006e01 10000 100 533 47432370 141976 83664
0b007301 0b003b01 10000 100 420 47507502 91264 83574
0b005b01 0b007101 10000 100 1751 47576581 101811 84677
0b005301 0b003401 10000 100 2422 47608014 85347 85252
0b007301 0b007a01 10000 100 1605 47764922 42294 42960
0b003401 0b003a01 10000 100 435 47790967 40868 41986
0b003401 0b005201 10000 100 36898 47744360 173870 114139
0b003c01 0b006901 10000 100 389 47955975 112237 83549
0b003601 0b002e01 10000 100 641 48116727 84150 83751
0b000f01 0b007d01 10000 100 22302 48404067 138460 101924
0b003c01 0b003201 10000 100 3567 48614885 46327 44607
0b003a01 0b006e01 10000 100 1253034 44791777 3967783 1133780
0b001301 0b007901 10000 100 9133 48711861 102447 90890
0b006601 0b005b01 10000 100 743 48790129 82822 83832
0b005701 0b001101 10000 100 288 48773668 109082 83468
0b005d01 0b001c01 10000 100 1393578 45191044 3711279 1251592
0b007f01 0b003501 10000 100 125 48872616 108911 83338
0b007c01 0b005e01 10000 100 43409 49428035 154826 119616
0b006701 0b003e01 10000 100 2067 49530120 86525 84968
0b003c01 0b002501 10000 100 92840 49433111 279660 161043
