0b007b01 0b004201 10000 100 5372 15029 87232 87728
0b000a01 0b007801 10000 100 956 28926 83404 84003
0b006a01 0b002a01 10000 100 416 34948 81676 83571
0b000d01 0b005501 10000 100 1859 300671 84269 84764
0b004101 0b002a01 10000 100 12248 296081 92998 93497
0b005601 0b002a01 10000 100 825 443708 82984 83898
0b005301 0b005101 10000 100 316 496817 40678 41891
0b003b01 0b000501 10000 100 329 488102 81446 83501
0b000101 0b006201 10000 100 911 517434 83260 83967
0b000e01 0b003501 10000 100 205 560955 81000 83402
0b000301 0b005c01 10000 100 768 588441 82800 83852
0b001201 0b001d01 10000 100 1784 638505 42437 43104
0b007101 0b004a01 10000 100 7765 596697 89510 89719
0b007f01 0b006801 10000 100 695 678147 83889 83794
0b005401 0b002b01 10000 100 253 717904 81152 83440
0b000001 0b005901 10000 100 377905 426330 399442 400039
0b006501 0b007201 10000 100 371933 470540 394436 395031
0b007401 0b005101 10000 100 441 849975 81756 83591
0b003501 0b006501 10000 100 222 853035 81056 83416
0b007e01 0b000b01 10000 100 896140 102420 833704 834556
0b003201 0b006e01 10000 100 6373 869507 92842 88567
0b007801 0b003101 10000 100 436 949008 81740 83587
0b007a01 0b000501 10000 100 1134 965422 83689 84184
0b000701 0b000f01 10000 100 1202 1018654 41972 42638
0b001101 0b004f01 10000 100 1002 1016109 83592 84078
0b002701 0b001c01 10000 100 167 1046768 80880 83372
0b005101 0b000c01 10000 100 2428 1189602 84762 85257
0b000b01 0b000101 10000 100 257 1243446 40584 41844
0b005901 0b007201 10000 100 1016 1203735 83595 84089
0b007f01 0b001801 10000 100 430 1282703 81720 83582
0b005601 0b003a01 10000 100 2851 1316248 86995 85596
0b003b01 0b003401 10000 100 388 1374192 40792 41948
0b000c01 0b007b01 10000 100 185 1428016 80936 83386
0b000301 0b003501 10000 100 588 1476766 82224 83708
0b005601 0b006e01 10000 100 1162765 509749 1062476 1058071
0b000a01 0b006901 10000 100 1166 1546339 83715 84209
0b005201 0b007901 10000 100 641 1559302 82396 83751
0b007c01 0b000701 10000 100 239 1588077 81108 83429
0b002d01 0b007e01 10000 100 1869 1649440 84277 84772
0b007b01 0b002101 10000 100 107 1674389 80688 83324
0b001401 0b004d01 10000 100 104 1677225 80676 83321
0b002001 0b006d01 10000 100 5804 1791784 88654 88073
0b005201 0b003d01 10000 100 5179 1830085 87077 87573
0b005a01 0b001501 10000 100 1283 1857667 83808 84303
0b004001 0b003001 10000 100 800 1874369 83389 83878
0b000c01 0b002701 10000 100 2793 1963653 85054 85549
0b003c01 0b002001 10000 100 587631 1580370 575443 575884
0b007101 0b005e01 10000 100 308 2078108 81328 83484
0b004001 0b001701 10000 100 316558 1864638 348676 348619
0b007101 0b005b01 10000 100 1013 2188127 83592 84087
0b007601 0b002301 10000 100 748 2202357 82736 83836
0b003301 0b001c01 10000 100 124 2209629 80740 83337
0b000b01 0b004b01 10000 100 211 2211398 83253 83407
0b004401 0b000501 10000 100 1486799 972143 1328651 1329740
0b002f01 0b005e01 10000 100 685 2232273 82536 83786
0b005001 0b000401 10000 100 240279 2094961 293900 284677
0b000501 0b005d01 10000 100 508 2366992 81968 83644
0b004501 0b006901 10000 100 867 2405651 83120 83932
0b002b01 0b006a01 10000 100 349 2406876 82213 83517
0b005101 0b003701 10000 100 81059 2374232 150669 151196
0b005201 0b001b01 10000 100 2052 2479195 84462 84956
0b007101 0b007301 10000 100 228 2561675 40536 41820
0b004101 0b003801 10000 100 2958 2559447 85186 85681
0b004701 0b004301 10000 100 31410 2608762 67278 67956
0b000601 0b006101 10000 100 496036 2184696 507777 499113
0b003f01 0b000201 10000 100 958 2622778 83408 84004
0b003c01 0b000501 10000 100 2736 2644435 85009 85504
0b004a01 0b007401 10000 100 437 2670880 81744 83588
0b007601 0b005701 10000 100 755 2688242 82760 83842
0b002c01 0b004101 10000 100 362 2723002 81504 83528
0b006c01 0b003501 10000 100 8474 2753498 89827 90324
0b000a01 0b007e01 10000 100 1086 2775771 83651 84145
0b001001 0b005001 10000 100 49753 2821111 124408 124922
0b005d01 0b001401 10000 100 5202 2866488 87096 87592
0b003301 0b007f01 10000 100 1230 2919672 83766 84260
0b003401 0b006301 10000 100 448 2984284 81776 83596
0b001701 0b002f01 10000 100 816 3030023 82956 83891
0b003601 0b007d01 10000 100 280 3224601 81240 83462
0b005301 0b000f01 10000 100 1077 3301805 83644 84138
0b004201 0b000201 10000 100 445 3335895 81768 83594
0b007901 0b003901 10000 100 2766 3335925 85033 85528
0b007201 0b004b01 10000 100 6193 3339659 87926 88423
0b004801 0b002f01 10000 100 2348 3398594 84698 85193
0b007301 0b007001 10000 100 570 3479327 41084 42094
0b005f01 0b000801 10000 100 659 3474528 82452 83765
0b001a01 0b004001 10000 100 306 3538878 81324 83483
0b002a01 0b001101 10000 100 600 3576795 82264 83718
0b007e01 0b002101 10000 100 485 3577533 81896 83626
0b006901 0b007701 10000 100 68142 3466161 196321 140363
0b000101 0b003501 10000 100 2672 3581616 84958 85452
0b001501 0b005b01 10000 100 2173 3827623 84558 85053
0b000f01 0b004101 10000 100 113 3856965 81238 83328
0b001701 0b001b01 10000 100 510 3968604 40988 42046
0b007201 0b002101 10000 100 1131 4071206 83687 84181
0b001901 0b006501 10000 100 1149 4143478 83701 84196
0b002001 0b006401 10000 100 215 4274037 81032 83410
0b001501 0b007001 10000 100 7152 4267223 89763 89228
0b001e01 0b001601 10000 100 256 4382365 40582 41843
0b000f01 0b007001 10000 100 7595 4491764 90407 89583
0b005a01 0b005c01 10000 100 213 4652654 40512 41808
0b000b01 0b006f01 10000 100 8998 4604638 90246 90744
0b003501 0b001a01 10000 100 8296 4631646 89685 90182
0b007701 0b004901 10000 100 619 4731850 86314 83733
0b005601 0b002101 10000 100 294 4791003 81284 83473
0b007a01 0b006a01 10000 100 1590 4860625 84054 84548
0b003c01 0b004f01 10000 100 2281 4922861 86096 85140
0b007f01 0b000f01 10000 100 9989 4919352 107756 91575
0b007001 0b007f01 10000 100 1533 5059100 42236 42903
0b005201 0b003301 10000 100 711 5075223 82620 83807
0b004601 0b002901 10000 100 578 5084618 82192 83700
0b003601 0b003001 10000 100 115 5189068 40356 41730
0b005501 0b000801 10000 100 1236 5153638 95429 84265
0b004401 0b005301 10000 100 251 5398613 85213 83439
0b004b01 0b003701 10000 100 1497042 4164190 1346480 1338356
0b000401 0b007801 10000 100 501 5438655 85800 83639
0b006601 0b005901 10000 100 43559 5373013 155790 119736
0b005801 0b001f01 10000 100 628 5501384 82352 83740
0b000c01 0b005e01 10000 100 316 5525260 83289 83491
0b003901 0b006e01 10000 100 161 5569804 80860 83367
0b007c01 0b001501 10000 100 1741249 4101236 1550704 1543092
0b007001 0b004301 10000 100 372 5619772 85739 83536
0b006d01 0b004c01 10000 100 234 5638891 81450 83425
0b007201 0b003301 10000 100 293 5686981 81280 83472
0b007c01 0b007801 10000 100 323 5746038 40688 41896
0b002b01 0b006c01 10000 100 218 5706596 81040 83412
0b004201 0b000901 10000 100 120533 5623835 183730 184272
0b004101 0b007701 10000 100 1027 5820119 84848 84098
0b000501 0b004001 10000 100 1047 5832204 83620 84114
0b006901 0b002101 10000 100 436 5861440 81771 83587
0b000c01 0b004501 10000 100 248 5853949 93074 83436
0b002701 0b006201 10000 100 156 5892931 81046 83363
0b005101 0b006501 10000 100 112 6019534 80704 83328
0b005101 0b005f01 10000 100 867 6105459 41560 42332
0b007b01 0b005201 10000 100 1600 6057191 90904 84556
0b004f01 0b005101 10000 100 779 6076945 82836 83861
0b007801 0b005301 10000 100 1550 6076817 84022 84516
0b005d01 0b000e01 10000 100 395 6085914 82013 83554
0b007d01 0b006801 10000 100 1650 6120438 84102 84596
0b004d01 0b003b01 10000 100 12967 6165101 93574 94072
0b004a01 0b006801 10000 100 375 6167160 93409 83538
0b001901 0b000501 10000 100 1127 6225352 84091 84178
0b006501 0b001301 10000 100 813 6263875 83072 83888
0b005601 0b005e01 10000 100 243 6356313 40560 41832
0b007701 0b005701 10000 100 141 6320193 80796 83351
0b000801 0b003a01 10000 100 1061 6340509 83631 84125
0b006e01 0b002e01 10000 100 444 6373182 82028 83593
0b007f01 0b004001 10000 100 1211 6433298 88604 84245
0b007601 0b002c01 10000 100 1073 6376242 154875 84135
0b005d01 0b004001 10000 100 5767 6400040 135324 88044
0b002401 0b005801 10000 100 132 6457467 80768 83344
0b005001 0b007801 10000 100 3102 6469342 86497 85835
0b007d01 0b006201 10000 100 7169 6475988 92858 89242
0b000401 0b004c01 10000 100 5217 6526401 90437 87604
0b004b01 0b007c01 10000 100 787 6545053 82996 83868
0b007201 0b005801 10000 100 7743 6576795 94832 89701
0b007501 0b005601 10000 100 1096962 5083898 1606093 1002894
0b002601 0b000301 10000 100 320 6649609 81680 83494
0b005101 0b003401 10000 100 5619 6669317 87794 87925
0b002701 0b006f01 10000 100 961 6694984 83696 84007
0b006101 0b002a01 10000 100 1052 6701357 89518 84118
0b005301 0b007201 10000 100 469 6747574 85537 83613
0b000f01 0b007201 10000 100 12489 6714436 119640 93690
0b000f01 0b003c01 10000 100 162372 6606964 255464 219356
0b002b01 0b002701 10000 100 486 6826679 40950 42027
0b002c01 0b004801 10000 100 1092 6805945 84375 84150
0b001701 0b004701 10000 100 886 6920055 104034 83947
0b002301 0b001c01 10000 100 74291 6880319 147341 145512
0b007501 0b001201 10000 100 1096403 5462459 1573213 1002447
0b007501 0b005d01 10000 100 2315 6954034 84672 85167
0b001501 0b002401 10000 100 135 6961862 89342 83346
0b006801 0b002e01 10000 100 494 7066903 81924 83633
0b005a01 0b007101 10000 100 860 7051094 104231 83926
0b006b01 0b002301 10000 100 3338 7342305 85539 86024
0b001c01 0b002101 10000 100 197 7354172 81457 83396
0b003201 0b003f01 10000 100 371 7492001 40766 41935
0b001d01 0b004801 10000 100 667527 6770386 795096 642872
0b002901 0b002001 10000 100 965 7558985 41716 42410
0b005001 0b004001 10000 100 545 7611569 100698 83674
0b005501 0b006201 10000 100 29103 7632795 138416 107634
0b006f01 0b000001 10000 100 1036919 5926291 1869249 952556
0b003b01 0b000801 10000 100 49662 7682584 124336 124849
0b006301 0b000301 10000 100 48749 7748459 126921 124080
0b002401 0b001801 10000 100 298171 7548746 346381 333218
0b007201 0b002301 10000 100 769 7851599 108736 83853
0b000a01 0b004a01 10000 100 178 7897687 80912 83380
0b003201 0b000401 10000 100 231 8050455 81404 83423
0b005501 0b007001 10000 100 710 8011112 144275 83806
0b003b01 0b005f01 10000 100 1054 8081524 83625 84120
0b007001 0b005a01 10000 100 950 8069738 104941 83998
0b005601 0b004101 10000 100 769 8138512 83125 83853
0b004a01 0b002301 10000 100 1459 8137925 83949 84444
0b007801 0b003201 10000 100 70965 8082545 142704 142698
0b002701 0b004301 10000 100 573 8146929 83078 83696
0b007201 0b001601 10000 100 830 8212092 83000 83902
0b002701 0b002401 10000 100 170270 8118233 184144 184382
0b006801 0b006d01 10000 100 138 8325253 40786 41748
0b005101 0b003b01 10000 100 975 8327360 83502 84018
0b002101 0b007601 10000 100 873 8390550 83136 83936
0b004a01 0b000d01 10000 100 720 8392558 82648 83814
0b000701 0b005b01 10000 100 84322 8351848 176858 153921
0b004201 0b000801 10000 100 53212 8410522 147610 127843
0b000b01 0b000a01 10000 100 679 8597857 41258 42181
0b000501 0b004b01 10000 100 1609117 5027010 3689664 1432317
0b005701 0b000801 10000 100 168 8637869 81045 83372
0b004401 0b000501 10001 100 1638 8662828 84662 84587
0b006b01 0b000501 10000 100 558 8675482 82434 83684
0b003e01 0b001d01 10000 100 1584 8763799 84049 84544
0b003101 0b005101 10000 100 5884 8835985 87641 88137
0b006001 0b005901 10000 100 454 8842957 81796 83601
0b000101 0b005a01 10000 100 804 8933775 84101 83881
0b005901 0b005b01 10000 100 5115 9071939 45254 45922
0b007401 0b000101 10000 100 1336 9164483 84956 84345
0b003e01 0b000201 10000 100 612 9190546 82304 83728
0b001d01 0b001b01 10000 100 403 9429777 40816 41960
0b005f01 0b004501 10000 100 393 9468712 101942 83552
0b002f01 0b005001 10000 100 362 9525504 81576 83528
0b005a01 0b004d01 10000 100 827 9569582 83572 83900
0b000101 0b001001 10000 100 102 9565160 90789 83320
0b003401 0b002901 10000 100 639 9587936 106790 83749
0b002a01 0b005601 10000 100 2799 9636693 86917 85554
0b006101 0b004a01 10000 100 6131 9671247 98958 88373
0b002801 0b007001 10000 100 960 9814458 83416 84006
0b002a01 0b007e01 10000 100 634987 9418640 626010 615573
0b007901 0b002101 10000 100 622 9979383 82336 83736
0b006401 0b006a01 10000 100 49257 9987816 82240 82925
0b005201 0b003e01 10000 100 1127 10015951 83684 84178
0b007a01 0b005501 10000 100 3411 10024485 130449 86082
0b005801 0b000d01 10000 100 2171 10123876 85289 85052
0b003501 0b000e01 10000 100 318 10224815 81360 83492
0b000501 0b004701 10000 100 111 10236994 88555 83327
0b001a01 0b003f01 10000 100 1646 10254577 84875 84593
0b003301 0b004501 10000 100 262 10336083 83207 83448
0b001301 0b006a01 10000 100 3599 10364460 88491 86232
0b002201 0b003501 10000 100 461 10417675 82289 83607
0b002801 0b003001 10000 100 1091 10432141 83655 84149
0b002c01 0b005d01 10000 100 149 10446713 80820 83357
0b005401 0b005901 10000 100 301 10502348 40654 41879
0b003c01 0b003b01 10000 100 17399 10524505 55537 56210
0b001101 0b003601 10000 100 1109 10520319 84191 84164
0b001301 0b002601 10000 100 222 10598066 81056 83416
0b001f01 0b002901 10000 100 866 10681961 105464 83931
0b004b01 0b006601 10000 100 1067 10805971 84072 84130
0b001501 0b006e01 10000 100 1031 10886953 83607 84101
0b004001 0b007801 10000 100 1726269 6249076 4748350 1530532
0b000601 0b005d01 10000 100 413 10916861 82459 83568
0b007101 0b005e01 10001 100 623 10930401 83052 83736
0b006701 0b006101 10000 100 392 11049973 40800 41952
0b000801 0b006601 10000 100 126 10986194 105855 83339
0b001401 0b001e01 10000 100 2481 11059267 43033 43700
0b000f01 0b006501 10000 100 59076 10944754 176756 132764
0b002501 0b001601 10000 100 303 11145798 81499 83480
0b005a01 0b001f01 10000 100 616354 10565113 738962 599976
0b007301 0b000e01 10000 100 977 11223127 84109 84020
0b001801 0b004801 10000 100 492 11220495 89829 83632
0b003901 0b004201 10000 100 896 11330480 83816 83955
0b000001 0b004601 10000 100 3150 11452869 86759 85873
0b000c01 0b005e01 10001 100 823 11502614 84297 83896
0b006801 0b004301 10000 100 476 11495833 117820 83619
0b006e01 0b002601 10000 100 149 11652868 80820 83357
0b005601 0b001901 10000 100 385877 10958076 815121 406724
0b003a01 0b004501 10000 100 3458 11671141 110765 86120
0b006401 0b003001 10000 100 6295 11681235 101192 88504
0b004a01 0b005701 10000 100 74199 11592873 217933 145439
0b000701 0b001a01 10000 100 223 11782745 84106 83416
0b001101 0b000901 10000 100 398 11824813 81674 83556
0b006601 0b006d01 10000 100 7954901 5272428 6743860 6710992
0b002701 0b004601 10000 100 179 11964423 81601 83381
0b004401 0b002a01 10000 100 1000 11992683 83700 84038
0b006a01 0b002601 10000 100 3022 12021234 85372 85771
0b001101 0b005201 10000 100 865 12098652 83713 83930
0b003a01 0b003101 10000 100 2935 12142825 43396 44063
0b002701 0b004401 10000 100 4624 12049971 150509 87091
0b001601 0b007f01 10000 100 5020 12119252 87094 87446
0b005801 0b002701 10000 100 1840 12169681 85947 84748
0b000401 0b007501 10000 100 4883 12188649 87386 87298
0b004101 0b005801 10000 100 2168 12194459 101009 85049
0b004901 0b001401 10000 100 484 12280475 81892 83625
0b001a01 0b003201 10000 100 462 12280794 82217 83608
0b006d01 0b003801 10000 100 47852 12205901 159564 123324
0b007501 0b003301 10000 100 1200 12327102 92421 84236
0b000301 0b005f01 10000 100 1842 12449467 85888 84750
0b000201 0b003f01 10000 100 161481 12371281 218047 218605
0b003a01 0b002a01 10000 100 1681 12573047 84127 84621
0b002c01 0b003401 10000 100 626 12641685 82568 83739
0b004401 0b007201 10000 100 1270 12670557 84642 84292
0b002e01 0b007701 10000 100 139 12672608 120102 83349
0b000901 0b002901 10000 100 516 12715543 82274 83651
0b005001 0b003e01 10000 100 174 12793706 80900 83377
0b004a01 0b006e01 10000 100 713 12828621 82624 83808
0b001401 0b006401 10000 100 370 12882039 82058 83534
0b007701 0b000f01 10000 100 109 12885449 121031 83325
0b001c01 0b002801 10000 100 221 12980320 81668 83415
0b005401 0b005101 10000 100 1509 13023034 42950 42884
0b006401 0b000801 10000 100 193098 12857552 251125 245128
0b002401 0b004501 10000 100 1266451 10550515 2567259 1145013
0b005a01 0b002701 10000 100 1019 13066425 85916 84092
0b004b01 0b006501 10000 100 244 13094122 81124 83433
0b006901 0b001901 10000 100 1025 13122843 83776 84096
0b007601 0b006601 10000 100 140 13199702 80792 83350
0b007401 0b006501 10000 100 386 13239988 82434 83547
0b003e01 0b003901 10000 100 2459 13300011 43015 43682
0b001b01 0b005701 10000 100 86594 13114244 229646 155816
0b006401 0b003001 10001 100 1569 13273883 85290 84532
0b002701 0b004a01 10000 100 1270 13350727 94204 84292
0b006601 0b001101 10000 100 454 13398298 81839 83601
0b002701 0b004301 10001 100 922 13433117 86444 83976
0b003c01 0b001301 10000 100 158350 13334938 223925 215985
0b000b01 0b002201 10000 100 129 13520493 81544 83341
0b004c01 0b002701 10000 100 3626591 10384292 3222900 3123749
0b001f01 0b005101 10000 100 185 13520758 88815 83386
0b002101 0b006301 10000 100 469 13541950 82142 83613
0b001e01 0b004701 10000 100 1174548 12582664 1077206 1067958
0b004901 0b004e01 10000 100 157126 13473833 198756 173368
0b007a01 0b002b01 10000 100 9397 13713032 90652 91101
0b000301 0b000f01 10000 100 11830304 3853629 9975011 9960153
0b001001 0b004001 10000 100 1226 13765434 84599 84257
0b003c01 0b001f01 10000 100 87528 13661698 208909 156601
0b005801 0b001a01 10000 100 1155431 12388997 1541180 1051935
0b000a01 0b003501 10000 100 141 13866876 80796 83351
0b005301 0b001201 10000 100 44656 13859478 120848 120652
0b007801 0b001201 10000 100 596 13878998 103279 83715
0b006c01 0b003a01 10000 100 214 13907218 82527 83409
0b001a01 0b007601 10000 100 152 13909777 82164 83360
0b006d01 0b003d01 10000 100 908 13911159 83675 83964
0b000e01 0b002e01 10000 100 2289 13930346 85489 85146
0b001a01 0b006f01 10000 100 14382 13936875 100111 95281
0b005501 0b002801 10000 100 188 14032563 104842 83388
0b006101 0b006401 10000 100 1341 14136761 42083 42749
0b001b01 0b003101 10000 100 667 14105319 83347 83772
0b000f01 0b003501 10000 100 243 14136683 81120 83432
0b002901 0b004801 10000 100 740 14180576 83723 83830
0b001b01 0b001d01 10000 100 3181 14240325 45643 44298
0b004901 0b000d01 10000 100 9827 14209100 99204 91445
0b004a01 0b005401 10000 100 93825 14008146 303673 161869
0b000d01 0b003b01 10000 100 154 14310581 82167 83361
0b003b01 0b003901 10000 100 1285 14365280 42038 42704
0b003201 0b007c01 10000 100 100 14417860 102708 83318
0b007d01 0b005501 10000 100 3899074 3760096 10776745 3352219
0b007301 0b000a01 10000 100 288 14455920 85997 83468
0b007b01 0b002601 10000 100 1485 14480271 84840 84464
0b001601 0b003701 10000 100 1438 14485498 84518 84427
0b006101 0b001501 10000 100 703 14523410 82597 83800
0b003901 0b000001 10000 100 460 14549456 88674 83606
0b000701 0b006b01 10000 100 145813 14347399 298461 205456
0b000f01 0b001001 10000 100 303 14528720 122113 83480
0b005c01 0b003701 10000 100 524 14579501 83003 83657
0b000401 0b004c01 10001 100 404 14647671 81636 83561
0b002901 0b003e01 10000 100 726 14646804 83185 83819
0b000601 0b005501 10000 100 1109592 10145897 4588728 1013497
0b002a01 0b002e01 10000 100 746 14715644 41366 42235
0b004601 0b006f01 10000 100 1529 14685541 86228 84500
0b001701 0b003401 10000 100 1225 14751714 84134 84256
0b005401 0b002101 10000 100 5874 14749160 87903 88129
0b005601 0b006501 10000 100 64637 14631602 218932 137405
0b003401 0b000601 10000 100 51728 14679142 214250 126579
0b003401 0b004001 10000 100 9910487 6231227 8668698 8392172
0b004001 0b006f01 10000 100 210 14821589 81016 83406
0b001801 0b006b01 10000 100 8046 14812876 96290 89982
0b003601 0b003701 10000 100 7060 14891929 46886 47555
0b005e01 0b003b01 10000 100 1335 14847554 109277 84344
0b007701 0b000a01 10000 100 1089 14869403 93793 84148
0b000c01 0b007701 10000 100 1734688 10057995 4909237 1537574
0b005101 0b006e01 10000 100 152 14890190 80832 83360
0b004401 0b000d01 10000 100 639 14897807 82388 83749
0b006001 0b002201 10000 100 1072 14902453 84877 84134
0b003101 0b000701 10000 100 250 14909958 84688 83438
0b007301 0b005101 10000 100 301 14941829 81308 83479
0b000201 0b006901 10000 100 135 14927116 121253 83346
0b007501 0b004801 10000 100 6392 14985250 88086 88582
0b007e01 0b006901 10000 100 437579 14067292 1008251 450082
0b006601 0b004d01 10000 100 6707 15055174 92219 88834
0b000901 0b005901 10000 100 200 15165221 81590 83398
0b002d01 0b001f01 10000 100 1095 15215968 85393 84152
0b003b01 0b003001 10000 100 117 15280560 42195 41732
0b001f01 0b001d01 10000 100 129 15292650 40378 41741
0b006b01 0b000301 10000 100 428 15328657 82941 83580
0b002001 0b007e01 10000 100 422 15405112 81696 83576
0b005d01 0b003201 10000 100 697 15426445 82576 83796
0b004501 0b003901 10000 100 3054 15433992 87677 85796
0b002301 0b007b01 10000 100 535 15508949 83954 83666
0b006d01 0b001901 10000 100 75396 15430135 181248 146435
0b003301 0b007101 10000 100 578 15552647 82555 83700
0b002801 0b007001 10001 100 3455 15565031 88130 86117
0b003901 0b001801 10000 100 686 15580273 82540 83787
0b005001 0b004101 10000 100 979 15550494 114258 84021
0b004801 0b007a01 10000 100 5561 15631523 89660 87879
0b007301 0b007901 10000 100 33750 15709488 69226 69905
0b005901 0b001701 10000 100 3846 15720165 88869 86430
0b003c01 0b006901 10000 100 385 15737817 81576 83546
0b001d01 0b001301 10000 100 281 15780692 40622 41863
0b001701 0b002101 10000 100 875 15811631 84840 83938
0b001401 0b007201 10000 100 845 15840279 83583 83914
0b005801 0b005b01 10000 100 1560 16017322 42658 42924
0b005101 0b004f01 10000 100 991 15986931 83516 84031
0b000601 0b001f01 10000 100 1749 16031962 84504 84676
0b002b01 0b000901 10000 100 5825 16047514 93385 88090
0b007301 0b001201 10000 100 1025 16113167 83602 84096
0b007f01 0b001b01 10000 100 1365 16156871 85794 84368
0b005b01 0b002501 10000 100 1171444 15276350 1067626 1065360
0b000301 0b007e01 10000 100 236 16277831 81685 83427
0b006501 0b000901 10000 100 590 16284389 86632 83710
0b001b01 0b007201 10000 100 7712 16302941 95001 89676
0b007c01 0b000101 10000 100 474 16367849 95152 83617
0b002e01 0b002901 10000 100 893 16428222 41600 42352
0b005d01 0b003b01 10000 100 1629 16380559 96502 84580
0b005501 0b001c01 10000 100 452 16570699 109646 83600
0b004001 0b006c01 10000 100 6178 16592191 91186 88411
0b003e01 0b001c01 10000 100 158 16652213 81632 83364
0b002701 0b005101 10000 100 465 16641777 135722 83610
0b006601 0b004b01 10000 100 1493 16725563 84206 84471
0b004801 0b005c01 10000 100 1023 16797314 121085 84095
0b004001 0b002b01 10000 100 934 16831646 108478 83985
0b006c01 0b004001 10000 100 1204 16879876 84422 84240
0b003b01 0b000201 10000 100 6547 16900373 88812 88706
0b001401 0b007f01 10000 100 2407 16818653 175535 85240
0b000601 0b004e01 10000 100 8788 16943789 91388 90576
0b004f01 0b005301 10000 100 296 16953591 81864 83475
0b002901 0b005501 10000 100 4870783 3098411 14038028 4166872
0b004b01 0b006f01 10000 100 239 17063896 82175 83429
0b005601 0b001101 10000 100 816 17097599 83604 83891
0b006301 0b002601 10000 100 212 17150703 81353 83408
0b005301 0b007a01 10000 100 1827 17159174 84927 84738
0b002301 0b004101 10000 100 1776 17147660 110789 84697
0b001501 0b003601 10000 100 1771 17399240 84969 84693
0b002601 0b000c01 10000 100 90321 17355161 162549 158951
0b004d01 0b001f01 10000 100 433 17495723 82497 83584
0b007f01 0b007001 10000 100 929 17554745 41658 42381
0b000c01 0b002701 10001 100 466 17527697 82298 83611
0b002f01 0b001801 10000 100 937 17540354 83344 83988
0b001701 0b005a01 10000 100 8709 17565985 94205 90512
0b006e01 0b006401 10000 100 861 17647676 41550 42327
0b005901 0b002201 10000 100 344 17657956 81838 83513
0b000601 0b001201 10000 100 1077 17657203 94436 84138
0b005201 0b004801 10000 100 945 17677114 83368 83994
0b007d01 0b007001 10000 100 6380 17737580 46304 46972
0b007d01 0b003301 10000 100 929 17758566 85618 83981
0b005c01 0b006901 10000 100 1273 17855565 83800 84295
0b001701 0b006d01 10000 100 36819 17828123 158401 114076
0b003301 0b007f01 10001 100 673 17907536 83049 83776
0b003b01 0b000501 10001 100 542 17917177 82080 83672
0b001d01 0b006101 10000 100 178 17928925 84748 83380
0b000601 0b004c01 10000 100 793131 17270466 748321 748194
0b007301 0b002c01 10000 100 217097 17823663 321652 265248
0b007301 0b007001 10001 100 1308 18118620 42056 42723
0b005001 0b000601 10000 100 339 18073296 91177 83509
0b006101 0b005b01 10000 100 82880 17929905 242406 152691
0b003f01 0b003301 10000 100 2930 18231062 43392 44059
0b003101 0b003e01 10000 100 573 18248006 41856 42096
0b007001 0b000901 10000 100 4755 18203058 92053 87196
0b003501 0b005a01 10000 100 341 18280870 90239 83511
0b003401 0b004601 10000 100 6666 18345285 88839 88801
0b000301 0b006701 10000 100 337 18417515 82880 83508
0b006201 0b001701 10000 100 345 18471579 81448 83514
0b006a01 0b007701 10000 100 352 18481770 140921 83520
0b002701 0b007501 10000 100 270 18541273 81656 83454
0b001101 0b002c01 10000 100 35739 18514337 141705 113173
0b004c01 0b003501 10000 100 328512 18427113 358018 358643
0b007101 0b006d01 10000 100 173 18791496 83330 83376
0b000701 0b005201 10000 100 470 18743772 138413 83614
0b005901 0b007201 10001 100 6512 18893818 88422 88678
0b006701 0b003201 10000 100 562 18946851 83124 83688
0b001001 0b002201 10000 100 82251 18891718 155399 152188
0b005401 0b007601 10000 100 104 19000952 88651 83321
0b004001 0b001501 10000 100 3082 19172173 115970 85819
0b003e01 0b001101 10000 100 195 19213993 82584 83394
0b007c01 0b005001 10000 100 752 19212933 100997 83840
0b007901 0b000c01 10000 100 176224 18769461 560288 230976
0b000c01 0b004201 10000 100 277 19262898 82434 83460
0b003f01 0b007801 10000 100 6481 19344404 89495 88653
0b001f01 0b001601 10000 100 1018 19398110 41824 42491
0b005401 0b007c01 10000 100 1721701 17925623 1621524 1526685
0b005701 0b007201 10000 100 1230 19480646 85315 84260
0b002101 0b005501 10000 100 1491 19543892 121174 84469
0b004901 0b000d01 10001 100 1692 19670444 86539 84630
0b001301 0b007601 10000 100 953 19810959 84118 84000
0b002b01 0b004801 10000 100 778 19966130 82832 83860
0b004801 0b005201 10000 100 15804 19979585 96389 96457
0b003901 0b004201 10001 100 2841 20017371 85418 85588
0b003001 0b004001 10000 100 1710 20019822 86349 84644
0b005e01 0b003b01 10001 100 1535 20026009 84010 84504
0b006501 0b005f01 10000 100 6704 20007560 103945 88832
0b002a01 0b005a01 10000 100 946 20135553 83372 83995
0b007601 0b004d01 10000 100 937 20158930 84227 83988
0b007b01 0b006001 10000 100 4894444 14832264 5414094 4186723
0b007901 0b003e01 10000 100 1296973 18242474 2018385 1170583
0b004201 0b005b01 10000 100 328 20234232 81708 83500
0b005701 0b002901 10000 100 539 20250383 97879 83669
0b004a01 0b000d01 10001 100 43301 20248770 136526 119530
0b007401 0b002d01 10000 100 8250320 12850298 7591135 7000294
0b007c01 0b000901 10000 100 1353 20387761 86888 84359
0b005801 0b001301 10000 100 479 20463366 81876 83621
0b004401 0b003001 10000 100 611 20474802 84793 83727
0b001001 0b007701 10000 100 312085 18977525 1630846 344887
0b007501 0b003c01 10000 100 518 20547326 90464 83652
0b002b01 0b002501 10000 100 69956 20523283 124781 100252
0b002001 0b000801 10000 100 554 20593689 108755 83681
0b007201 0b006001 10000 100 5976 20634008 87811 88211
0b005401 0b002001 10000 100 8911 20645560 97765 90674
0b006c01 0b007401 10000 100 734799 19388854 1475819 699263
0b006701 0b007001 10000 100 415035 20466352 451117 431202
0b005801 0b003c01 10000 100 732 20892593 82688 83824
0b007601 0b000c01 10000 100 751 20967749 83240 83839
0b007a01 0b006801 10000 100 2160 21006019 85434 85043
0b005d01 0b005c01 10000 100 130 21061149 40380 41742
0b003c01 0b004b01 10000 100 215 21031339 81032 83410
0b007601 0b006f01 10000 100 1108 21022665 120268 84163
0b000e01 0b007901 10000 100 126 21041677 107923 83339
0b000601 0b005401 10000 100 575 21197428 82703 83698
0b002501 0b002201 10000 100 226 21381051 41688 41819
0b002c01 0b001601 10000 100 115 21371768 80849 83330
0b000b01 0b000201 10000 100 154 21435468 40418 41761
0b006101 0b000b01 10000 100 1435 21420148 116462 84424
0b003501 0b000c01 10000 100 448 21488795 110581 83596
0b000e01 0b004b01 10000 100 623 21654989 84811 83736
0b000f01 0b006301 10000 100 193 21684727 81796 83392
0b001601 0b000101 10000 100 341 21656940 119844 83511
0b006701 0b003f01 10000 100 61629 21726115 137602 134884
0b000f01 0b007601 10000 100 626 21734531 132026 83739
0b004501 0b004201 10000 100 24094 21928410 82643 61835
0b000f01 0b005d01 10000 100 3467 21932859 87457 86127
0b006001 0b002e01 10000 100 4715 21951793 86880 87164
0b002801 0b007a01 10000 100 1750714 17194788 4856872 1551009
0b003201 0b003401 10000 100 200 22103207 40492 41798
0b002a01 0b005e01 10000 100 1047 22045506 108770 84114
0b002b01 0b004401 10000 100 397 22074164 81705 83556
0b002701 0b007801 10000 100 289 22098230 82545 83469
0b004a01 0b006401 10000 100 273 22136138 91879 83456
0b000601 0b007b01 10000 100 164 22150314 80868 83369
0b003f01 0b003101 10000 100 1146 22192871 41927 42593
0b000901 0b001601 10000 100 948 22180398 87889 83996
0b003101 0b007201 10000 100 573434 20425423 1866340 563988
0b005801 0b005001 10000 100 8594 22259714 48151 48820
0b003101 0b002301 10000 100 4932 22248817 87221 87337
0b005f01 0b002401 10000 100 2269 22254814 84931 85130
0b001201 0b005901 10000 100 730 22291698 82867 83822
0b000601 0b005801 10000 100 36047 22281045 122874 113458
0b003501 0b006901 10000 100 928 22350337 83312 83980
0b007701 0b006601 10000 100 9123 22416565 123326 90882
0b002901 0b006601 10000 100 6583 22525003 88238 88735
0b000501 0b003a01 10000 100 4402 22534165 88142 86913
0b007301 0b000a01 10001 100 2181827 17634457 5016066 1912450
0b000f01 0b003001 10000 100 2346 22654028 116745 85192
0b005501 0b003901 10000 100 352 22661590 111284 83520
0b006301 0b004c01 10000 100 476 22674645 102639 83619
0b007901 0b000001 10000 100 8226 22691408 100190 90126
0b001301 0b001b01 10000 100 209 22776388 40929 41805
0b007701 0b006e01 10000 100 359 22693529 158594 83525
0b001e01 0b002f01 10000 100 508 22862831 82146 83644
0b005801 0b000d01 10001 100 1321 22865073 83839 84333
0b005601 0b002801 10000 100 230 22845850 133341 83422
0b003e01 0b004301 10000 100 1405 22987334 84726 84400
0b000d01 0b006401 10000 100 537 23016464 82257 83668
0b004401 0b001101 10000 100 84095 22866752 268344 153740
0b003701 0b000301 10000 100 358 23054504 81771 83524
0b001201 0b006d01 10000 100 460 23093284 81816 83606
0b003d01 0b007d01 10000 100 696 23117182 88702 83795
0b001601 0b001301 10000 100 256 23192178 40582 41843
0b004501 0b006401 10000 100 552 23191002 83603 83680
0b005701 0b000901 10000 100 385 23186727 89406 83546
0b002f01 0b001301 10000 100 4243 23255061 88842 86786
0b004b01 0b007401 10000 100 6025 23303774 93400 88288
0b002401 0b006a01 10000 100 1454998 22182137 1305914 1303070
0b005801 0b000601 10000 100 511 23489088 81980 83647
0b005301 0b005b01 10000 100 200 23534783 40492 41798
0b003601 0b005d01 10000 100 920 23590426 83288 83974
0b005401 0b006601 10000 100 1680 23703097 85337 84620
0b007c01 0b002a01 10000 100 515 23718790 82475 83650
0b007201 0b005f01 10000 100 448 23764617 85430 83596
0b001501 0b003601 10001 100 418 23781040 82391 83572
0b003d01 0b003001 10000 100 13946812 12080874 11829413 11734614
0b007b01 0b003c01 10000 100 319 23875718 85783 83493
0b000f01 0b002601 10000 100 772 23882731 82816 83856
0b003e01 0b005401 10000 100 894 24020548 84198 83953
0b004101 0b005c01 10000 100 78372 23926291 290544 148931
0b004f01 0b002601 10000 100 8953 24201605 91605 90708
0b004d01 0b002501 10000 100 203 24241365 84191 83400
0b003201 0b006b01 10000 100 530 24268691 82735 83662
0b005701 0b007601 10000 100 4682666 17057391 7345122 4009160
0b001501 0b000801 10000 100 334 24436881 82117 83505
0b002901 0b002b01 10000 100 466 24525477 40918 42011
0b000901 0b006c01 10000 100 1628034 21881251 2695505 1448180
0b001b01 0b007901 10000 100 963 24531633 88417 84008
0b003101 0b005a01 10000 100 508 24562112 82685 83644
0b007101 0b001601 10000 100 242 24575472 81827 83432
0b005f01 0b006801 10000 100 85092 24405693 349270 154576
0b001201 0b000b01 10000 100 172 24693692 81286 83376
0b006e01 0b004101 10000 100 409 24663060 148620 83565
0b003a01 0b007701 10000 100 1048 24722833 115376 84115
0b000101 0b001801 10000 100 1592 24810931 119375 84550
0b005c01 0b007701 10000 100 108 24855799 117014 83324
0b005f01 0b004f01 10000 100 193 24907211 84213 83392
0b004a01 0b001101 10000 100 6214 24911200 99668 88440
0b005401 0b003401 10000 100 466 24930655 81840 83611
0b004a01 0b000101 10000 100 4565706 15362600 9763531 3911099
0b005f01 0b003e01 10000 100 3094018 17318724 7826595 2677262
0b002d01 0b003a01 10000 100 513 25089596 82348 83648
0b005a01 0b003f01 10000 100 1052 25094416 83624 84118
0b006e01 0b003101 10000 100 1577 25110988 84044 84538
0b006601 0b007601 10000 100 274 25088740 112658 83457
0b006b01 0b003101 10000 100 1003 25118094 85076 84079
0b000501 0b004901 10000 100 6376 25133752 109662 88569
0b002c01 0b006501 10000 100 9680 25205739 101073 91328
0b001e01 0b002101 10000 100 238 25219626 103139 83428
0b000901 0b000601 10000 100 62538 25256655 95775 94049
0b004101 0b002f01 10000 100 9820 25267599 126633 91440
0b002b01 0b002c01 10000 100 144 25421946 40869 41753
0b004501 0b006501 10000 100 818 25389211 84210 83892
0b007c01 0b000e01 10000 100 426 25459584 81884 83579
0b001c01 0b005401 10000 100 238749 25085595 520269 283376
0b003501 0b002201 10000 100 1078114 22554501 3057589 987124
0b006401 0b005a01 10000 100 2980 25565641 99387 85699
0b007301 0b005201 10000 100 129 25636329 81539 83341
0b000f01 0b003d01 10000 100 804 25679475 82948 83881
0b003c01 0b000e01 10000 100 336 25699786 82138 83507
0b004801 0b000c01 10000 100 1762 25854228 85036 84686
0b005901 0b005a01 10000 100 133 25944504 40384 41744
0b003601 0b004801 10000 100 288 25957798 81264 83468
0b001801 0b006901 10000 100 192 25970010 81445 83392
0b006901 0b001c01 10000 100 51183 25907533 161177 126143
0b000b01 0b004f01 10000 100 280 26001268 82823 83462
0b002f01 0b004f01 10000 100 6845314 20006231 6089564 5822337
0b002c01 0b001701 10000 100 827 26104350 83089 83900
0b001801 0b002401 10000 100 920 26204979 83288 83974
0b005001 0b006801 10000 100 1698596 24512061 1797331 1507318
0b005301 0b006101 10000 100 2083 26173729 148897 84981
0b003f01 0b004b01 10000 100 244 26263839 82332 83433
0b005301 0b002301 10000 100 1588 26318707 96478 84547
0b007301 0b005e01 10000 100 100 26341309 81502 83318
0b004b01 0b004401 10000 100 80981 26323379 118000 109495
0b005a01 0b003a01 10000 100 173824 26278730 231505 228940
0b000f01 0b006d01 10000 100 366 26487831 83262 83531
0b004f01 0b007901 10000 100 8399 26493956 92739 90264
0b001601 0b000801 10000 100 156 26563666 81837 83363
0b002301 0b006901 10000 100 519 26660528 82009 83653
0b003401 0b002f01 10000 100 1310 26687827 84071 84324
0b003201 0b003701 10000 100 164 26741207 40434 41769
0b004801 0b002001 10000 100 682 26743295 103870 83784
0b005301 0b004101 10000 100 426 26738150 126134 83579
0b002001 0b003201 10000 100 784 26755824 114528 83865
0b005a01 0b004a01 10000 100 32734 26760786 110675 110654
0b007801 0b000301 10000 100 743 26883179 83081 83832
0b004801 0b006f01 10000 100 1069 26943404 83757 84132
0b001301 0b007801 10000 100 482 26937963 93105 83624
0b005101 0b002501 10000 100 233 26899407 156149 83424
0b005601 0b005301 10000 100 1349 27065690 42976 42756
0b000401 0b001601 10000 100 7394 27189768 91887 89422
0b004401 0b007101 10000 100 83957 27151352 231660 153591
0b002401 0b000101 10000 100 177 27343017 81177 83380
0b002901 0b002801 10000 100 518 27431888 41000 42052
0b000f01 0b006c01 10000 100 1280 27508666 84787 84300
0b000401 0b001701 10000 100 558 27521192 82128 83684
0b003601 0b001b01 10000 100 1007 27535093 84053 84082
0b007601 0b001601 10000 100 118 27581882 80896 83332
0b005c01 0b005801 10000 100 184 27660948 40466 41785
0b003101 0b005301 10000 100 56577 27582838 132595 130650
0b006c01 0b004601 10000 100 2413 27690799 84750 85245
0b007101 0b003301 10000 100 523 27679298 98228 83656
0b002a01 0b000b01 10000 100 346 27701681 81452 83515
0b006701 0b003701 10000 100 146 27686814 121065 83355
0b005e01 0b000301 10000 100 1385 27716356 101826 84384
0b002601 0b007401 10000 100 2358 27733416 86968 85201
0b003901 0b001001 10000 100 1304 27771438 84528 84320
0b003801 0b006a01 10000 100 7933 27849625 89909 89853
0b005d01 0b001b01 10000 100 559 27861332 82287 83685
0b000001 0b006901 10000 100 127 27905331 100879 83340
0b005e01 0b003d01 10000 100 6557 27911213 123327 88714
0b004401 0b003601 10000 100 1268 27965999 84161 84291
0b001501 0b003201 10000 100 186 27998816 82018 83387
0b005501 0b004201 10000 100 504 28031896 154888 83641
0b006d01 0b007701 10000 100 875 28098224 111995 83938
0b002c01 0b000f01 10000 100 1343591 24185459 4190279 1209682
0b000801 0b007701 10000 100 272 28359019 94162 83456
0b006201 0b005b01 10000 100 135 28414582 82275 83346
0b005501 0b003501 10000 100 3854704 19164246 9360586 3314995
0b006101 0b003201 10000 100 642 28444702 83037 83752
0b002a01 0b007001 10000 100 492 28439398 124762 83632
0b000201 0b003201 10000 100 2238 28538421 85113 85105
0b003e01 0b000001 10000 100 44441 28434997 210128 120480
0b000801 0b000b01 10000 100 124 28606062 40370 41737
0b002201 0b006801 10000 100 150820 28323921 344591 209654
0b000001 0b007f01 10000 100 829 28545999 138592 83901
0b002801 0b006201 10000 100 335 28579560 122393 83506
0b002701 0b003c01 10000 100 108 28743605 81606 83324
0b003901 0b007701 10000 100 161 28743057 107964 83367
0b003801 0b006401 10000 100 590 28849782 82508 83710
0b005201 0b004201 10000 100 290 28886044 81791 83470
0b005201 0b004501 10000 100 515 28859405 119323 83650
0b000401 0b005601 10000 100 1369 28904009 96721 84372
0b000d01 0b002701 10000 100 298 28943437 81623 83476
0b003d01 0b003c01 10000 100 513 29026805 40992 42048
0b005401 0b005501 10000 100 144 29010630 65743 41753
0b003b01 0b004e01 10000 100 3097 29094641 85807 85831
0b003701 0b005101 10000 100 199 29146002 85036 83397
0b000f01 0b006c01 10001 100 1338 29191033 85413 84347
0b002b01 0b002e01 10000 100 1490 29295793 42919 42868
0b001c01 0b003f01 10000 100 259 29258772 82447 83445
0b006401 0b001801 10000 100 92309 29264846 235801 160618
0b007f01 0b000401 10000 100 998 29474715 85067 84036
0b005901 0b004e01 10000 100 762 29493132 83544 83848
0b006d01 0b004b01 10000 100 100 29521537 82958 83318
0b005001 0b004c01 10000 100 1071 29514038 111592 84133
0b003501 0b005401 10000 100 965 29549191 86464 84010
0b004c01 0b000b01 10000 100 457 29566105 108784 83604
0b002501 0b007f01 10000 100 191 29575971 110122 83391
0b004b01 0b000001 10000 100 1682512 25143193 4602483 1493836
0b002901 0b000301 10000 100 17115 29660426 97898 97583
0b001c01 0b002e01 10000 100 214861 28917328 871944 263344
0b007f01 0b000d01 10000 100 2257 29708428 86212 85120
0b000301 0b004b01 10000 100 225074 29495622 300753 271937
0b006001 0b002e01 10001 100 517 29676417 130279 83652
0b003501 0b000601 10000 100 28174 29742351 127707 106852
0b007d01 0b005501 10001 100 1371 29918217 107991 84373
0b002001 0b006801 10000 100 466 29957891 118010 83611
0b002601 0b006e01 10000 100 1850 29937045 139620 84756
0b006201 0b003901 10000 100 1677037 27185034 2893031 1489264
0b002001 0b000001 10000 100 419 29995989 82479 83573
0b003901 0b002e01 10000 100 1648 30037658 84139 84595
0b000301 0b001301 10000 100 1039 30056835 83640 84108
0b000d01 0b005b01 10000 100 1119 30072749 83677 84172
0b006d01 0b007201 10000 100 2738 30070230 87049 85505
0b000601 0b006d01 10000 100 425 30098702 81865 83578
0b000901 0b003601 10000 100 178 30102040 81256 83380
0b004601 0b007001 10000 100 138 30122111 122204 83348
0b006e01 0b003b01 10000 100 838 30185669 83105 83908
0b007501 0b007601 10000 100 1088 30243908 41880 42547
0b007301 0b007501 10000 100 251 30273338 40574 41839
0b001601 0b002701 10000 100 1846 30281130 85268 84753
0b000a01 0b002401 10000 100 5395 30244212 146766 87746
0b005001 0b007b01 10000 100 512 30309917 83145 83648
0b000c01 0b006201 10000 100 560 30353626 82602 83686
0b007301 0b002a01 10000 100 199 30362680 115498 83397
0b003701 0b002b01 10000 100 137 30483447 84587 83348
0b002a01 0b004d01 10000 100 248 30480067 96348 83436
0b003001 0b004901 10000 100 9541238 21727210 8879376 8082603
0b005c01 0b003401 10000 100 244 30557456 81695 83433
0b001e01 0b005901 10000 100 1708 30574868 86582 84643
0b007e01 0b004c01 10000 100 9411 30591848 158826 91112
0b003001 0b002801 10000 100 132 30702194 80768 83344
0b000801 0b006901 10000 100 5541 30758870 90972 87863
0b002301 0b003501 10000 100 5359 30805187 87361 87717
0b003a01 0b006201 10000 100 8700 30837348 91459 90505
0b001501 0b005001 10000 100 463 30864262 83370 83608
0b002001 0b006001 10000 100 880 30892361 112595 83942
0b004601 0b001b01 10000 100 966 31004292 83563 84011
0b004b01 0b002601 10000 100 472 30993510 97484 83616
0b000201 0b001001 10000 100 180 31062242 80920 83382
0b006301 0b000001 10000 100 410 31152646 83866 83566
0b001901 0b000c01 10000 100 9849 31155069 96287 91463
0b002d01 0b004a01 10000 100 6526 31162127 97233 88689
0b005c01 0b004b01 10000 100 520 31246094 105647 83654
0b007201 0b000201 10000 100 240 31283798 81112 83430
0b001b01 0b007a01 10000 100 472 31303475 82278 83616
0b005601 0b007401 10000 100 12891480 12184309 19218719 10891436
0b005901 0b005601 10000 100 643 31400997 41240 42152
0b007c01 0b006301 10000 100 806 31334229 120136 83883
0b000f01 0b005e01 10000 100 425 31428918 81961 83578
0b001a01 0b002101 10000 100 594 31551877 84190 83713
0b004601 0b000e01 10000 100 3095 31661844 87874 85829
0b000601 0b005a01 10000 100 1164 31735322 84060 84208
0b000101 0b001501 10000 100 981 31818186 88844 84023
0b001901 0b001101 10000 100 365988 31578192 405098 348444
0b005001 0b001301 10000 100 2976 31927785 85201 85696
0b001001 0b002301 10000 100 54784 31883461 129727 129139
0b004001 0b002701 10000 100 286 31947263 85691 83467
0b007401 0b001b01 10000 100 26895 32034159 148531 105752
0b005501 0b006301 10000 100 254 32104777 115333 83441
0b003201 0b007601 10000 100 6987 32153431 88984 89058
0b002a01 0b005701 10000 100 2544 32136362 129385 85350
0b001501 0b007801 10000 100 5394 32168859 142354 87745
0b006201 0b003e01 10000 100 1791 32216388 108343 84709
0b007c01 0b003e01 10000 100 213 32302979 81762 83408
0b004101 0b002801 10000 100 295 32304290 109720 83474
0b003a01 0b007301 10000 100 475 32356350 81864 83618
0b004e01 0b007601 10000 100 658 32335858 103302 83764
0b007c01 0b004d01 10000 100 896 32363612 103755 83955
0b004701 0b005d01 10000 100 8793 32368045 165248 90580
0b004801 0b007b01 10000 100 715 32584592 82840 83810
0b002501 0b002801 10000 100 8857 32638007 62263 49031
0b006001 0b000701 10000 100 1347 32619973 84374 84354
0b001801 0b001501 10000 100 6366 32653411 56049 46961
0b006f01 0b007301 10000 100 51433 32550941 162667 126343
0b000501 0b004e01 10000 100 408 32630877 89237 83564
0b003101 0b003d01 10000 100 8194 32680850 54259 48500
0b002401 0b003801 10000 100 1740 32679526 99343 84668
0b005701 0b001901 10000 100 443 32785621 83202 83592
0b004301 0b005e01 10000 100 87477 32737980 186957 156560
0b003e01 0b005501 10000 100 6701 32793194 140621 88829
0b002c01 0b007e01 10000 100 9533 32944842 132403 91210
0b003601 0b001f01 10000 100 62883 32944740 140671 135925
0b005d01 0b002601 10000 100 980015 29572468 3513395 904882
0b005101 0b003101 10000 100 356 33017729 82236 83523
0b001901 0b004e01 10000 100 4649 33035328 89526 87111
0b002401 0b000201 10000 100 1461 33058834 86286 84445
0b001b01 0b004201 10000 100 197620 32633237 577820 248899
0b005f01 0b006e01 10000 100 9997 33097780 116451 91581
0b001f01 0b002401 10000 100 1018 33137548 83757 84091
0b000201 0b003301 10000 100 339 33251250 82020 83509
0b007f01 0b002801 10000 100 1197815 32028334 1392536 1087455
0b002d01 0b004901 10000 100 715 33365928 83886 83810
0b006201 0b002f01 10000 100 1006 33353721 116652 84081
0b004501 0b005801 10000 100 249 33379283 146911 83437
0b000201 0b000501 10000 100 206 33533442 40502 41803
0b000e01 0b003001 10000 100 76375 33388554 191866 147256
0b006c01 0b005e01 10000 100 638361 32141030 1446276 618426
0b006c01 0b007201 10000 100 1701 33520271 84143 84637
0b003f01 0b005b01 10000 100 482 33533501 82352 83624
0b001001 0b000b01 10000 100 689 33544059 83393 83789
0b007e01 0b004d01 10000 100 168 33629374 81737 83372
0b007301 0b007101 10000 100 7961 33682569 47751 48276
0b005201 0b003901 10000 100 6828 33680491 88530 88931
0b002201 0b000f01 10000 100 765 33686324 83320 83850
0b006e01 0b004d01 10000 100 226 33787554 84326 83419
0b000301 0b001e01 10000 100 8334 33785408 98551 90212
0b000c01 0b004501 10001 100 1444 33835091 85660 84432
0b002f01 0b001e01 10000 100 83825 33731613 241881 153485
0b004c01 0b000601 10000 100 545 34017560 99352 83674
0b005601 0b001c01 10000 100 544 34055562 139269 83673
0b006301 0b005301 10000 100 1462 34142140 99116 84446
0b000201 0b000601 10000 100 139 34226068 40394 41749
0b001601 0b005e01 10000 100 251 34198983 132280 83439
0b007e01 0b001001 10000 100 4893 34258103 94129 87306
0b007e01 0b004101 10000 100 408 34386130 85165 83564
0b002101 0b000401 10000 100 25336 34525033 117243 104467
0b007101 0b004b01 10000 100 128509 34310522 353454 190960
0b006201 0b002701 10000 100 158 34547725 126069 83364
0b001f01 0b001e01 10000 100 254 34690975 41022 41841
0b002201 0b004701 10000 100 820 34662501 109555 83894
0b005601 0b007d01 10000 100 1683 34745830 84936 84623
0b007101 0b004101 10000 100 164 34774374 81410 83369
0b007701 0b001001 10000 100 135 34787449 138078 83346
0b001d01 0b007d01 10000 100 1044 34893900 83617 84112
0b001601 0b007d01 10000 100 174 34906587 81578 83377
0b006a01 0b006401 10000 100 203 34960787 40496 41800
0b002801 0b007801 10000 100 1608 34956003 100694 84563
0b004201 0b004601 10000 100 9489 35026411 48905 49575
0b004301 0b007601 10000 100 1465 34989679 98780 84448
0b001901 0b002401 10000 100 9650 35018550 104306 91304
0b007c01 0b002501 10000 100 792 35021110 107194 83872
0b001701 0b004b01 10000 100 987 35145285 97329 84028
0b000d01 0b000c01 10000 100 439 35315235 40874 41989
0b003901 0b000301 10000 100 690 35256938 114701 83790
0b005f01 0b003501 10000 100 712355 32674864 2706260 680463
0b001101 0b004301 10000 100 177 35358386 83918 83380
0b002d01 0b002601 10000 100 7261243 28362055 7125794 6129455
0b004201 0b006a01 10000 100 448 35399738 107146 83596
0b002701 0b001301 10000 100 1461849 32139888 3378844 1308820
0b001c01 0b002401 10000 100 6286591 27389994 8131290 5353893
0b005901 0b002e01 10000 100 9997 35701642 97184 91581
0b005301 0b001301 10000 100 2327 35717959 85736 85176
0b000c01 0b003e01 10000 100 297 35787670 105995 83476
0b000001 0b005801 10000 100 1310 35833176 106783 84324
0b003601 0b007e01 10000 100 115 35879885 84099 83330
0b000901 0b001d01 10000 100 993 35884563 84969 84032
0b003501 0b001901 10000 100 4252 35926370 116547 86793
0b002801 0b005901 10000 100 111134 35551496 511843 176408
0b002d01 0b002701 10000 100 356 36048306 40910 41923
0b006601 0b002501 10000 100 1798 36059687 85507 84715
0b001301 0b001e01 10000 100 169 36166031 40442 41773
0b001001 0b003b01 10000 100 8622 36108973 101528 90443
0b004e01 0b003f01 10000 100 1547 36247875 86512 84514
0b002e01 0b005b01 10000 100 844 36254704 83044 83913
0b003901 0b005501 10000 100 148 36422906 122221 83356
0b003f01 0b007e01 10000 100 1961474 33389559 3177364 1727720
0b006701 0b002901 10000 100 3733851 28222652 8376781 3213666
0b005101 0b006801 10000 100 336 36555825 81420 83507
0b002901 0b005a01 10000 100 616 36572148 82316 83731
0b002301 0b001301 10000 100 880 36605633 83160 83942
0b006e01 0b005e01 10000 100 61951 36524060 175147 135141
0b003b01 0b004c01 10000 100 1126 36693895 84244 84177
0b007001 0b006801 10000 100 323 36706808 82311 83496
0b001f01 0b004b01 10000 100 677 36707252 83462 83780
0b000401 0b001401 10000 100 8087 36706793 90770 90015
0b004b01 0b006301 10000 100 612 36694190 117893 83728
0b000401 0b005801 10000 100 3268 36680944 141113 85968
0b001001 0b001f01 10000 100 1485422 35484796 1359738 1287000
0b003001 0b003d01 10000 100 1751 36902190 42411 43077
0b001201 0b006b01 10000 100 107 36971324 82325 83324
0b004001 0b002b01 10001 100 2197 37016009 85594 85072
0b007101 0b000e01 10000 100 1202 37038065 84419 84238
0b000a01 0b000401 10000 100 926 37095638 42396 42379
0b006d01 0b001b01 10000 100 688 37062217 83190 83788
0b007301 0b000501 10000 100 1728 37094362 84164 84659
0b001f01 0b002901 10001 100 2710 37101026 112072 85483
0b000d01 0b006101 10000 100 1673 37114840 126787 84615
0b002c01 0b003601 10000 100 431 37185590 81724 83583
0b002401 0b002801 10000 100 151 37255436 41158 41759
0b001101 0b002e01 10000 100 7293 37246030 105544 89341
0b000401 0b007501 10001 100 137207 37110396 294146 198264
0b006a01 0b004801 10000 100 1429 37325764 83925 84420
0b003c01 0b003001 10000 100 3933 37379009 44232 44900
0b000801 0b000e01 10000 100 363 37467597 41468 41928
0b002301 0b001c01 10001 100 1086 37412606 109501 84145
0b000801 0b001b01 10000 100 1022 37454993 84567 84094
0b005101 0b007601 10000 100 75886 37410420 178417 146827
0b007101 0b000201 10000 100 280 37602782 81880 83462
0b004e01 0b006001 10000 100 1229157 32108035 5581336 1113757
0b004e01 0b001801 10000 100 277 37620387 83608 83460
0b006801 0b000f01 10000 100 1505 37562671 151188 84480
0b001e01 0b002501 10000 100 944 37641617 108687 83993
0b001d01 0b002401 10000 100 1937872 35760744 1997635 1707916
0b000401 0b007a01 10000 100 8869 37754335 93731 90640
0b004d01 0b006601 10000 100 936 37817496 83865 83987
0b000b01 0b001401 10000 100 2641 37848441 86433 85428
0b005d01 0b005101 10000 100 951 37980370 41694 42399
0b004301 0b003f01 10000 100 1833 37968856 85413 84743
0b004b01 0b000601 10000 100 193 38051853 80960 83392
0b006d01 0b005001 10000 100 1560 37994227 156038 84524
0b002501 0b002d01 10000 100 720 38211498 41324 42214
0b001501 0b000401 10000 100 2679 38186905 90387 85458
0b003b01 0b002501 10000 100 262 38256859 83188 83448
0b005001 0b003c01 10000 100 572 38279180 82176 83696
0b004101 0b007e01 10000 100 8843 38264351 111437 90620
0b003b01 0b002301 10000 100 613211 37557604 826359 597346
0b005601 0b002401 10000 100 111 38308190 80716 83327
0b007c01 0b003401 10000 100 418 38311592 82177 83572
0b003401 0b001901 10000 100 169 38372379 80884 83373
0b001f01 0b004001 10000 100 5209 38374277 88825 87597
0b007701 0b003d01 10000 100 570601 37503788 1080148 561607
0b005e01 0b005f01 10000 100 641 38549932 41198 42151
0b003c01 0b004d01 10000 100 3154 38524566 131959 85876
0b003301 0b002901 10000 100 892 38615883 83200 83952
0b006d01 0b007601 10000 100 1841 38628310 85187 84749
0b003e01 0b003601 10000 100 1690 38735226 42952 43028
0b002a01 0b007501 10000 100 617 38726131 84360 83732
0b003901 0b001f01 10000 100 977 38754426 83812 84020
0b005701 0b005101 10000 100 6053258 30288184 8561723 5116680
0b002a01 0b003f01 10000 100 794 38799375 84822 83873
0b007801 0b004a01 10000 100 336 38789304 112447 83507
0b001001 0b000301 10000 100 385 38819237 135744 83546
0b007c01 0b004d01 10001 100 2448 38866520 97792 85273
0b004601 0b000901 10000 100 296 38915482 82531 83475
0b004601 0b004901 10000 100 156 38984496 40947 41763
0b007f01 0b005001 10000 100 2668 38996960 86783 85449
0b007301 0b006701 10000 100 1616 39028749 88535 84569
0b001c01 0b006601 10000 100 7603 39030221 97852 89589
0b007901 0b005501 10000 100 165 39014660 136896 83370
0b001801 0b000001 10000 100 1221180 36254932 2969003 1107068
0b007e01 0b004801 10000 100 466 39115200 109619 83611
0b000101 0b006501 10000 100 516 39188169 82990 83651
0b003901 0b003701 10000 100 1002 39232326 41820 42478
0b002a01 0b006001 10000 100 237240 38212104 1096091 282131
0b003501 0b002801 10000 100 222 39236627 81056 83416
0b004b01 0b001001 10000 100 224 39281008 81772 83417
0b005501 0b004f01 10000 100 5892 39368130 140363 88144
0b004801 0b004601 10000 100 23855 39548952 60930 61605
0b001501 0b000101 10000 100 944 39543729 86143 83993
0b001e01 0b001b01 10000 100 564 39615629 41128 42089
0b006a01 0b003801 10000 100 2595 39591157 85373 85391
0b005501 0b000101 10000 100 749 39630149 84300 83837
0b000401 0b002101 10000 100 249 39670780 83719 83437
0b004b01 0b007501 10000 100 503 39642692 115453 83640
0b005f01 0b004901 10000 100 259 39895542 131666 83445
0b003201 0b002201 10000 100 441 39954652 82328 83591
0b002f01 0b000a01 10000 100 112 40061061 82245 83328
0b005101 0b006201 10000 100 1016 40070550 84195 84089
0b005101 0b002d01 10000 100 3250 40109262 94533 85953
0b004b01 0b001501 10000 100 6486 40210623 95072 88657
0b005e01 0b001a01 10000 100 132 40235758 81946 83344
0b003501 0b004e01 10000 100 437 40298061 81995 83588
0b003001 0b007501 10000 100 8839 40291107 139285 90616
0b002201 0b001301 10000 100 748 40374519 85144 83836
0b002801 0b004901 10000 100 1145 40343925 119909 84192
0b002501 0b004901 10000 100 7945 40477193 164019 89863
0b002901 0b007e01 10000 100 8569 40621778 122683 90400
0b006801 0b002b01 10000 100 711 40676433 82802 83807
0b002d01 0b002101 10000 100 783 40719120 41424 42264
0b006801 0b000901 10000 100 2114 40681943 124543 85006
0b005201 0b004401 10000 100 1917 40732366 84630 84810
0b002b01 0b006701 10000 100 531 40816860 131253 83663
0b005d01 0b005f01 10000 100 532 40922087 41024 42064
0b001b01 0b006801 10000 100 153 40887465 82500 83360
0b001101 0b003d01 10000 100 886 40911049 108006 83947
0b007401 0b005001 10000 100 520 40956966 82008 83654
0b000401 0b000001 10000 100 121 41011686 40366 41735
0b007901 0b000c01 10001 100 479 40951527 108079 83621
0b001401 0b007c01 10000 100 623 41032108 86820 83736
0b003001 0b001801 10000 100 7491 41051804 92170 89500
0b007001 0b000801 10000 100 5718052 30377571 10787623 4877251
0b005501 0b001b01 10000 100 1492 41053078 117206 84470
0b002e01 0b002101 10000 100 2316 41133891 42901 43568
0b006201 0b000d01 10000 100 3096 41151926 87878 85830
0b007601 0b006001 10000 100 449 41364796 81780 83597
0b007f01 0b004901 10000 100 113 41366244 119133 83328
0b000d01 0b000301 10000 100 6134463 34802085 6722107 5184754
0b004301 0b006101 10000 100 734 41409075 128305 83825
0b006b01 0b004001 10000 100 753 41427741 113377 83840
0b005001 0b002601 10000 100 5013 41666043 87280 87440
0b007901 0b001c01 10000 100 169 41680578 82817 83373
0b000e01 0b001901 10000 100 2832 41678011 153803 85580
0b000d01 0b002101 10000 100 7056 41733300 137446 89152
0b003801 0b004701 10000 100 238 41772282 101923 83428
0b005901 0b003401 10000 100 430 41795814 102478 83582
0b005801 0b000901 10000 100 120 41815999 108902 83334
0b000401 0b003d01 10000 100 362 41900731 81504 83528
0b007801 0b000801 10000 100 2779 41981648 85043 85538
0b001801 0b000c01 10000 100 1242 42019494 85658 84270
0b002001 0b004501 10000 100 1862 42031200 86284 84766
0b004001 0b000a01 10000 100 2723 41983824 146622 85493
0b003d01 0b000d01 10000 100 102 42048475 116347 83320
0b000001 0b004f01 10000 100 127 42033318 133368 83340
0b007701 0b006701 10000 100 821060 39810167 2420567 771612
0b007701 0b007d01 10000 100 201 42240654 58298 41799
0b007201 0b007b01 10000 100 1995 42420503 42606 43272
0b003d01 0b005601 10000 100 4317 42418353 88026 86845
0b004c01 0b003b01 10000 100 1202186 40750774 1841092 1091144
0b002a01 0b001b01 10000 100 817 42549403 84787 83892
0b003301 0b004101 10000 100 59402 42399205 245550 133025
0b003601 0b007101 10000 100 281 42587466 81356 83463
0b003601 0b006701 10000 100 209 42620661 81803 83405
0b001801 0b007701 10000 100 29430094 3406996 39311618 24757425
0b003c01 0b003901 10000 100 1068 42687599 41864 42531
0b006b01 0b005601 10000 100 284 42661397 98173 83465
0b002901 0b001701 10000 100 919 42734568 83284 83973
0b006201 0b002001 10000 100 200 42930786 82722 83398
0b007601 0b006f01 10001 100 6811 42926854 88421 88917
0b000a01 0b001701 10000 100 42904 42802237 313273 119174
0b005801 0b001b01 10000 100 193 43040589 82414 83392
0b001201 0b002101 10000 100 481 43039852 84341 83623
0b007801 0b001a01 10000 100 980 43055490 83480 84022
0b001a01 0b000901 10000 100 973495 40318967 2837417 899397
0b005201 0b003801 10000 100 546 43240545 106346 83675
0b003701 0b003f01 10000 100 827 43361128 41496 42300
0b005801 0b004e01 10000 100 7349 43340710 97874 89386
0b007501 0b000801 10000 100 684 43394699 82931 83785
0b007501 0b003d01 10000 100 132 43530196 80768 83344
0b000d01 0b006101 10001 100 121 43693244 81208 83335
0b000401 0b006a01 10000 100 252 43684864 94125 83440
0b007601 0b005601 10000 100 508 43702587 122292 83644
0b002101 0b004401 10000 100 164 43787058 86276 83369
0b006f01 0b007701 10000 100 120 43813918 80770 83334
0b001e01 0b004a01 10000 100 1609 43851195 85356 84564
0b003901 0b005901 10000 100 334 43847230 101823 83505
0b001901 0b006001 10000 100 213902 43455076 500346 262539
0b001b01 0b000701 10000 100 1503 43873530 86344 84479
0b003e01 0b004801 10000 100 359 43960440 124133 83525
0b006f01 0b001e01 10000 100 272 44011648 81510 83456
0b004901 0b000201 10000 100 298 44014844 176966 83476
0b004601 0b001a01 10000 100 360 44207632 82215 83526
0b000201 0b002501 10000 100 817 44214576 107232 83892
0b003101 0b005d01 10000 100 1608 44260183 85102 84563
0b000201 0b004c01 10000 100 662417 42684341 1680777 638592
0b000e01 0b004d01 10000 100 5363 44312733 89490 87720
0b007801 0b002a01 10000 100 2080 44301339 114340 84979
0b001501 0b005401 10000 100 1760 44376312 85153 84684
0b004001 0b003301 10000 100 186 44429163 89607 83387
0b000e01 0b001301 10000 100 314 44561070 83621 83489
0b000401 0b002301 10000 100 883 44604963 83740 83944
0b007d01 0b005201 10000 100 1787 44642823 84706 84706
0b007601 0b000e01 10000 100 6833 44656872 102681 88935
0b003601 0b002d01 10000 100 1059 44718567 83629 84124
0b005b01 0b004001 10000 100 951 44786853 92503 83999
0b002601 0b003801 10000 100 8883566 27771491 17145130 7531198
0b006b01 0b000001 10000 100 655 44940280 126304 83762
0b002701 0b003701 10000 100 561 45036279 83412 83687
0b001e01 0b006801 10000 100 322 45048747 110809 83496
0b002401 0b002a01 10000 100 6037 45122968 46126 46698
0b002401 0b004b01 10000 100 2472594 42268129 2914651 2156238
0b005201 0b000b01 10000 100 530 45290543 84562 83662
0b002e01 0b002d01 10000 100 8249 45338568 47875 48544
0b004d01 0b003d01 10000 100 8068 45304209 95269 90000
0b003101 0b003001 10000 100 1760 45385928 43168 43084
0b003301 0b000a01 10000 100 2705 45330601 129919 85479
0b001501 0b001c01 10000 100 575 45445074 41661 42098
0b000101 0b002001 10000 100 436 45438706 83352 83587
0b005601 0b005f01 10000 100 132 45581228 40384 41744
0b006601 0b003801 10000 100 1325 45547552 83842 84336
0b003001 0b003601 10000 100 794 45756482 41442 42273
0b004e01 0b007001 10000 100 6368097 33898898 11909022 5422247
0b006f01 0b002401 10000 100 6434 45733379 88119 88616
0b003a01 0b001f01 10000 100 2636 45759609 84971 85424
0b007101 0b004a01 10001 100 1905 45780748 120359 84800
0b002701 0b005301 10000 100 1148117 38349564 7556247 1045815
0b002e01 0b002c01 10000 100 239 45960498 41227 41829
0b003301 0b007201 10000 100 197 46022943 80976 83396
0b005801 0b004801 10000 100 1568 46017075 105913 84531
0b001201 0b007801 10000 100 91790 45997239 160418 160164
0b006f01 0b002101 10000 100 2447 46082777 84778 85272
0b006101 0b001001 10000 100 4732 46118786 90535 87177
0b004301 0b002c01 10000 100 2967 46170619 87838 85688
0b005201 0b006f01 10000 100 608 46159316 132554 83724
0b005e01 0b001401 10000 100 811 46241753 82940 83887
0b002501 0b007b01 10000 100 635 46327123 83292 83746
0b002501 0b000601 10000 100 3380 46366076 90257 86057
0b002201 0b004201 10000 100 1663244 40431535 6103776 1477692
0b002701 0b004501 10000 100 997 46605234 84779 84036
0b007501 0b005401 10000 100 123 46802599 116431 83336
0b000b01 0b005601 10000 100 3737 46786564 135474 86343
0b005b01 0b005e01 10000 100 349 47007628 40912 41917
0b004301 0b001901 10000 100 4243 47011222 86338 86786
0b001e01 0b000901 10000 100 360 47100463 102544 83526
0b007601 0b003a01 10000 100 1046 47286482 115884 84113
0b006601 0b002801 10000 100 2246 47482349 85550 85112
0b007001 0b000901 10001 100 624 47481199 102737 83737
0b000a01 0b001b01 10000 100 671 47475257 140293 83775
0b000b01 0b004c01 10000 100 424 47594579 97857 83577
0b003501 0b005301 10000 100 7575596 34933289 12935251 6434595
0b005f01 0b001101 10000 100 1671573 43101429 5056610 1484663
0b000e01 0b005701 10000 100 171 48087742 122620 83375
0b004301 0b001101 10000 100 7807 48178263 94211 89752
0b004e01 0b004501 10000 100 750872 46831024 1692092 671136
0b002a01 0b001001 10000 100 13052669 35253774 13280978 11026570
0b004901 0b003b01 10000 100 615 48459675 83123 83730
0b000301 0b004901 10000 100 125 48570965 122923 83338
0b005e01 0b007401 10000 100 1455 48724170 122930 84440
0b002a01 0b002401 10000 100 548370 48303487 575248 501377
0b007601 0b002401 10000 100 969 48844265 83756 84013
0b003301 0b001601 10000 100 701330 47042359 2106193 671220
0b004e01 0b007b01 10000 100 164 49183006 112440 83369
0b007601 0b001d01 10000 100 591 49357295 82236 83711
0b007501 0b000b01 10000 100 444 49577716 141033 83593
