0b006901 0b004e01 10000 100 469 108274 81844 83613
0b004a01 0b002901 10000 100 531 157893 82044 83663
0b006801 0b000b01 10000 100 121 234260 80732 83335
0b004701 0b004601 10000 100 837 398298 41512 42308
0b003e01 0b001001 10000 100 120 383817 80728 83334
0b007401 0b006d01 10000 100 337 485228 81565 83508
0b000e01 0b006e01 10000 100 2238 503332 84610 85105
0b000a01 0b001c01 10000 100 484 583534 81892 83625
0b005101 0b001e01 10000 100 9628 579933 105780 91286
0b005201 0b003201 10000 100 265848 530296 313574 306092
0b002d01 0b000701 10000 100 809 873249 82932 83885
0b007501 0b000f01 10000 100 414 982028 81668 83569
0b000001 0b003501 10000 100 1470 1096303 83958 84452
0b000e01 0b004b01 10000 100 8679 1135620 89991 90488
0b006101 0b003401 10000 100 998 1194256 83536 84036
0b006f01 0b005501 10000 100 1445 1196468 83938 84432
0b004701 0b001101 10000 100 1632 1203371 84088 84582
0b000501 0b004201 10000 100 750 1209223 82744 83838
0b000201 0b007301 10000 100 284 1252149 81812 83465
0b001d01 0b000301 10000 100 224 1359091 81060 83417
0b002101 0b000101 10000 100 140 1388357 80851 83350
0b004601 0b006301 10000 100 346 1423614 81793 83515
0b001401 0b007201 10000 100 489 1453382 81908 83629
0b007801 0b004601 10000 100 1635 1453256 84090 84584
0b000a01 0b003101 10000 100 222084 1356451 268847 269430
0b007901 0b007a01 10000 100 1392465 493860 1207840 1209063
0b001001 0b003001 10000 100 429 1647625 81716 83581
0b002b01 0b001a01 10000 100 1567 1660933 85296 84530
0b003d01 0b005901 10000 100 201 1748863 81760 83399
0b004a01 0b007d01 10000 100 481 1808058 81884 83623
0b004401 0b004f01 10000 100 918 1857090 41640 42372
0b000901 0b004f01 10000 100 1650 1893957 84102 84596
0b000601 0b000a01 10000 100 886 2039301 41590 42347
0b002c01 0b003301 10000 100 745 2030026 82728 83834
0b006501 0b000701 10000 100 589 2031969 82339 83709
0b003d01 0b006c01 10000 100 1844526 503529 1628636 1629668
0b006101 0b006301 10000 100 677 2101878 41289 42180
0b000501 0b002901 10000 100 6234 2078179 87959 88456
0b006301 0b001a01 10000 100 1221469 1063813 1107722 1107300
0b006e01 0b002f01 10000 100 767 2093373 82800 83852
0b002501 0b004501 10000 100 1707 2094834 84148 84642
0b004f01 0b003601 10000 100 4297 2173480 86334 86829
0b000601 0b002701 10000 100 1326 2204039 84684 84337
0b006801 0b003c01 10000 100 723 2286335 82656 83816
0b004b01 0b001501 10000 100 4701 2347060 86657 87152
0b005501 0b004d01 10000 100 1689 2421363 84133 84628
0b003c01 0b002f01 10000 100 696 2772727 82572 83795
0b005201 0b004101 10000 100 764 2810585 82788 83849
0b007d01 0b005e01 10000 100 944 2847905 83364 83993
0b002401 0b005401 10000 100 1217 2984207 83892 84250
0b004901 0b005601 10000 100 1031 3014720 83607 84101
0b004e01 0b003101 10000 100 1057 3038964 83628 84122
0b007b01 0b001201 10000 100 1090 3064292 83654 84148
0b001e01 0b001901 10000 100 1065 3109233 42004 42528
0b000301 0b005901 10000 100 3254 3212210 85509 85956
0b002a01 0b005401 10000 100 7602 3387090 89092 89588
0b000f01 0b001c01 10000 100 376 3407995 89886 83539
0b000c01 0b000501 10000 100 2896 3553982 43365 44032
0b001001 0b004b01 10000 100 5204 3524373 87289 87593
0b005d01 0b002a01 10000 100 787 3655166 82864 83868
0b006501 0b006901 10000 100 206 3843727 40502 41803
0b002901 0b005d01 10000 100 893027 2413453 1578808 831951
0b006b01 0b004701 10000 100 1284 3944796 83809 84304
0b002501 0b005501 10000 100 225 3954997 81064 83418
0b004901 0b003a01 10000 100 198434 3793307 249015 249588
0b003501 0b007801 10000 100 1185 4141080 83730 84224
0b001501 0b006601 10000 100 158 4163991 80848 83364
0b007501 0b006001 10000 100 47634 4203150 122637 123150
0b000701 0b007301 10000 100 350 4310156 82749 83518
0b002d01 0b002a01 10000 100 1200 4361311 41970 42636
0b000a01 0b003b01 10000 100 411 4325746 82381 83567
0b004401 0b006e01 10000 100 1807 4348866 84228 84722
0b007e01 0b007301 10000 100 703 4438391 41296 42200
0b004f01 0b001901 10000 100 260 4399634 81176 83446
0b000101 0b006801 10000 100 351 4642032 81931 83519
0b006b01 0b003b01 10000 100 357 4654464 82483 83524
0b006601 0b006b01 10000 100 343 4796840 40720 41912
0b005701 0b007b01 10000 100 640 4798376 82392 83750
0b006801 0b000301 10000 100 435 4823720 81736 83586
0b007e01 0b000501 10000 100 368 4920869 81520 83532
0b007701 0b000b01 10000 100 981 4940999 83484 84023
0b004c01 0b005101 10000 100 303 4981093 81312 83480
0b005a01 0b007701 10000 100 81890 5179580 151334 151860
0b001101 0b001e01 10000 100 432 5303183 40873 41984
0b002101 0b005e01 10000 100 702 5248180 95946 83800
0b003801 0b006e01 10000 100 1096 5279064 83659 84153
0b006a01 0b005901 10000 100 1515 5297383 104027 84488
0b001d01 0b007b01 10000 100 172893 5179307 227594 228157
0b005401 0b002601 10000 100 683 5373794 82528 83784
0b005101 0b003901 10000 100 64019 5324513 137639 136911
0b005201 0b007e01 10000 100 208 5399576 81008 83404
0b005f01 0b005901 10000 100 110 5449534 40348 41726
0b003301 0b002001 10000 100 112 5451536 81145 83328
0b003301 0b006801 10000 100 642 5465641 82400 83752
0b003a01 0b001c01 10000 100 2464 5466019 84791 85286
0b001801 0b001c01 10000 100 1045 5701022 41846 42512
0b007d01 0b003801 10000 100 1022 5770150 84797 84094
0b006501 0b002601 10000 100 40096 5748399 118213 116851
0b006101 0b005701 10000 100 4316 5786166 86349 86844
0b005001 0b001601 10000 100 375 5822486 81544 83538
0b005b01 0b002c01 10000 100 146 5880161 81624 83355
0b005701 0b004101 10000 100 758 5929421 82768 83844
0b000701 0b001f01 10000 100 180 6093278 81311 83382
0b004c01 0b005001 10000 100 277 6093497 81232 83460
0b006701 0b007f01 10000 100 457 6120891 81808 83604
0b001701 0b005101 10000 100 814 6132510 82948 83889
0b007901 0b002701 10000 100 331 6178209 81404 83503
0b001201 0b002001 10000 100 1487 6195518 84803 84466
0b003201 0b000c01 10000 100 1792 6217937 84216 84710
0b003501 0b002d01 10000 100 1050 6370050 83622 84116
0b004301 0b004601 10000 100 210 6657284 40797 41806
0b004601 0b001001 10000 100 1062 6674297 84094 84126
0b002501 0b002601 10000 100 241 6736094 40558 41831
0b002601 0b001f01 10000 100 424 6954951 81700 83577
0b002301 0b003e01 10000 100 6840 6983024 88444 88940
0b002601 0b005001 10000 100 156 6995442 80844 83363
0b000d01 0b005c01 10000 100 287 7057115 81264 83468
0b002301 0b004501 10000 100 8272 7070421 89666 90163
0b003b01 0b000001 10000 100 93781 7027165 171342 161834
0b007d01 0b006201 10000 100 472 7211506 81856 83616
0b003901 0b003401 10000 100 1622 7270557 42308 42974
0b002701 0b000101 10000 100 787 7545548 82864 83868
0b000801 0b006601 10000 100 1401 7560106 83903 84397
0b006d01 0b004e01 10000 100 270 7574708 81208 83454
0b000701 0b001f01 10001 100 548 7584591 90114 83676
0b000701 0b000e01 10000 100 166 7635428 41001 41771
0b006501 0b004101 10000 100 8295 7625992 89684 90181
0b000a01 0b000301 10000 100 433 7678364 40864 41984
0b001601 0b006c01 10000 100 860 7725219 83096 83926
0b001b01 0b002c01 10000 100 5047 7725094 88217 87468
0b007c01 0b001e01 10000 100 8922741 406905 7569178 7564036
0b002001 0b006701 10000 100 1295 7904468 83818 84312
0b003f01 0b005b01 10000 100 682 7972868 82528 83784
0b001c01 0b006501 10000 100 15410 7973633 95642 96142
0b005501 0b007701 10000 100 125029 7853398 216597 188061
0b004701 0b007401 10000 100 98911 7934451 198139 166130
0b007a01 0b007f01 10000 100 1687 8125605 42360 43026
0b001501 0b003c01 10000 100 712 8111392 82624 83808
0b007b01 0b005c01 10000 100 345 8163764 81448 83514
0b006f01 0b005801 10000 100 1183 8184528 84832 84223
0b001101 0b007301 10000 100 2287 8211454 84698 85144
0b000901 0b004301 10000 100 312757 7781064 546272 345424
0b002b01 0b003b01 10000 100 183610 7992844 371815 237153
0b003a01 0b003701 10000 100 843 8325825 41520 42312
0b000601 0b006801 10000 100 900 8292744 83224 83958
0b001001 0b003401 10000 100 9488 8328713 90676 91174
0b001601 0b006d01 10000 100 1337 8444690 83852 84346
0b000f01 0b001e01 10000 100 909 8591964 83252 83965
0b006001 0b007101 10000 100 1146036 7632552 1097688 1044073
0b002701 0b007c01 10000 100 142 8785288 80800 83352
0b001301 0b004901 10000 100 876 8822868 83304 83939
0b005801 0b006401 10000 100 98950 8738792 168052 166161
0b005401 0b003b01 10000 100 6098 8855298 90611 88347
0b005a01 0b000f01 10000 100 481 8969658 82097 83623
0b007101 0b001301 10000 100 1715640 7586750 1575530 1521606
0b002a01 0b007301 10000 100 1339 9116694 83866 84348
0b000e01 0b006701 10000 100 308 9197716 82518 83484
0b005301 0b000601 10000 100 1544 9228212 84017 84512
0b001801 0b000b01 10000 100 99148 9232220 167984 166358
0b002301 0b006301 10000 100 476061 9006929 482828 482365
0b007801 0b002301 10000 100 170 9556957 80888 83374
0b005701 0b007401 10000 100 236 9583258 81100 83427
0b001e01 0b002101 10000 100 648 9654525 82416 83756
0b006a01 0b001e01 10000 100 2524 9652323 84839 85334
0b004401 0b006701 10000 100 4968 9728562 86870 87366
0b000b01 0b005601 10000 100 6578 10112602 89086 88731
0b006c01 0b001301 10000 100 670 10150363 82488 83774
0b002c01 0b003c01 10000 100 406 10153848 81644 83563
0b000601 0b006001 10000 100 579 10193074 82196 83701
0b000001 0b001c01 10000 100 989948 9367205 912284 913174
0b004601 0b003d01 10000 100 5101 10389377 88691 87511
0b005001 0b003a01 10000 100 120 10497364 80728 83334
0b006501 0b007301 10000 100 791 10544286 82876 83871
0b006101 0b007d01 10000 100 1141 10839664 83695 84189
0b006001 0b007101 10001 100 183 10881438 80928 83384
0b002901 0b000701 10000 100 9499461 2170645 8792620 8047568
0b006001 0b006a01 10000 100 119 10960613 40362 41733
0b002001 0b006a01 10000 100 604 10957575 82276 83721
0b007301 0b000101 10000 100 1010 11115700 83592 84084
0b002101 0b007b01 10000 100 117 11131796 81358 83332
0b003e01 0b005d01 10000 100 848 11138730 83056 83916
0b002c01 0b004101 10000 100 5810 11137543 87774 88078
0b002e01 0b003801 10000 100 394 11187162 81604 83553
0b005001 0b000a01 10000 100 7364 11245817 90831 89398
0b000801 0b004501 10000 100 232709 11144519 277727 278314
0b001301 0b000601 10000 100 533 11404301 82048 83664
0b006f01 0b000101 10000 100 1152 11499422 83743 84198
0b006501 0b000801 10000 100 6843 11536083 88446 88943
0b005f01 0b002f01 10000 100 1711069 10144496 1517001 1517796
0b000301 0b000501 10000 100 222 11638346 40528 41816
0b000a01 0b004801 10000 100 677 11610893 82512 83780
0b007a01 0b002501 10000 100 173 11615336 80896 83376
0b004501 0b005d01 10000 100 325 11659502 82005 83498
0b005201 0b005d01 10000 100 43164 11668447 77435 77820
0b005b01 0b000a01 10000 100 8038 11697448 89478 89976
0b000501 0b006001 10000 100 271 11714789 81212 83455
0b006101 0b006701 10000 100 1474 11769290 42189 42856
0b005d01 0b001701 10000 100 6701 11756276 88477 88829
0b006e01 0b005b01 10000 100 305 11726917 121395 83482
0b007e01 0b007101 10000 100 105 11955811 40340 41722
0b001d01 0b000101 10000 100 751 12087555 82748 83839
0b005a01 0b004801 10000 100 1066 12209664 83635 84129
0b007b01 0b004901 10000 100 5019 12250240 86997 87445
0b005001 0b002c01 10000 100 8971 12263647 90904 90722
0b001c01 0b007b01 10000 100 378 12348635 81552 83540
0b003d01 0b003c01 10000 100 347 12513742 40728 41916
0b002301 0b005601 10000 100 1020 12487199 83598 84092
0b001401 0b006d01 10000 100 867 12583404 83120 83932
0b000f01 0b007001 10000 100 976 12679436 83468 84019
0b000501 0b004901 10000 100 91015 12647063 159014 159544
0b006a01 0b006301 10000 100 1390 12819085 42122 42788
0b000b01 0b007601 10000 100 848 12864472 83056 83916
0b003b01 0b000301 10000 100 162 12880552 81564 83368
0b001d01 0b004a01 10000 100 868 13006041 83120 83932
0b005101 0b007501 10000 100 394 13018691 90579 83553
0b007701 0b007e01 10000 100 20855 13080522 58416 59090
0b003b01 0b002301 10000 100 5932 13124296 88670 88176
0b002901 0b005501 10000 100 557 13176326 82128 83684
0b002901 0b004f01 10000 100 1867 13373865 84276 84770
0b002201 0b006601 10000 100 3966 13483659 86031 86526
0b003701 0b007201 10000 100 576 13592759 82623 83699
0b004a01 0b007d01 10001 100 5740 13610278 87526 88022
0b007f01 0b004a01 10000 100 313 13635250 81344 83488
0b000601 0b001a01 10000 100 1049 13809426 83621 84116
0b000d01 0b007301 10000 100 863 13906627 83104 83928
0b007c01 0b001c01 10000 100 154 13959197 80836 83361
0b000701 0b007501 10000 100 2639 13957677 84931 85426
0b005e01 0b003901 10000 100 3019 13960102 86117 85768
0b005a01 0b004701 10000 100 184 14044992 80932 83385
0b006501 0b002a01 10000 100 934 14078464 83332 83985
0b002601 0b000101 10000 100 52346 14262989 127797 127112
0b000c01 0b007901 10000 100 276 14575212 81228 83459
0b001501 0b000f01 10000 100 1092 14591947 83656 84150
0b003601 0b002101 10000 100 8651 14588303 89969 90466
0b002101 0b001401 10000 100 143 14842908 80800 83352
0b002e01 0b005701 10000 100 1931 14840953 89190 84821
0b006101 0b003801 10000 100 473 14885122 81856 83616
0b005901 0b006401 10000 100 232 14926556 81088 83424
0b002601 0b003101 10000 100 770 14989994 82808 83854
0b007e01 0b001c01 10000 100 233 15011511 81088 83424
0b004c01 0b001801 10000 100 544 15047949 82579 83673
0b007001 0b005201 10000 100 376374 14768773 398131 398776
0b005601 0b006901 10000 100 244 15106901 81824 83433
0b002301 0b001f01 10000 100 389 15111266 81588 83549
0b000c01 0b001401 10000 100 559 15163059 82132 83685
0b002b01 0b001501 10000 100 528 15197452 82032 83660
0b005901 0b002101 10000 100 24899 15225393 103575 104079
0b005f01 0b001801 10000 100 1507502 13956385 1448900 1347108
0b001b01 0b002101 10000 100 801 15400117 82908 83879
0b005901 0b006001 10000 100 292 15450898 81696 83472
0b001b01 0b007801 10000 100 803 15619326 82912 83880
0b002101 0b007601 10000 100 941 15689447 83356 83991
0b001f01 0b002601 10000 100 719 15709303 82644 83813
0b005501 0b004001 10000 100 828 16203805 82992 83900
0b004601 0b005e01 10001 100 234 16288450 81282 83425
0b006b01 0b004301 10000 100 201 16339947 80988 83399
0b002d01 0b002901 10000 100 490 16423151 40956 42030
0b004901 0b004b01 10000 100 946 16430291 41686 42395
0b003401 0b005a01 10000 100 181 16563006 81755 83383
0b002201 0b006201 10000 100 432 16576932 81728 83584
0b001501 0b002501 10000 100 7219 16652697 88785 89282
0b005101 0b005601 10000 100 530 16773560 41020 42062
0b005c01 0b007001 10000 100 3150 16772589 85426 85873
0b002701 0b000101 10001 100 491 16851754 81916 83631
0b003d01 0b001f01 10000 100 5258 16898809 87366 87636
0b004901 0b006901 10000 100 316 16946674 81356 83491
0b005001 0b005a01 10000 100 1417524 15802532 1229020 1230070
0b000601 0b003601 10000 100 809 16963273 82932 83885
0b007d01 0b006c01 10000 100 802 16969347 82912 83880
0b002501 0b003901 10000 100 87255 16897441 155854 156383
0b005f01 0b001301 10000 100 144 17017799 80804 83353
0b006101 0b000a01 10000 100 672 17031756 82496 83776
0b001601 0b003801 10000 100 777733 16417121 734456 735261
0b002801 0b002b01 10000 100 130 17240438 40380 41742
0b000901 0b007e01 10000 100 976 17239646 83468 84019
0b005d01 0b000b01 10000 100 5276 17237269 88047 87651
0b006401 0b001801 10000 100 3451 17264662 85619 86114
0b007101 0b001801 10000 100 6127 17436462 87874 88370
0b004101 0b007801 10000 100 571 17551337 82172 83695
0b001501 0b003b01 10000 100 2242 17649364 85813 85108
0b003801 0b005901 10000 100 171 17722092 81475 83375
0b006a01 0b005a01 10000 100 7953 17725394 89372 89869
0b001f01 0b006b01 10000 100 71156 17741950 142367 142889
0b004701 0b000101 10000 100 5475 17823534 87776 87810
0b001a01 0b004101 10000 100 367 17952097 81520 83532
0b005901 0b007f01 10000 100 497002 17579853 499288 499924
0b001401 0b007c01 10000 100 173 18003386 80896 83376
0b004c01 0b005601 10000 100 216 18037377 81036 83411
0b005f01 0b002a01 10000 100 331 18090154 81404 83503
0b000601 0b007401 10000 100 90001 18019061 158174 158695
0b000c01 0b004a01 10000 100 1538 18223513 84659 84507
0b007e01 0b006001 10000 100 2410 18327147 84748 85243
0b006601 0b004c01 10000 100 502 18358094 81952 83640
0b005d01 0b003701 10000 100 34792 18342121 117851 112377
0b003201 0b000401 10000 100 643 18569266 82400 83752
0b002b01 0b005b01 10000 100 555 18620643 84669 83682
0b006501 0b003a01 10000 100 468 18626333 82403 83612
0b000c01 0b000001 10000 100 34221 18671109 69641 70320
0b000901 0b003c01 10000 100 209 18727396 81012 83405
0b006501 0b005001 10000 100 401 18782682 81628 83559
0b006f01 0b003001 10000 100 733 18802760 82688 83824
0b007501 0b007101 10000 100 42524 18840973 76587 77270
0b003a01 0b000b01 10000 100 1800 18843026 84222 84716
0b007401 0b000801 10000 100 1627 18938668 84084 84578
0b005701 0b006b01 10000 100 407 19136748 81648 83564
0b002801 0b004e01 10000 100 163 19307093 80864 83368
0b007d01 0b003501 10000 100 949 19326944 83380 83997
0b003f01 0b006801 10000 100 9097 19351858 97674 90861
0b003801 0b006901 10000 100 41402 19330676 125082 117934
0b007c01 0b005701 10000 100 564 19460393 85091 83689
0b004b01 0b001801 10000 100 2466 19492681 84793 85288
0b001f01 0b005c01 10000 100 248 19518033 81136 83436
0b001f01 0b007501 10000 100 6037 19522553 87802 88298
0b002e01 0b002f01 10000 100 186289 19470325 197071 197812
0b004601 0b001901 10000 100 350 19710082 81571 83518
0b002701 0b001801 10000 100 833 19837716 83008 83904
0b004c01 0b000201 10000 100 1020 19995798 83880 84092
0b002601 0b002401 10000 100 313 20127070 40672 41888
0b001a01 0b006f01 10000 100 1851 20155216 84263 84757
0b001201 0b007601 10000 100 1807 20194126 84228 84722
0b005301 0b002401 10000 100 1670 20211474 84118 84612
0b003401 0b006801 10000 100 1105 20253083 83666 84160
0b001e01 0b004a01 10000 100 640 20478291 82392 83750
0b001b01 0b006b01 10000 100 2012 20539023 84430 84924
0b005e01 0b001c01 10000 100 314 20584665 81370 83489
0b006f01 0b001801 10000 100 1574 20594868 84041 84536
0b002e01 0b004401 10000 100 57788 20559141 131140 131657
0b000a01 0b002601 10000 100 1639 20660213 84093 84588
0b001701 0b002c01 10000 100 1407 20975495 83908 84402
0b001301 0b007901 10000 100 584 21097745 82212 83705
0b005101 0b001101 10000 100 1445 21171015 83938 84432
0b007d01 0b001c01 10000 100 522 21179489 82592 83656
0b000801 0b005d01 10000 100 238 21220529 81142 83428
0b003401 0b001a01 10000 100 8048 21225711 89486 89984
0b000601 0b002e01 10000 100 147 21472741 80816 83356
0b001b01 0b003101 10000 100 1349 21502631 83861 84356
0b004001 0b007101 10000 100 148 21518091 80816 83356
0b006201 0b004e01 10000 100 815 21520611 82952 83890
0b003801 0b004201 10000 100 496 21636547 81932 83635
0b006501 0b004a01 10000 100 766 21654987 82796 83851
0b002201 0b007d01 10000 100 614986 21184323 598113 598804
0b004701 0b003601 10000 100 92018 21625783 164553 160385
0b002101 0b000f01 10000 100 1686 21735142 84909 84625
0b002301 0b005301 10000 100 718 21860471 82640 83812
0b007101 0b000101 10000 100 4956 21872247 91032 87356
0b004501 0b006f01 10000 100 78970 21820047 148884 149409
0b000501 0b000401 10000 100 2418 21959894 42982 43649
0b001201 0b007b01 10000 100 31659 21893416 110960 109756
0b004301 0b005f01 10000 100 3015 22061013 85270 85765
0b006401 0b007001 10000 100 740 22152549 82712 83830
0b004f01 0b001e01 10000 100 3999 22217282 86057 86552
0b005a01 0b003201 10000 100 8127 22218617 89550 90047
0b007301 0b006b01 10000 100 2351 22310610 84701 85196
0b004701 0b006101 10000 100 280 22501828 81240 83462
0b004501 0b002d01 10000 100 250961 22296163 293013 293607
0b001201 0b004701 10000 100 108 22546216 80688 83324
0b001e01 0b002f01 10000 100 184 22566414 80932 83385
0b006601 0b002201 10000 100 259 22629787 81172 83445
0b002101 0b005e01 10001 100 169 22645557 82508 83373
0b003001 0b003201 10000 100 294 22715070 40642 41873
0b001101 0b005d01 10000 100 983 22876485 83574 84024
0b001101 0b007001 10000 100 214 23076391 81073 83409
0b007f01 0b005b01 10000 100 783 23084514 82848 83864
0b003d01 0b001b01 10000 100 475 23112907 82349 83618
0b002f01 0b005701 10000 100 5300 23114998 87174 87670
0b002c01 0b003201 10000 100 849 23118889 83758 83917
0b001601 0b003b01 10000 100 1178 23157233 84622 84219
0b000801 0b001201 10000 100 741 23200210 82716 83831
0b002001 0b002801 10000 100 2401 23282043 42969 43636
0b000e01 0b002901 10000 100 560 23264620 82136 83686
0b001c01 0b005201 10000 100 1426 23308589 83923 84417
0b000101 0b006d01 10000 100 589550 22445514 965337 577496
0b000b01 0b003b01 10000 100 75807 23384729 210608 146764
0b003301 0b001701 10000 100 103 23583129 80672 83320
0b005601 0b004301 10000 100 282 23649310 81248 83464
0b002401 0b004601 10000 100 1923 23657677 84430 84815
0b003801 0b005801 10000 100 232 23751269 81088 83424
0b003801 0b005401 10000 100 1203 23770625 83744 84239
0b006001 0b004401 10000 100 1087 23779787 83652 84146
0b007901 0b006d01 10000 100 1890 23834459 84294 84788
0b006801 0b002b01 10000 100 11340 23862238 92234 92732
0b006601 0b005001 10000 100 36844 23904308 113587 114096
0b001501 0b002701 10000 100 7848 24017965 89288 89785
0b000801 0b005e01 10000 100 387108 23477382 639627 407785
0b003201 0b007901 10000 100 945 24059692 83368 83994
0b000e01 0b002d01 10000 100 974 24076027 83644 84017
0b007d01 0b006001 10000 100 791 24104692 82876 83871
0b005501 0b002f01 10000 100 102356 24094104 170235 169040
0b005101 0b000601 10000 100 9969 24313043 99382 91559
0b000c01 0b000101 10000 100 3606 24370746 44430 44638
0b007f01 0b000801 10000 100 362 24372547 81504 83528
0b002f01 0b005601 10000 100 542 24382104 82080 83672
0b001101 0b000101 10000 100 87094 24398559 158699 156254
0b004f01 0b003501 10000 100 4837 24473163 88182 87261
0b000801 0b004801 10000 100 1039 24534445 84353 84108
0b001201 0b001a01 10000 100 233 24662021 40544 41824
0b007601 0b005a01 10000 100 7366 24621751 88903 89400
0b002501 0b006b01 10000 100 4297 24633681 86334 86829
0b003b01 0b007101 10000 100 82075 24582290 163082 152047
0b005901 0b003b01 10000 100 443 24669057 82791 83592
0b007f01 0b004d01 10000 100 265 24685962 81192 83450
0b002c01 0b004f01 10000 100 779 24691327 83339 83861
0b006401 0b006f01 10000 100 1251 24836372 42011 42677
0b005301 0b001f01 10000 100 510 24806333 81976 83646
0b000e01 0b005e01 10000 100 2613 24802978 86621 85405
0b002c01 0b001001 10000 100 276 24833528 81228 83459
0b004a01 0b006201 10000 100 1399 24864995 84487 84396
0b004e01 0b000c01 10000 100 1014 24887657 83622 84088
0b001601 0b000a01 10000 100 813 24931211 82944 83888
0b000b01 0b005001 10000 100 1408 24945447 83908 84403
0b002601 0b000d01 10000 100 129 24956304 80756 83341
0b003f01 0b003001 10000 100 417 25059154 40840 41972
0b001d01 0b002401 10000 100 489 25150756 81908 83629
0b004901 0b002201 10000 100 48213 25173021 123138 123652
0b002d01 0b007201 10000 100 987 25257633 83504 84028
0b000501 0b007201 10000 100 8136 25422309 89893 90054
0b005d01 0b000301 10000 100 1738 25430895 85192 84667
0b000501 0b003301 10000 100 527 25475374 82032 83660
0b004801 0b004501 10000 100 540 25573031 41365 42070
0b003f01 0b000d01 10000 100 372 25533072 81536 83536
0b004601 0b004201 10000 100 396 25680100 41035 41955
0b001901 0b002001 10000 100 831 25649943 83004 83903
0b002301 0b004101 10000 100 303 25655147 81957 83480
0b007a01 0b001601 10000 100 1330 25741284 83846 84340
0b002c01 0b003101 10000 100 432 25938435 81728 83584
0b001201 0b000201 10000 100 383 25952142 82182 83544
0b007901 0b004401 10000 100 1785 25975939 85986 84704
0b001d01 0b002401 10001 100 708 26174909 82608 83804
0b002f01 0b005901 10000 100 434 26163168 124314 83585
0b004801 0b005401 10000 100 2571371 24011232 2282066 2239061
0b007b01 0b005201 10000 100 57020 26079454 218088 131043
0b000201 0b000f01 10000 100 1882 26338585 43637 43182
0b004901 0b002201 10001 100 659 26302630 82452 83765
0b002801 0b005001 10000 100 5261 26392417 87143 87639
0b000101 0b002201 10000 100 1734 26410453 84684 84664
0b002101 0b006f01 10000 100 482 26424408 81888 83624
0b005201 0b005501 10000 100 919 26467283 41642 42373
0b005301 0b005d01 10000 100 2496 26731703 44574 43712
0b001a01 0b004c01 10000 100 1014 26813918 83593 84088
0b006901 0b005e01 10000 100 320 26862431 82055 83494
0b004e01 0b004b01 10000 100 771 26929533 41406 42255
0b003201 0b004401 10000 100 616 26957573 82316 83731
0b004b01 0b003301 10000 100 1098 27019060 83660 84155
0b006401 0b007301 10000 100 758948 26516767 718706 719504
0b001e01 0b006101 10000 100 923 27155059 83911 83976
0b001e01 0b000501 10000 100 989084 26383876 912369 912483
0b007c01 0b002701 10000 100 240 27272145 81112 83430
0b000e01 0b007101 10000 100 1725400 24641279 2822984 1529798
0b005c01 0b001e01 10000 100 185 27398280 80936 83386
0b006a01 0b005501 10000 100 8908 27398457 90174 90672
0b001d01 0b006801 10000 100 414 27409434 81668 83569
0b001b01 0b002001 10000 100 4607 27404788 86582 87077
0b007101 0b005901 10000 100 256 27486786 82742 83443
0b001b01 0b000701 10000 100 25772 27474699 104312 104816
0b006701 0b001501 10000 100 842 27501972 83040 83912
0b003301 0b006a01 10000 100 1501 27553064 83983 84477
0b004b01 0b007f01 10000 100 411 27591830 81670 83567
0b000d01 0b007e01 10000 100 149 27625979 88319 83357
0b006a01 0b004f01 10000 100 6702 27782771 88334 88830
0b007b01 0b006301 10000 100 453 27808971 82157 83600
0b003601 0b006d01 10000 100 1083 27866376 84046 84143
0b006b01 0b007b01 10000 100 6047 27924510 88278 88306
0b007401 0b005001 10000 100 3062 27967657 85308 85803
0b007501 0b002e01 10000 100 866 28010963 83116 83931
0b001801 0b002c01 10000 100 65964 28109536 137985 138505
0b004201 0b001401 10000 100 454 28257289 81796 83601
0b007001 0b001f01 10000 100 1045 28270884 83618 84112
0b006801 0b005101 10000 100 445 28485405 81768 83594
0b001401 0b007501 10000 100 1623 28485147 84080 84575
0b000b01 0b004b01 10000 100 532 28493178 82856 83664
0b005001 0b002b01 10000 100 480 28499739 81880 83622
0b007501 0b007101 10001 100 1612 28547083 42300 42966
0b005a01 0b001701 10000 100 2269 28492196 119276 85130
0b003701 0b000601 10000 100 562 28612453 83357 83688
0b001b01 0b001e01 10000 100 1426 28688270 42151 42817
0b000601 0b007101 10000 100 61483 28598768 134248 134767
0b004e01 0b003701 10000 100 901 28702226 83854 83959
0b002a01 0b001201 10000 100 1856 28711707 84267 84761
0b000001 0b001601 10000 100 472 28769164 81856 83616
0b001101 0b004001 10000 100 234 28809004 81092 83425
0b000d01 0b005e01 10000 100 214 28866015 83349 83409
0b002401 0b006101 10000 100 207 28870400 81008 83404
0b005901 0b000301 10000 100 1758613 27434690 1557022 1557636
0b003c01 0b007c01 10000 100 9800 28939360 90958 91424
0b000701 0b004701 10000 100 158 29004150 80848 83364
0b007901 0b004701 10000 100 1596 29129945 84059 84553
0b005d01 0b004201 10000 100 797 29139790 86025 83876
0b002c01 0b007901 10000 100 178 29445043 80912 83380
0b003701 0b004301 10000 100 865 29632784 83706 83930
0b002101 0b004701 10000 100 1379 29731915 83885 84380
0b000501 0b003f01 10000 100 9792 29739809 90920 91417
0b007901 0b006801 10000 100 1889 29820792 84293 84788
0b006c01 0b006301 10000 100 1262 29881012 42020 42686
0b000c01 0b004001 10000 100 205 29978097 81000 83402
0b005401 0b006501 10000 100 1047 30042468 83620 84114
0b004201 0b007b01 10000 100 9390 30250149 91083 91096
0b005701 0b003c01 10000 100 746 30287650 82732 83835
0b000b01 0b006601 10000 100 492 30338007 82362 83632
0b001e01 0b002e01 10000 100 589444 29994150 576681 577411
0b002601 0b007b01 10000 100 1666 30573774 84318 84609
0b005001 0b002301 10000 100 841 30648518 83036 83911
0b000901 0b004c01 10000 100 2171 30723105 85727 85052
0b001501 0b002a01 10000 100 23477 30780108 102400 102903
0b001e01 0b001901 10001 100 6359 30924993 46287 46956
0b004701 0b007601 10000 100 186 30938432 80940 83387
0b007101 0b003401 10000 100 1244 30937929 83777 84272
0b006301 0b006701 10000 100 763 31056403 41392 42248
0b000801 0b002a01 10000 100 365 31039503 81512 83530
0b004c01 0b007301 10000 100 118 31113223 80720 83332
0b001601 0b002e01 10000 100 180 31190082 80920 83382
0b001d01 0b001201 10000 100 136 31346758 40390 41747
0b002001 0b001e01 10000 100 132 31456192 80768 83344
0b001201 0b004801 10000 100 243 31519853 81120 83432
0b000b01 0b004b01 10001 100 54565 31659010 130992 128964
0b006401 0b002301 10000 100 704 31756147 82596 83801
0b007401 0b000a01 10000 100 89527 31700601 158328 158277
0b005c01 0b002d01 10000 100 853 31830237 83072 83920
0b006f01 0b004201 10000 100 488 31980681 81925 83628
0b005501 0b001e01 10000 100 1205 31995188 83746 84240
0b005801 0b002801 10000 100 1183139 31100109 1105361 1075176
0b006401 0b004201 10000 100 219 32159677 81548 83413
0b001a01 0b000201 10000 100 371 32290018 89235 83535
0b000501 0b000801 10000 100 138 32413703 40392 41748
0b006c01 0b005801 10000 100 6195 32385565 94592 88424
0b006a01 0b003d01 10000 100 178 32407491 80912 83380
0b005a01 0b006901 10000 100 1592 32424446 84056 84550
0b001c01 0b003c01 10000 100 260 32593089 81315 83446
0b004101 0b006301 10000 100 608 32756485 82288 83724
0b004201 0b003f01 10000 100 367 32793177 81520 83532
0b002101 0b000601 10000 100 269 32884727 81204 83453
0b007601 0b005f01 10000 100 393 32922175 88067 83552
0b002701 0b001701 10000 100 792 32956330 82880 83872
0b001a01 0b005801 10000 100 241 32980539 87990 83431
0b007601 0b001e01 10000 100 7406 32991485 88935 89432
0b001a01 0b005b01 10000 100 659 33233281 83344 83765
0b002f01 0b002401 10000 100 173 33354332 40448 41776
0b004901 0b004d01 10000 100 617 33369738 41160 42132
0b001301 0b005a01 10000 100 655 33338409 82440 83762
0b002701 0b007b01 10000 100 2817 33358687 85899 85568
0b002201 0b002101 10000 100 301 33458713 40654 41879
0b006d01 0b000701 10000 100 9890 33469288 105873 91496
0b000101 0b004801 10000 100 5839 33818643 89561 88101
0b005801 0b007301 10000 100 169 33843289 82426 83373
0b004f01 0b007301 10000 100 2506114 31912922 2183036 2184360
0b000001 0b004901 10000 100 6973 34094300 89479 89047
0b000401 0b000301 10000 100 238 34272850 40552 41828
0b001c01 0b001e01 10000 100 427 34274742 40856 41980
0b004201 0b002501 10000 100 1450 34245896 83942 84436
0b000601 0b006a01 10000 100 1759 34316824 84189 84684
0b003d01 0b004b01 10000 100 965 34325091 83432 84010
0b004001 0b005001 10000 100 1042 34358533 86207 84110
0b005801 0b000301 10000 100 10693 34402279 92943 92176
0b001201 0b006701 10000 100 809 34478214 82932 83885
0b007501 0b005f01 10000 100 395 34498671 101003 83554
0b003601 0b007f01 10000 100 238 34585056 81683 83428
0b005901 0b004201 10000 100 318170 34312441 387871 349985
0b003a01 0b002301 10000 100 42737 34615891 118530 119040
0b003f01 0b000801 10000 100 2112 34728935 84510 85004
0b003901 0b002c01 10000 100 361 34742629 82755 83527
0b003701 0b003601 10000 100 33165 34784325 96454 69437
0b000801 0b002e01 10000 100 333 35007385 81408 83504
0b004b01 0b005f01 10000 100 610 35072211 82860 83726
0b006301 0b003701 10000 100 1493 35169193 84729 84471
0b003a01 0b001a01 10000 100 781 35181984 82844 83863
0b005e01 0b006801 10000 100 244087 35047612 292819 287877
0b002c01 0b001301 10000 100 6625 35289140 89263 88768
0b000f01 0b003901 10000 100 381 35319117 81564 83543
0b004a01 0b004f01 10000 100 198 35381318 40488 41796
0b005c01 0b002901 10000 100 914 35351526 83268 83969
0b002b01 0b001201 10000 100 273 35403659 81216 83456
0b003b01 0b003a01 10000 100 2036 35448885 43141 43344
0b004901 0b006001 10000 100 1763361 33753207 1765235 1561626
0b005601 0b001301 10000 100 1501 35438311 91014 84477
0b006301 0b005701 10000 100 1195 35492540 85740 84232
0b005801 0b002e01 10000 100 137 35534688 80784 83348
0b005801 0b001601 10000 100 3944 35686346 86591 86508
0b001501 0b004301 10000 100 61798 35690173 134500 135019
0b000901 0b002a01 10000 100 5880 35761716 87919 88134
0b007001 0b001801 10000 100 1080 35817978 83818 84140
0b003501 0b003b01 10000 100 385 35935108 41612 41946
0b004901 0b003d01 10000 100 815580 35025937 972007 766998
0b001901 0b001e01 10000 100 9258 35954222 48720 49390
0b001601 0b003c01 10000 100 985 35917916 85368 84026
0b003101 0b004f01 10000 100 6373 35932011 88070 88567
0b002a01 0b003901 10000 100 64003 35913533 138415 136898
0b005501 0b006d01 10000 100 1089 35982443 83653 84148
0b007b01 0b003c01 10000 100 1011 36198381 84383 84085
0b006c01 0b005201 10000 100 325 36387222 87045 83498
0b006b01 0b000701 10000 100 6222 36410058 88098 88446
0b004c01 0b003b01 10000 100 27229 36366931 149666 106058
0b002b01 0b000f01 10000 100 144887 36411555 204609 204677
0b000601 0b002801 10000 100 5378 36561038 91387 87732
0b007c01 0b006301 10000 100 114 36583460 81218 83329
0b000b01 0b003601 10000 100 222 36720475 81822 83416
0b001901 0b006101 10000 100 764 36729328 83475 83849
0b005401 0b006f01 10000 100 6377 36814927 92846 88570
0b004e01 0b007201 10000 100 101 36837222 80672 83319
0b000001 0b005c01 10000 100 263 36923768 81184 83448
0b005e01 0b001601 10000 100 315 37002183 81352 83490
0b003501 0b004701 10000 100 345 37019224 82936 83514
0b003d01 0b004601 10000 100 637 37152186 82384 83748
0b004e01 0b000701 10000 100 1460 37202391 83950 84444
0b001901 0b001c01 10000 100 4841 37345573 44997 45664
0b006001 0b002d01 10000 100 172 37315961 80896 83376
0b003c01 0b007801 10000 100 2930 37392810 85164 85659
0b006201 0b005901 10000 100 1343 37431802 83856 84351
0b006701 0b007b01 10000 100 2686 37458535 87009 85464
0b003801 0b003501 10000 100 1088 37540623 41880 42547
0b007301 0b007801 10000 100 599 37626925 41130 42117
0b004001 0b002c01 10000 100 3823950 34024653 3651271 3289201
0b007401 0b005001 10001 100 1926 37590991 87551 84817
0b007f01 0b006a01 10000 100 496 37656366 81932 83635
0b001701 0b004c01 10000 100 628 37761466 82352 83740
0b001801 0b006301 10000 100 60735 37781378 133612 134130
0b000e01 0b003c01 10000 100 554 37877596 85538 83681
0b004b01 0b006d01 10000 100 1767 37928317 84196 84690
0b005801 0b005a01 10000 100 111 37985534 40513 41727
0b001f01 0b001701 10000 100 311 38024841 40670 41887
0b006901 0b000701 10000 100 545 38091858 82847 83674
0b006201 0b005f01 10000 100 7004 38151137 91900 89110
0b006f01 0b007d01 10000 100 42845 38152933 128742 119127
0b005801 0b003e01 10000 100 1058 38242550 84734 84123
0b003601 0b000201 10000 100 24110832 18000706 20573127 20297728
0b001a01 0b004201 10000 100 1823 38503155 84240 84735
0b006401 0b007801 10000 100 150 38529038 80824 83358
0b002401 0b005c01 10000 100 2257 38615773 86419 85120
0b007a01 0b004d01 10000 100 1497 38633570 83980 84474
0b000e01 0b006701 10001 100 669 38654937 82960 83773
0b004401 0b002e01 10000 100 1076 38671457 83643 84137
0b006001 0b000301 10000 100 56052 38816084 131248 130230
0b005601 0b002101 10000 100 986 38878934 84384 84027
0b007b01 0b002001 10000 100 446 38925324 82127 83595
0b000d01 0b006e01 10000 100 7865 38931318 101897 89799
0b004101 0b003a01 10000 100 458 39039647 81808 83604
0b006101 0b007a01 10000 100 2956 39112425 88104 85680
0b007901 0b004501 10000 100 502 39196157 81952 83640
0b005601 0b004f01 10000 100 426 39266646 89261 83579
0b006a01 0b002801 10000 100 1596 39292301 84059 84553
0b003a01 0b001101 10000 100 904 39336857 83236 83961
0b001101 0b006c01 10000 100 487 39391316 88823 83628
0b003f01 0b003c01 10000 100 2209 39440542 42815 43482
0b003b01 0b006a01 10000 100 1431 39398373 88224 84421
0b000e01 0b004601 10000 100 2255 39582451 87709 85119
0b000401 0b004c01 10000 100 2084 39648788 85325 84982
0b007201 0b000c01 10000 100 355 39674125 81480 83522
0b001501 0b005b01 10000 100 1082 39699312 83648 84142
0b003301 0b006c01 10000 100 203 39762217 89128 83400
0b003701 0b003d01 10000 100 907 39873464 41956 42364
0b002e01 0b004601 10000 100 652662 39581250 646208 630404
0b007601 0b004b01 10000 100 148 40153551 80851 83356
0b003801 0b006701 10000 100 1254 40159294 83785 84280
0b004201 0b002401 10000 100 359 40273967 81492 83525
0b004a01 0b000401 10000 100 1096 40554042 84167 84153
0b007501 0b000e01 10000 100 1742 40633168 85510 84670
0b001e01 0b002401 10000 100 6490 40692399 88164 88660
0b003401 0b003c01 10000 100 848 40802258 41528 42316
0b000d01 0b000601 10000 100 1011 40935736 41884 42485
0b004c01 0b004101 10000 100 6194 40950980 46155 46824
0b001b01 0b002101 10001 100 974 40927929 83460 84017
0b000701 0b000c01 10000 100 649 41064305 41210 42157
0b007a01 0b003c01 10000 100 67693 40986292 197424 139965
0b004c01 0b005001 10001 100 154 41134596 81264 83361
0b007e01 0b002001 10000 100 198 41161639 81567 83396
0b000a01 0b005201 10000 100 545 41329457 82705 83674
0b001701 0b007601 10000 100 146 41332830 81177 83355
0b007b01 0b000401 10000 100 996 41336074 85682 84035
0b004a01 0b000601 10000 100 73674 41346014 201549 144980
0b002601 0b004701 10000 100 315 41609699 81662 83490
0b006e01 0b000501 10000 100 478 41646222 81872 83620
0b002301 0b000101 10000 100 243 41758605 81585 83432
0b006c01 0b005a01 10000 100 165 41904790 81519 83370
0b007101 0b000801 10000 100 431 42208469 82221 83583
0b007b01 0b003e01 10000 100 766 42221838 83480 83851
0b002701 0b001f01 10000 100 442 42325075 81760 83592
0b001601 0b001401 10000 100 628 42381650 41176 42140
0b000f01 0b006b01 10000 100 283 42407102 85599 83464
0b005a01 0b006701 10000 100 576 42464750 82188 83699
0b004501 0b004701 10000 100 698 42550400 41288 42196
0b003301 0b002301 10000 100 7716 42505095 91697 89680
0b005001 0b007301 10000 100 4210293 34429448 8214519 3613136
0b003a01 0b004001 10000 100 4895 42625892 91393 87308
0b006c01 0b007f01 10000 100 8339 42639176 90007 90216
0b004901 0b000c01 10000 100 2687 42642211 144303 85464
0b007001 0b005601 10000 100 4072379 39114199 3717643 3497506
0b006001 0b003501 10000 100 1068 42939523 83636 84131
0b005301 0b006501 10000 100 3948 42946403 86064 86512
0b003801 0b001301 10000 100 324 43004163 81380 83497
0b001201 0b006301 10000 100 480 43063737 81880 83622
0b004801 0b001601 10000 100 271 43067360 81959 83455
0b007c01 0b005501 10000 100 485 43102811 82537 83626
0b004901 0b004801 10000 100 484 43163725 40946 42025
0b000701 0b001a01 10000 100 438 43139665 81744 83588
0b001501 0b001b01 10000 100 926 43214633 41654 42379
0b006f01 0b002b01 10000 100 1083 43202876 84082 84143
0b000101 0b007a01 10000 100 1464053 41058982 2305489 1310698
0b007201 0b005a01 10000 100 669 43372749 148727 83773
0b002001 0b007401 10000 100 3388 43438782 87915 86064
0b004401 0b007e01 10000 100 777 43473932 82832 83860
0b006601 0b001001 10000 100 404 43562830 81636 83561
0b002001 0b007101 10000 100 221 43587795 81052 83415
0b006401 0b006101 10000 100 430 43692947 41503 41982
0b005401 0b001d01 10000 100 447 43702797 81776 83596
0b005b01 0b007001 10000 100 740202 42637764 1281065 703816
0b002301 0b000501 10000 100 115 43843988 82221 83330
0b002a01 0b004601 10000 100 204 43904226 81526 83401
0b000601 0b006101 10000 100 400 43974927 82351 83558
0b002301 0b002d01 10000 100 5510 44030055 45570 46238
0b005c01 0b005b01 10000 100 863 44052146 41552 42328
0b002b01 0b001801 10000 100 1163 44054714 83712 84207
0b005701 0b004701 10000 100 1064 44081789 83860 84128
0b005d01 0b000101 10000 100 6534599 37788765 6452107 5561823
0b002101 0b007a01 10000 100 455 44214381 81800 83602
0b003101 0b006501 10000 100 123 44301073 80736 83336
0b003f01 0b006e01 10000 100 417 44325153 81680 83572
0b004801 0b002201 10000 100 4189 44384202 89375 86743
0b005a01 0b005701 10000 100 3431 44533691 43831 44498
0b006001 0b007201 10000 100 140 44529412 81054 83350
0b000f01 0b005801 10000 100 4254 44538669 88987 86795
0b006c01 0b003e01 10000 100 7930 44549076 90405 89851
0b000301 0b003101 10000 100 3672 44621364 85796 86291
0b004a01 0b001b01 10000 100 1067 44626597 83636 84130
0b000201 0b006c01 10000 100 1349 44781237 83861 84356
0b002901 0b001801 10000 100 646 44893293 82412 83755
0b004501 0b004d01 10000 100 421 44983873 40846 41975
0b005e01 0b001a01 10000 100 691 44978157 82584 83791
0b004c01 0b007401 10000 100 911 45062828 83260 83967
0b005a01 0b004e01 10000 100 726 45071882 83296 83819
0b002601 0b007101 10000 100 2056 45070513 91286 84960
0b006101 0b004501 10000 100 605131 44184494 1096704 590575
0b003201 0b002601 10000 100 134237 45124271 195226 195773
0b007d01 0b004401 10000 100 1570 45297926 84188 84532
0b001101 0b007001 10001 100 9292 45294730 90520 91017
0b007501 0b004601 10000 100 1268 45311268 83796 84291
0b001301 0b006d01 10000 100 958 45390180 83408 84004
0b007501 0b007201 10000 100 41544 45407054 75765 76448
0b002f01 0b004d01 10000 100 110 45419472 80696 83326
0b003d01 0b001601 10000 100 1066 45536434 83635 84129
0b005801 0b002201 10000 100 2767 45583187 85152 85528
0b000401 0b007601 10000 100 206 45628319 82162 83403
0b003e01 0b005501 10000 100 1008 45646009 83592 84083
0b005a01 0b001601 10000 100 179 45658445 80916 83381
0b003b01 0b000d01 10000 100 73789 45655467 157392 145072
0b002001 0b006001 10000 100 121473 45580734 237107 185063
0b005301 0b001f01 10001 100 553 45811421 82805 83680
0b000001 0b005f01 10000 100 655543 44199458 1752257 632824
0b001901 0b004301 10000 100 2854 45954148 85103 85598
0b000901 0b006001 10000 100 770 46023775 83385 83854
0b006701 0b004f01 10000 100 549 46170280 82800 83677
0b007d01 0b002601 10000 100 269017 45974223 319316 308781
0b002e01 0b006201 10000 100 9560 46231982 96745 91232
0b005e01 0b007a01 10000 100 57292 46336618 132578 131260
0b004301 0b002801 10000 100 778 46524314 82832 83860
0b004701 0b000e01 10000 100 9424 46543843 91976 91123
0b006a01 0b006501 10000 100 842 46677376 41520 42312
0b004e01 0b003801 10000 100 659 46761942 82452 83765
0b004001 0b004c01 10000 100 378 46831246 40776 41940
0b005d01 0b003101 10000 100 400 46902545 88121 83558
0b006901 0b007401 10000 100 798 47115065 85923 83876
0b005201 0b000401 10000 100 710 47134217 83796 83806
0b004501 0b004101 10000 100 1591 47176304 42283 42949
0b006301 0b004401 10000 100 1404563 45970814 1324503 1260802
0b006e01 0b000101 10000 100 2075 47239921 85166 84975
0b000a01 0b003a01 10000 100 897 47273944 83216 83956
0b000701 0b003f01 10000 100 286 47454351 81443 83467
0b000201 0b002e01 10000 100 107 47458346 81383 83324
0b000901 0b007a01 10000 100 120 47531146 81314 83334
0b004801 0b000d01 10000 100 294 47559818 82465 83473
0b006701 0b003401 10000 100 2281 47608389 85841 85140
0b001401 0b002a01 10000 100 1050 47612158 83622 84116
0b005e01 0b005201 10000 100 91657 47534336 218031 118458
0b000a01 0b000b01 10000 100 862 47819135 41552 42328
0b006901 0b001501 10000 100 1361 47854199 99409 84365
0b002401 0b002f01 10000 100 1046 48036854 41847 42513
0b000901 0b004401 10000 100 457 48039401 82653 83604
0b000901 0b005201 10000 100 8322 48034310 92807 90203
0b000d01 0b003401 10000 100 1547231 45574293 2679137 1380428
0b005d01 0b001701 10001 100 26896 48263106 127770 105753
0b006501 0b003201 10000 100 434 48378307 81732 83585
0b001e01 0b005d01 10000 100 299 48346971 125708 83477
0b001601 0b007301 10000 100 485 48440577 81896 83626
0b002e01 0b001701 10000 100 2848 48480765 85885 85593
0b006201 0b002e01 10000 100 196 48487626 81362 83395
0b002801 0b005501 10000 100 561 48519590 82182 83687
0b000401 0b006901 10000 100 3311506 42353506 6281996 2859585
0b000401 0b005d01 10000 100 29800 48413810 250012 108192
0b001801 0b005301 10000 100 146 48604241 81628 83355
0b007e01 0b005001 10000 100 1186 48724930 93399 84225
0b006001 0b003801 10000 100 926 48773772 83308 83979
0b005301 0b007101 10000 100 194 48857910 82290 83393
0b004801 0b003f01 10000 100 741 49064860 82716 83831
0b002b01 0b001201 10001 100 111 49362744 80700 83327
0b000601 0b007601 10000 100 374 49374216 83011 83537
0b006501 0b003101 10000 100 4399 49434964 86415 86911
0b003801 0b004901 10000 100 830 49449458 83000 83902
0b003a01 0b003401 10000 100 215 49556965 40516 41810
0b004801 0b003f01 10001 100 298 49586249 81927 83476
0b006501 0b004701 10000 100 124 49651033 80740 83337
0b005901 0b003101 10000 100 880 49683035 176406 83942
0b007501 0b002201 10000 100 707 49824898 82608 83804
0b003901 0b006401 10000 100 2381 49833198 84725 85220
0b002701 0b007c01 10001 100 2674 49837969 84959 85454
0b000c01 0b002301 10000 100 768 49861628 82800 83852
0b003701 0b006d01 10000 100 70998 49733940 253817 142724
0b006601 0b004501 10000 100 539 49875789 132162 83669
0b003101 0b005001 10000 100 357 49935346 82245 83524
0b002f01 0b005d01 10000 100 554 49980822 82116 83681
0b007501 0b005701 10000 100 9237 50043711 90812 90973
0b007401 0b002a01 10000 100 3754 50041234 93988 86356
0b005401 0b005201 10000 100 509 50127080 61190 42045
0b003501 0b006001 10000 100 1066 50192817 83635 84129
0b002101 0b007a01 10001 100 53412 50254407 127500 128003
0b000901 0b005401 10000 100 671 50342306 82506 83775
0b006001 0b001101 10000 100 537 50379080 82769 83668
0b007e01 0b007401 10000 100 1505 50446507 42214 42880
0b003901 0b007101 10000 100 44508 50426228 120022 120534
0b000901 0b006e01 10000 100 1642 50462608 84717 84590
0b005801 0b003701 10000 100 460 50481381 82547 83606
0b000501 0b006801 10000 100 913 50514071 83873 83968
0b005b01 0b004001 10000 100 480 50605335 82812 83622
0b006801 0b005701 10000 100 145 50631333 80920 83354
0b007b01 0b002e01 10000 100 135 50638561 81203 83346
0b003601 0b001601 10000 100 1512 50655065 85235 84486
0b006e01 0b007101 10000 100 293 50689677 85594 83472
0b002101 0b003701 10000 100 612 50898954 87276 83728
0b002501 0b002c01 10000 100 3110 50961609 43574 44241
0b004d01 0b001a01 10000 100 2300 50989955 87261 85155
0b003c01 0b003f01 10000 100 3711 51089413 44055 44722
0b004401 0b002801 10000 100 108 51093393 80688 83324
0b002901 0b003801 10000 100 167 51095364 81519 83372
0b006001 0b007401 10000 100 8849 51106515 90127 90624
0b002401 0b007601 10000 100 1836 51128142 107489 84745
0b002201 0b004c01 10000 100 1097 51172515 84592 84154
0b005901 0b003801 10000 100 6993 51206995 88698 89063
0b004501 0b003b01 10000 100 1092 51079432 231966 84150
0b002401 0b004801 10000 100 1192 51309161 83736 84230
0b006901 0b007001 10000 100 411 51316889 81660 83567
0b005801 0b000901 10000 100 819 51302301 110326 83893
0b001301 0b005a01 10001 100 1097801 50426074 1027439 1003604
0b005401 0b006e01 10000 100 488 51435374 112414 83628
0b003201 0b005801 10000 100 183 51494470 81866 83384
0b000101 0b005801 10001 100 71301 51417056 201323 143005
0b004501 0b001001 10000 100 693 51570179 90223 83792
0b007e01 0b001c01 10001 100 1635 51629246 84258 84584
0b001f01 0b004901 10000 100 1440 52010858 83934 84428
0b005001 0b000201 10000 100 280 52014717 81645 83462
0b000001 0b001601 10001 100 153 52141689 81355 83360
0b002301 0b002f01 10000 100 4849 52188644 45003 45671
0b007c01 0b004f01 10000 100 119 52165002 80724 83333
0b005201 0b004701 10000 100 35559 52127077 174398 113029
0b002001 0b005a01 10000 100 121 52235110 80732 83335
0b001e01 0b002001 10000 100 190 52287319 83061 83390
0b002901 0b007901 10000 100 2159 52316792 86221 85042
0b007901 0b000001 10000 100 581 52395872 82710 83703
0b003f01 0b002401 10000 100 393 52470740 82329 83552
0b000601 0b004301 10000 100 2776 52500763 85089 85536
0b000e01 0b007d01 10000 100 1498955 49921933 2687677 1339925
0b003b01 0b000101 10000 100 26378 52478523 161843 105339
0b003f01 0b007e01 10000 100 202614 52225051 415904 253086
0b001901 0b002201 10000 100 897 52620259 84016 83956
0b001601 0b003401 10000 100 190 52634776 81368 83390
0b002701 0b002501 10000 100 1268 52687810 42024 42691
0b005201 0b003301 10000 100 9832 52640511 93416 91449
0b006d01 0b006a01 10000 100 950 52725105 41692 42398
0b001701 0b007801 10000 100 258977 52213629 608336 300327
0b005401 0b006d01 10000 100 81421 52614788 232392 151485
0b004601 0b004901 10000 100 433 52811138 41071 41984
0b001e01 0b007701 10000 100 608 52832200 82288 83724
0b004b01 0b005201 10000 100 813 52921787 84212 83888
0b006901 0b003501 10000 100 351773 52702185 384680 378135
0b002501 0b003101 10000 100 419 53005375 81684 83573
0b003601 0b005e01 10000 100 349 53019890 81679 83517
0b001001 0b001b01 10000 100 1489 53063341 42201 42868
0b000c01 0b000d01 10000 100 770688 52348756 767535 687756
0b004f01 0b001101 10000 100 462 53090804 81824 83608
0b002901 0b001201 10000 100 946 53096235 83815 83995
0b002d01 0b006501 10000 100 343129 52841883 371076 370912
0b004b01 0b002d01 10000 100 115 53163539 81661 83330
0b000c01 0b006b01 10000 100 55612 52779776 517770 129840
0b000801 0b005b01 10000 100 875 53143108 163798 83938
0b001501 0b006a01 10000 100 727 53311979 83006 83820
0b003401 0b000c01 10000 100 518 53345980 83008 83652
0b007101 0b004501 10000 100 783 53360814 83485 83864
0b000601 0b003601 10001 100 45557 53348700 142688 121412
0b007b01 0b007501 10000 100 115 53612048 40587 41730
0b000001 0b007c01 10000 100 2584 53588702 90740 85382
0b001101 0b003401 10000 100 13381 53618876 170402 94442
0b005d01 0b005901 10000 100 101 53803683 40334 41719
0b004701 0b003401 10000 100 20677 53792675 102133 100548
0b006101 0b005601 10000 100 1573 53724852 203199 84535
0b004a01 0b004f01 10001 100 1175 54007948 41950 42616
0b007801 0b002d01 10000 100 2529 53979224 85290 85338
0b004901 0b003301 10000 100 910 53981114 83434 83966
0b007001 0b004701 10000 100 345 53985269 119957 83514
0b000e01 0b001801 10000 100 486 54130831 82775 83627
0b000301 0b001501 10000 100 316995 53932953 356836 348968
0b000b01 0b003301 10000 100 2877 54349182 85122 85616
0b003a01 0b000901 10000 100 774 54356459 83478 83857
0b001101 0b007001 10002 100 685 54431384 82536 83786
0b002401 0b001a01 10000 100 239935 54338103 291694 284364
0b005301 0b003c01 10000 100 288 54648665 81950 83468
0b005f01 0b004e01 10000 100 400 54705435 81624 83558
0b002101 0b006c01 10000 100 2687 54829372 85094 85464
0b001b01 0b006501 10000 100 389 54839461 82056 83549
0b003b01 0b004d01 10000 100 33760 54884622 117184 111513
0b004401 0b002101 10000 100 159917 54819474 283300 217277
0b006e01 0b003c01 10000 100 51784 54986566 126829 126624
0b004601 0b006101 10000 100 135170 54933603 363800 196558
0b005401 0b007f01 10000 100 899 55259229 84011 83957
0b004001 0b005001 10001 100 659 55307586 86681 83765
0b004001 0b002701 10000 100 75871 55235387 188716 146815
0b007c01 0b000401 10000 100 424157 53897602 1617698 438845
0b003c01 0b000b01 10000 100 132338 55433038 193892 194177
0b003e01 0b003a01 10000 100 605 55605045 41140 42122
0b005a01 0b006501 10000 100 420 55740190 82735 83574
0b005601 0b001d01 10000 100 2362 55753865 85941 85204
0b002101 0b006e01 10000 100 124 55783027 81852 83337
0b004701 0b002301 10000 100 367 56107707 87530 83532
0b003201 0b003701 10000 100 2451 56172522 44050 43676
0b001a01 0b003701 10000 100 20767 56309394 101748 100620
0b005901 0b003301 10000 100 453 56510589 121272 83600
0b006701 0b001101 10000 100 630 56586226 82360 83742
0b001101 0b001901 10000 100 7365 56676751 47130 47799
0b000a01 0b005201 10001 100 156648 56156054 569449 214547
0b005a01 0b006401 10000 100 225 56714305 81064 83418
0b004b01 0b003501 10000 100 2024 56789516 84439 84934
0b007501 0b002301 10000 100 70873 56758872 145270 142624
0b000b01 0b003401 10000 100 2322 56983817 92738 85172
0b000701 0b001901 10000 100 1510 57023516 84805 84484
0b000d01 0b007401 10000 100 138 57027011 111966 83348
0b005a01 0b004f01 10000 100 787 57186248 82864 83868
0b000b01 0b005e01 10000 100 165454 56973687 327860 221937
0b003401 0b001e01 10000 100 86953 57245733 207482 156103
0b000601 0b005f01 10000 100 187 57384077 80944 83388
0b004901 0b007101 10000 100 471 57374365 116321 83615
0b004601 0b004801 10000 100 810 57454276 41930 42286
0b002d01 0b004401 10000 100 990 57621199 84635 84030
0b003c01 0b004a01 10000 100 4487 57631014 88289 86981
0b002501 0b006501 10000 100 421 57671377 81730 83575
0b007501 0b007001 10000 100 6401 57706874 46321 46989
0b007e01 0b004d01 10000 100 535 57742938 82409 83666
0b005001 0b003901 10000 100 508 57810199 85437 83644
0b001601 0b004c01 10000 100 5094909 53298101 4601000 4354775
0b001e01 0b007c01 10000 100 352 57889011 82285 83520
0b006f01 0b005801 10001 100 61602 57982034 190047 134862
0b005f01 0b005d01 10000 100 1728 58452655 43230 43059
0b000c01 0b003801 10000 100 1076 58525766 83672 84137
0b002001 0b006701 10001 100 1367 58721897 83876 84370
0b007001 0b004801 10000 100 6769 58863502 93903 88884
0b004a01 0b005c01 10000 100 106 58931045 80684 83323
0b001d01 0b000f01 10000 100 2178 58943387 87429 85057
0b002301 0b002201 10000 100 177 58994878 40456 41780
0b002201 0b007101 10000 100 221 59065073 81164 83415
0b001801 0b007901 10000 100 443 59109678 82549 83592
0b007701 0b007a01 10000 100 2442 59179796 43002 43668
0b000f01 0b005d01 10000 100 137 59144206 161351 83348
0b002e01 0b001801 10000 100 8806079 50767225 8631581 7466252
0b001c01 0b004d01 10000 100 5930 59398010 95088 88174
0b006201 0b002d01 10000 100 1791 59228888 286995 84709
0b003901 0b000501 10000 100 1083 59311497 232209 84143
0b004501 0b000d01 10000 100 339 59462083 82331 83509
0b007f01 0b000b01 10000 100 727 59376090 224039 83820
0b002001 0b007301 10000 100 1101 59568122 83663 84157
0b007701 0b002201 10000 100 922 59574191 84058 83976
0b001101 0b000e01 10000 100 237 59685780 239171 83428
0b005401 0b003801 10000 100 1614 59856971 84634 84568
0b002601 0b004501 10000 100 232979 59774982 277943 278530
0b007201 0b000b01 10000 100 125 59930277 137261 83338
0b003f01 0b007701 10000 100 3125 60023312 141492 85853
0b000601 0b003701 10000 100 919 60091735 83751 83973
0b000601 0b006201 10000 100 4430 60086566 89573 86936
0b006e01 0b000d01 10000 100 53288 60061398 131082 127904
0b007301 0b000301 10000 100 146 60245387 101458 83355
0b006201 0b002e01 10001 100 1382 60336664 84752 84382
0b001201 0b003901 10000 100 1075753 57823951 2609322 985120
0b007a01 0b003d01 10000 100 172989 60206022 317092 228234
0b001001 0b000d01 10000 100 61693 60305196 358775 134935
0b005701 0b002401 10000 100 41377 60563451 152448 117914
0b001701 0b004101 10000 100 75539 60642556 216924 146549
0b006b01 0b002101 10000 100 813 61011750 82944 83888
0b003e01 0b004c01 10000 100 601 61029908 82740 83719
0b004001 0b003001 10000 100 1452 61145175 84487 84438
0b006601 0b005a01 10000 100 930 61164452 83667 83982
0b000a01 0b000901 10000 100 549 61225924 41050 42077
0b000501 0b005201 10000 100 1450 61118230 301592 84436
0b002101 0b005101 10000 100 837 61355626 83787 83908
0b000e01 0b004401 10000 100 280 61401078 84585 83462
0b003001 0b007c01 10000 100 117 61411831 81633 83332
0b000601 0b006d01 10000 100 609 61463232 86354 83725
0b007b01 0b004001 10000 100 605 61548995 137587 83722
0b001e01 0b002501 10000 100 384 61701384 81572 83545
0b001601 0b000d01 10000 100 955 61637839 188072 84002
0b001001 0b007801 10000 100 702 61850897 107788 83800
0b005201 0b000001 10000 100 680 61939407 84036 83782
0b002e01 0b005301 10000 100 281 61956075 84174 83463
0b000701 0b004c01 10000 100 966 62017987 84252 84011
0b005301 0b006701 10000 100 101 62122547 81181 83319
0b002901 0b005701 10000 100 111 62151036 81370 83327
0b006601 0b001d01 10000 100 4951 62293097 117413 87352
0b003f01 0b004e01 10000 100 166 62345444 80876 83371
0b003a01 0b004f01 10000 100 823 62353179 82976 83896
0b005a01 0b002401 10000 100 127 62361760 80752 83340
0b006101 0b004401 10000 100 8082 62447636 98433 90011
0b003201 0b003801 10000 100 167 62542200 40766 41772
0b007a01 0b000101 10000 100 125466 62231663 355403 188411
0b002201 0b000401 10000 100 8762030 50714796 11878109 7429323
0b002801 0b007a01 10000 100 544 62537147 82754 83673
0b004b01 0b001101 10000 100 299 62557042 81300 83477
0b005101 0b005b01 10000 100 1051 62684827 41851 42517
0b005001 0b003f01 10000 100 801 62717790 83787 83879
0b004401 0b005a01 10000 100 1301 62795746 83823 84317
0b001401 0b004e01 10000 100 1007 62845506 85088 84082
0b007e01 0b006c01 10000 100 385 62936839 81576 83546
0b002d01 0b004b01 10000 100 1098 62984319 83660 84155
0b005701 0b002901 10000 100 316 63025770 81356 83491
0b007c01 0b002f01 10000 100 2467 63042642 85267 85288
0b001d01 0b003d01 10000 100 485 63158963 81896 83626
0b005f01 0b000601 10000 100 681 63168736 84079 83783
0b003c01 0b001e01 10000 100 63611 63124198 188755 136546
0b003b01 0b004a01 10000 100 730 63371131 86143 83822
0b007701 0b004f01 10000 100 194 63423607 81011 83393
0b002501 0b000401 10000 100 25338 63391979 117117 104468
0b002e01 0b003e01 10000 100 8567 63428097 98985 90399
0b007f01 0b003001 10000 100 422 63591305 81860 83576
0b007001 0b007701 10000 100 59569 63652538 139711 91559
0b001d01 0b003c01 10000 100 114 63724531 80996 83329
0b002801 0b002c01 10000 100 686 63770777 41769 42187
0b007d01 0b007801 10000 100 833 63794943 41504 42304
0b001d01 0b005e01 10000 100 1033 63795494 84025 84103
0b001001 0b007701 10000 100 6384936 56233971 7652905 5436332
0b001901 0b006601 10000 100 55039 63843336 150422 129381
0b001701 0b004901 10000 100 7546 63914216 89881 89544
0b007401 0b000501 10000 100 1553 63953701 97420 84519
0b003201 0b004a01 10000 100 6791510 50904496 13200665 5777220
0b002601 0b007601 10000 100 567 64077485 84200 83692
0b007c01 0b001e01 10001 100 971 64146025 85032 84015
0b000401 0b003c01 10000 100 41783 63909262 451774 118239
0b007b01 0b007601 10000 100 810472 62297318 2078494 721120
0b003a01 0b000d01 10000 100 1837119 60178393 4342173 1623474
0b001101 0b004001 10001 100 294 64486389 81538 83473
0b002b01 0b003801 10000 100 1026 64525194 83603 84097
0b000601 0b005801 10000 100 238 64467716 141404 83428
0b003c01 0b003201 10000 100 345 64681143 41476 41914
0b003c01 0b006d01 10000 100 553 64664534 82112 83680
0b007401 0b004201 10000 100 538 64718409 82414 83668
0b006c01 0b001101 10000 100 346 64734489 82887 83515
0b002701 0b001401 10000 100 5762 64755988 89364 88040
0b002c01 0b003601 10000 100 163 64792251 81075 83368
0b005401 0b001701 10000 100 321 64802219 92659 83495
0b001a01 0b005601 10000 100 4938 64827134 96058 87342
0b005e01 0b005d01 10000 100 922 64893623 41648 42376
0b005e01 0b007501 10000 100 856 64859578 95684 83923
0b000701 0b001901 10001 100 402 65011955 82294 83560
0b001b01 0b004701 10000 100 579 65045934 82196 83701
0b004301 0b000601 10000 100 893 65099026 84423 83952
0b007701 0b007601 10000 100 136 65157091 40656 41747
0b006301 0b000a01 10000 100 488 65197688 82376 83628
0b004f01 0b001601 10000 100 8285 65182460 147185 90173
0b000001 0b001901 10000 100 3455 65245203 87230 86117
0b003901 0b007d01 10000 100 31207 65200398 144221 109394
0b002201 0b003f01 10000 100 106 65393458 81450 83323
0b005301 0b005801 10000 100 1739 65447108 49353 43068
0b004b01 0b002d01 10001 100 264 65449432 81835 83449
0b004401 0b002401 10000 100 1027 65542139 84756 84098
0b004701 0b006f01 10000 100 320 65558023 81990 83494
0b004e01 0b003801 10001 100 1166 65936950 83715 84209
0b007001 0b004201 10000 100 77557 65968548 209909 148240
0b000901 0b006e01 10001 100 352 66127033 106106 83520
0b006601 0b002a01 10000 100 195 66195827 81686 83394
0b004301 0b004b01 10000 100 99803 66155594 124576 125282
0b005c01 0b002601 10000 100 858 66205318 83088 83924
0b006501 0b002301 10000 100 177 65848293 605872 83380
0b002701 0b006a01 10000 100 138 66436993 81390 83348
0b006301 0b000601 10000 100 772 65917308 608973 83856
0b007001 0b004a01 10000 100 269 66497817 87625 83453
0b002901 0b006b01 10000 100 737 66544977 95314 83828
0b007b01 0b000b01 10000 100 325962 65404123 1248834 356488
0b005a01 0b000301 10000 100 121 66418117 409948 83335
0b002801 0b003401 10000 100 146 66810122 80812 83355
0b000501 0b001201 10000 100 58864 66796857 165782 132556
0b005201 0b002301 10000 100 795 66900801 87343 83874
0b006201 0b003901 10000 100 608 66919210 82288 83724
0b005501 0b002301 10000 100 397 66948621 81616 83556
0b003001 0b000101 10000 100 1869 66939540 96550 84772
0b006001 0b000101 10000 100 165 66948260 93962 83370
0b001e01 0b002201 10000 100 319662 66398182 669538 351217
0b001601 0b007a01 10000 100 5856 67012827 88313 88115
0b004201 0b004801 10000 100 345 67096038 40724 41914
0b005801 0b005201 10000 100 207 67161531 62415 41804
0b007e01 0b004101 10000 100 171 67706680 80892 83375
0b005301 0b005601 10000 100 165711 67642163 182067 180543
0b000001 0b004f01 10000 100 2148 67874769 86124 85033
0b003d01 0b007301 10000 100 9365 67963479 97225 91076
0b007701 0b001b01 10000 100 1014 68161947 83593 84088
0b004901 0b006c01 10000 100 83440 67793993 513281 153177
0b006c01 0b003a01 10000 100 3540385 64733921 3658223 3051482
0b007e01 0b006e01 10000 100 589 68422196 83716 83709
0b005001 0b006501 10000 100 1764 68324600 194242 84688
0b003c01 0b007e01 10000 100 678 68506119 83200 83780
0b003c01 0b001501 10000 100 1664 68569393 84113 84608
0b007701 0b000c01 10000 100 671 68732759 82950 83775
0b003801 0b003f01 10000 100 6821 68843088 46657 47325
0b006401 0b005801 10001 100 2118 68799814 91924 85009
0b004501 0b005e01 10000 100 206448 68756653 315695 256307
0b005a01 0b001101 10000 100 259 69033217 81172 83445
0b002a01 0b006b01 10000 100 565 69059400 82152 83690
0b002201 0b002f01 10000 100 217 69110197 40520 41812
0b001701 0b004401 10000 100 525 69199721 82698 83658
0b006401 0b004401 10000 100 1976 69212375 84411 84857
0b007e01 0b001c01 10002 100 92315 68978892 323565 160623
0b002801 0b004d01 10000 100 519 69234178 82004 83653
0b006601 0b004d01 10000 100 2759 69260971 85184 85522
0b004901 0b004701 10000 100 7552 69358254 47280 47948
0b005701 0b000d01 10000 100 1829 69320256 98352 84740
0b001901 0b007701 10000 100 1725 69395886 84895 84656
0b000f01 0b006001 10000 100 155 69404373 81494 83362
0b007a01 0b003b01 10000 100 5107 69422639 93467 87516
0b005901 0b007b01 10000 100 1551 69568162 84173 84517
0b006001 0b001001 10000 100 238 69743877 81104 83428
0b007f01 0b003801 10000 100 810 69761077 88195 83886
0b001801 0b002901 10000 100 160 69845907 82190 83366
0b002801 0b001101 10000 100 169 69903865 80948 83373
0b000601 0b004901 10000 100 5117 69775991 266066 87524
0b000601 0b004401 10000 100 603 70041273 83073 83720
0b005301 0b005c01 10000 100 982 70105241 42413 42424
0b003b01 0b000201 10000 100 564 70066157 90261 83689
0b001301 0b006501 10000 100 2281 70093557 86360 85140
0b000e01 0b003f01 10000 100 390 70134675 85405 83550
0b007b01 0b000101 10000 100 2464 70252792 101938 85286
0b002b01 0b005401 10000 100 6045 70303986 91115 88304
0b000701 0b000101 10000 100 18167068 54636444 15892896 15272905
0b003d01 0b004b01 10001 100 55505 70374319 172738 129754
0b005301 0b004e01 10000 100 270 70512649 81208 83454
0b000001 0b004c01 10000 100 1024 70575045 83659 84096
0b001601 0b004201 10000 100 2111 70604881 85316 85004
0b005901 0b001201 10000 100 373 70571214 141438 83536
0b005201 0b002c01 10000 100 1715 70708427 86463 84648
0b000a01 0b005f01 10000 100 5745 70706099 91308 88026
0b000101 0b006e01 10000 100 917 70713219 101762 83972
0b005e01 0b000b01 10000 100 1239 70756062 83793 84268
0b002201 0b003001 10000 100 53038 70716452 128203 127704
0b000b01 0b000501 10000 100 1432 70990190 42156 42822
0b003801 0b005a01 10000 100 133 71025923 80768 83344
0b005d01 0b005501 10000 100 3451 71066066 44665 44514
0b005301 0b006001 10000 100 160 71040800 82139 83366
0b000801 0b001801 10000 100 349 71051256 82204 83517
0b001001 0b006501 10000 100 399 71085337 81620 83557
0b004f01 0b001601 10001 100 9081 71080050 96532 90848
0b004601 0b003901 10000 100 319 71118524 82560 83493
0b007401 0b005601 10000 100 3047 71145556 85392 85791
0b004b01 0b002001 10000 100 8125 71153619 89644 90045
0b006101 0b004f01 10000 100 500 71297663 85168 83638
0b006a01 0b006201 10000 100 395 71388571 40804 41954
0b000c01 0b000b01 10000 100 1741 71413776 42403 43069
0b007e01 0b004001 10000 100 788 71450489 83602 83868
0b002c01 0b002d01 10000 100 227 71520625 40758 41820
0b006d01 0b001801 10000 100 886 71483467 98957 83947
0b000c01 0b000f01 10000 100 801 71611714 41454 42279
0b006901 0b005701 10000 100 1681 71666955 88231 84621
0b000d01 0b006a01 10000 100 306 71180108 581719 83483
0b004301 0b000f01 10000 100 452 71703820 81792 83600
0b004601 0b006f01 10000 100 1822279 66914767 4934483 1611026
0b006d01 0b007501 10000 100 8366 71828719 90029 90238
0b002501 0b005a01 10000 100 349 71839031 81777 83517
0b005b01 0b006201 10000 100 383 71842936 82155 83544
0b002901 0b002a01 10000 100 17447 71896102 55576 56248
0b004e01 0b007601 10000 100 1181 71893003 83779 84221
0b004301 0b000301 10000 100 65250 71858394 137414 137934
0b000701 0b007001 10000 100 1232 71992581 83918 84262
0b003701 0b002a01 10000 100 411 72032550 82376 83567
0b002001 0b000101 10000 100 540 72082383 82371 83670
0b005301 0b006601 10000 100 865 72186410 83284 83930
0b004b01 0b001001 10000 100 303 72333330 81312 83480
0b007c01 0b001b01 10000 100 666 72466073 84629 83771
0b007301 0b000201 10000 100 1820 72513563 97250 84732
0b001c01 0b000701 10000 100 2881 72603509 86586 85620
0b002b01 0b000701 10000 100 1075 72668721 84975 84136
0b001c01 0b004b01 10000 100 1034 72725070 84375 84104
0b006901 0b003901 10000 100 999 72762571 83828 84037
0b005e01 0b001301 10000 100 1179 72903564 83725 84220
0b006101 0b005701 10001 100 1079 72922255 85837 84140
0b006601 0b004a01 10000 100 141 72954621 82281 83351
0b007701 0b006f01 10000 100 957336 70606654 2546875 885856
0b005001 0b007601 10000 100 4014702 66076556 7092792 3449137
0b005301 0b001001 10000 100 535 73093364 82350 83666
0b006901 0b003b01 10000 100 111 73094898 89005 83327
0b007b01 0b006a01 10000 100 7090 73107450 99186 89179
0b007c01 0b003601 10000 100 1226 73358436 98566 84257
0b005a01 0b003901 10000 100 325 73439498 81789 83498
0b002101 0b006101 10000 100 1580 73454979 85283 84540
0b004e01 0b001c01 10000 100 919 73483145 83328 83973
0b000601 0b000a01 10001 100 118 73595182 40360 41732
0b007701 0b003f01 10000 100 1010 73722008 84340 84084
0b007f01 0b002501 10000 100 2739 73809817 85059 85506
0b003301 0b007101 10000 100 6581 73806384 90919 88733
0b006e01 0b006701 10000 100 671 73915932 41733 42175
0b003201 0b001d01 10000 100 42688 73884619 128546 119001
0b004b01 0b001801 10001 100 731 73934995 84695 83823
0b001301 0b006901 10000 100 417 73710616 391586 83572
0b006c01 0b007501 10000 100 415 73992314 118880 83570
0b005c01 0b003401 10000 100 282 74070909 81529 83464
0b001801 0b005801 10000 100 114 74072895 124064 83329
0b002501 0b003301 10000 100 242 74045108 175945 83432
0b003f01 0b001e01 10000 100 1186 74168460 92012 84225
0b006f01 0b006b01 10000 100 336 74221940 41028 41907
0b003c01 0b000501 10000 100 1859 74302403 85071 84764
0b006701 0b004201 10000 100 1377 74285685 114540 84378
0b007301 0b004201 10000 100 616 74325768 83056 83731
0b001501 0b005701 10000 100 461 74470498 87818 83607
0b002201 0b001101 10000 100 9940 74492489 91422 91536
0b004e01 0b007201 10001 100 7209 74552045 89017 89274
0b007101 0b002101 10000 100 1061 74846765 83631 84125
0b003f01 0b002901 10000 100 128 74935950 81426 83340
0b006f01 0b002801 10000 100 1925 75048419 85267 84816
0b007801 0b001901 10000 100 557760 74179809 1067545 550835
0b007d01 0b003a01 10000 100 445604 74817841 560349 456809
0b001701 0b004301 10000 100 532 75360612 83721 83664
0b007001 0b001701 10000 100 160 75466364 81873 83366
0b005801 0b001101 10000 100 984 75533760 84041 84025
0b001b01 0b000b01 10000 100 183 75670188 81903 83384
0b001901 0b007f01 10000 100 752 75740512 83562 83840
0b007e01 0b004e01 10000 100 1782 75794375 85881 84702
0b002901 0b007a01 10000 100 686 75862843 82540 83787
0b007301 0b003a01 10000 100 244 75889240 81960 83433
0b003a01 0b003c01 10000 100 210 75986091 40596 41806
0b004a01 0b007701 10000 100 118 75959245 81309 83332
0b004301 0b005c01 10000 100 714169 74808848 1269392 681991
0b005801 0b000a01 10000 100 850 76020515 95196 83918
0b003901 0b002e01 10000 100 743 76055540 83682 83832
0b004f01 0b002e01 10000 100 407 76087289 84739 83564
0b003501 0b007301 10000 100 7052 76091810 93680 89148
0b000d01 0b004001 10000 100 37330745 30117388 46097039 31381306
0b005c01 0b005301 10000 100 867 76179980 41560 42332
0b006401 0b002101 10000 100 60943 76078393 159206 134296
0b004401 0b002701 10000 100 3692 76212661 88107 86307
0b006f01 0b006701 10000 100 482 76281841 41400 42024
0b000801 0b004401 10000 100 1207700 74267348 2106906 1095747
0b004001 0b005501 10000 100 193 76358029 81355 83392
0b000401 0b001101 10000 100 559 76420003 83003 83685
0b006e01 0b000101 10001 100 690 76522983 89887 83790
0b006301 0b005101 10000 100 72471 76392406 230097 143980
0b005901 0b007301 10000 100 971 76565466 84640 84015
0b003201 0b002e01 10000 100 672 76532879 133921 83776
0b005701 0b000801 10000 100 560 76588783 83075 83686
0b006401 0b006801 10000 100 387 76660300 40792 41948
0b004201 0b007401 10000 100 337619 76052707 653888 366274
0b001201 0b004a01 10000 100 2300 76655334 84660 85155
0b002601 0b004901 10000 100 323 76783272 82253 83496
0b005901 0b007901 10000 100 3488 76757839 107834 86144
0b006f01 0b001201 10000 100 20139 76273677 630675 100117
0b006a01 0b007701 10000 100 986 76824722 83531 84027
0b005d01 0b006401 10000 100 438 77070462 82995 83588
0b005f01 0b003201 10000 100 1056 77096934 83627 84121
0b002001 0b007b01 10000 100 1049 77284847 84407 84116
0b005101 0b000601 10001 100 722 77464000 82862 83816
0b005901 0b000c01 10000 100 4723 77481488 86866 87170
0b003b01 0b003901 10000 100 370 77535155 47794 41934
0b007f01 0b002701 10000 100 1039 77500570 84561 84108
0b002e01 0b004f01 10000 100 70704 77347458 265038 142489
0b006a01 0b005c01 10000 100 1098 77536273 84442 84155
0b002601 0b006501 10000 100 498 77650641 82671 83636
0b002d01 0b002b01 10000 100 1049 77780090 41849 42516
0b007e01 0b001301 10000 100 894 77906147 93971 83953
0b002701 0b005601 10000 100 808 77967578 83372 83884
0b005f01 0b000901 10000 100 59475 77917998 189242 133084
0b005c01 0b005401 10000 100 238 78197699 40552 41828
0b007e01 0b001401 10000 100 2240 78278191 86227 85107
0b001101 0b000701 10000 100 987 78320534 83816 84028
0b006401 0b007801 10001 100 1331 78380593 86175 84341
0b004d01 0b000501 10000 100 322 78409405 81376 83496
0b003401 0b004a01 10000 100 9554 78441551 90729 91227
0b004b01 0b001801 10002 100 431 78491249 81724 83583
0b002501 0b001c01 10000 100 1002 78687929 83722 84078
0b000b01 0b001f01 10000 100 822 78740714 83564 83896
0b000501 0b005501 10000 100 1098 78855825 86740 84155
0b006a01 0b005401 10000 100 852 78830508 148465 83920
0b007f01 0b004701 10000 100 3150 78941740 85474 85873
0b005101 0b007a01 10000 100 107 79027628 82666 83324
0b000e01 0b003301 10000 100 726350 77242829 1962101 692196
0b002d01 0b000701 10001 100 2471 79128258 84797 85292
0b007c01 0b004b01 10000 100 823 78991930 235083 83896
0b007201 0b004401 10000 100 2892 79150000 87360 85628
0b004501 0b002701 10000 100 1289 79433469 87351 84308
0b002d01 0b003001 10000 100 27642 79161793 370098 106388
0b000601 0b003a01 10000 100 580 79561531 82200 83702
0b003d01 0b006101 10000 100 753 79750105 83267 83840
0b001201 0b002701 10000 100 783 79778348 83269 83864
0b007101 0b006c01 10000 100 82480 79173637 737801 152371
0b004701 0b003401 10001 100 675 79989484 82504 83778
0b007801 0b003701 10000 100 392 80083097 81875 83552
0b004a01 0b006001 10000 100 423 79575060 619536 83576
0b007401 0b004501 10000 100 418 80139723 81775 83572
0b006501 0b007d01 10000 100 881 80153110 120532 83943
0b005401 0b003701 10000 100 3849 80207990 90887 86432
0b005601 0b007901 10000 100 1476 80270881 85241 84457
0b003701 0b007701 10000 100 1688 80302085 84844 84627
0b000701 0b001a01 10001 100 691 80343984 82866 83791
0b003801 0b005401 10001 100 1472 80373073 94869 84454
0b003601 0b002d01 10000 100 5637 80448375 93477 87940
0b001f01 0b000701 10000 100 34397 80540558 211905 112061
0b005301 0b000d01 10000 100 163 80700266 83324 83368
0b001c01 0b005701 10000 100 5110 80719398 94231 87518
0b004a01 0b006d01 10000 100 292 80726406 104858 83472
0b002601 0b000f01 10000 100 564 80743034 93682 83689
0b002801 0b004d01 10001 100 639 80837039 83371 83749
0b000501 0b001701 10000 100 783 80852036 82848 83864
0b005201 0b001a01 10000 100 139 80879589 84589 83349
0b007a01 0b002701 10000 100 894 81187108 139275 83953
0b007601 0b002301 10000 100 116 81259463 83391 83331
0b006c01 0b000101 10000 100 374 81191261 233972 83537
0b003201 0b000f01 10000 100 4313 81378839 97773 86842
0b002e01 0b007801 10000 100 455 81386457 93157 83602
0b005701 0b007d01 10000 100 5050 81365199 119540 87470
0b000101 0b003201 10000 100 8586 81407257 115119 90414
0b001b01 0b000c01 10000 100 431 81474226 82422 83583
0b007b01 0b005201 10001 100 24027427 40065313 41614817 20227816
0b002001 0b007b01 10001 100 168 81522828 219557 83372
0b005301 0b004501 10000 100 403 81649055 100937 83560
0b006a01 0b000f01 10000 100 50598 81566656 189740 125636
0b004801 0b005b01 10000 100 1269449 78469967 3293653 1147527
0b004801 0b003201 10000 100 968 81690357 83440 84012
0b007601 0b007901 10000 100 313 81797434 40846 41888
0b007a01 0b006a01 10000 100 8003 81863734 95388 89948
0b006c01 0b002901 10000 100 422 81721940 239072 83576
0b007501 0b001301 10000 100 747 81887945 127766 83836
0b002301 0b003101 10000 100 4580 81942391 89930 87056
0b005301 0b001d01 10000 100 138 81972382 81548 83348
0b002201 0b003001 10001 100 1347 81871445 251072 84354
0b000801 0b002401 10000 100 4809 82034811 92918 87239
0b007a01 0b006b01 10000 100 391217 81174814 989161 411226
0b000501 0b000301 10000 100 309 82133483 40666 41885
0b005f01 0b004701 10000 100 1153 82090148 85251 84199
0b001c01 0b001d01 10000 100 1125886 80373560 1848421 985547
0b000701 0b005901 10000 100 934 82160253 83332 83985
0b001401 0b006701 10000 100 763 82224510 83936 83848
0b006401 0b001301 10000 100 424 82431106 83888 83577
0b007f01 0b006e01 10000 100 856 82525978 83489 83923
0b004001 0b006701 10000 100 197 82607679 81232 83396
0b005901 0b003e01 10000 100 737 82676807 83707 83828
0b002d01 0b001401 10000 100 929 82696010 171575 83981
0b000701 0b005b01 10000 100 189 82814392 81694 83389
0b002b01 0b002001 10000 100 1716 82885898 42975 43049
0b003e01 0b000801 10000 100 220 83088077 82366 83414
0b001501 0b003801 10000 100 123 83141120 81547 83336
0b004c01 0b000201 10001 100 227 83185419 81072 83420
0b003001 0b001b01 10000 100 204 83186409 82871 83401
0b000c01 0b007701 10000 100 288 83062545 222249 83468
0b004601 0b005a01 10000 100 123 83094228 286309 83336
0b000101 0b001701 10000 100 140 83265348 156940 83350
0b003101 0b000f01 10000 100 150 83373752 80930 83358
0b006d01 0b006201 10000 100 328 83452163 40696 41900
0b004001 0b004801 10000 100 1048 83545909 41848 42515
0b004501 0b007601 10000 100 162 83715545 93369 83368
0b004101 0b003d01 10000 100 647 83739006 83191 83756
0b001f01 0b007a01 10000 100 166049 83402213 505883 222452
0b001201 0b005d01 10000 100 721512 82400336 1538072 688134
0b003101 0b004601 10000 100 627 83854093 86102 83740
0b003201 0b002701 10000 100 217 83976538 81098 83412
0b003001 0b005801 10000 100 7572463 64572219 19518858 6431973
0b004e01 0b003801 10002 100 120 84013492 80728 83334
0b006a01 0b000b01 10000 100 324516 83114942 1001157 355292
0b006801 0b006e01 10000 100 515 84188030 41817 42050
0b005701 0b005f01 10000 100 6552 84434172 46442 47110
0b002201 0b007401 10000 100 779 84491263 84326 83861
0b001701 0b001801 10000 100 6181 84571155 46145 46813
0b003701 0b007001 10000 100 1041 84546276 85192 84109
0b002c01 0b002901 10000 100 1814 84591892 42461 43128
0b007401 0b003401 10000 100 413 84551462 85074 83568
0b006501 0b005b01 10000 100 2581 84646678 86400 85380
0b000901 0b005401 10001 100 742807 84005989 744950 705976
0b002c01 0b005b01 10000 100 621 84684616 230593 83735
0b004f01 0b001901 10001 100 912 84969441 284642 83968
0b006901 0b004001 10000 100 678 85261074 83997 83780
0b001401 0b005301 10000 100 481 85228770 235507 83623
0b002601 0b004801 10000 100 384804 85138743 407296 405827
0b002801 0b006701 10000 100 654 85494559 83263 83761
0b005301 0b007a01 10000 100 112 85575430 90443 83328
0b006401 0b005801 10000 100 8060652 64339080 21339997 6841264
0b006301 0b007701 10000 100 9397 85630701 98389 91101
0b003901 0b003b01 10000 100 281042 85068815 695889 277262
0b000e01 0b006a01 10000 100 13010805 59552168 26267945 10991466
0b001401 0b004f01 10000 100 6026 85351893 599128 88289
0b007601 0b002e01 10000 100 47194365 41293367 44750761 39650980
0b003501 0b000801 10000 100 577 86206079 83448 83700
0b001201 0b004a01 10001 100 928 86293470 193963 83980
0b002301 0b006d01 10000 100 136 86409982 85466 83347
0b001d01 0b000b01 10000 100 13442572 74166935 12338194 11353468
0b007101 0b002701 10000 100 874 86496025 84385 83937
0b001701 0b000101 10000 100 53915 86590752 173799 128405
0b003501 0b002101 10000 100 195849 86536906 247745 247405
0b006901 0b004301 10000 100 373 86719575 82351 83536
0b007401 0b002201 10000 100 601 86762668 84158 83719
0b003601 0b004a01 10000 100 66557 86749307 141234 139018
0b000601 0b004601 10000 100 1073 86900121 85727 84135
0b006101 0b002201 10000 100 1015 86943043 84538 84088
0b003f01 0b005001 10000 100 482 87037289 150787 83624
0b006c01 0b006401 10000 100 157 87197965 41207 41764
0b001e01 0b003601 10000 100 245 87234387 81821 83434
0b000401 0b007e01 10000 100 4337 87237981 89236 86861
0b004101 0b003a01 10001 100 1225 87320877 84300 84256
0b007201 0b007401 10000 100 7282 87366887 49141 47732
0b001401 0b007f01 10000 100 729 87361332 83103 83821
0b003901 0b000701 10000 100 2169 87500384 86364 85050
0b000201 0b001701 10000 100 170 87526052 80888 83374
0b006101 0b007401 10000 100 11915511 66994220 20697442 10073183
0b000901 0b005501 10000 100 1823 87805289 85640 84735
0b000c01 0b006501 10000 100 139 87879563 107856 83349
0b003101 0b001201 10000 100 764 87987873 82788 83849
0b000601 0b005d01 10000 100 178 87809044 292652 83380
0b007601 0b005901 10000 100 7903 88047538 96593 89829
0b007501 0b003b01 10000 100 2786 88446660 87469 85544
0b004d01 0b001c01 10000 100 4721 88201409 362702 87168
0b006201 0b003d01 10000 100 606 88542421 82595 83723
0b000d01 0b006201 10000 100 2338 88713991 86359 85185
0b006501 0b001601 10000 100 1286 88737887 85883 84305
0b007001 0b000a01 10000 100 127 88795566 83017 83340
0b007601 0b001501 10000 100 205 88840695 95149 83402
0b001401 0b003001 10000 100 8959 89005173 90485 90712
0b000101 0b005801 10000 100 41657848 1409742 87696521 35009145
0b003301 0b000901 10000 100 976 89284530 83680 84019
0b004601 0b003501 10000 100 1661 89296914 85481 84605
0b007401 0b003101 10000 100 653 89377831 82434 83760
0b003e01 0b002301 10000 100 181 89363333 202953 83383
0b002c01 0b004101 10001 100 932 89514709 84185 83984
0b006101 0b005901 10000 100 1138 89553287 83940 84187
0b005901 0b003f01 10000 100 342 89580535 82184 83512
0b007301 0b000301 10001 100 7524 89573116 90074 89526
0b005601 0b006401 10000 100 552 89610454 98337 83680
0b002501 0b003901 10001 100 63739 90053295 137329 136648
0b004201 0b001c01 10000 100 2398 90049234 193996 85233
0b005101 0b005b01 10001 100 134 90373171 40386 41745
0b003601 0b007001 10000 100 389 90482419 81718 83549
0b001a01 0b006201 10000 100 207 90578224 84271 83404
0b005601 0b005301 10000 100 579 90900582 41602 42101
0b001201 0b001601 10000 100 182 91023818 40974 41784
0b002601 0b006201 10000 100 2981 90978104 91647 85700
0b000101 0b000701 10000 100 327897 91067637 321236 316512
0b002201 0b007301 10000 100 256 91353012 81681 83443
0b007801 0b005901 10000 100 6652 91345595 93452 88790
0b003f01 0b004e01 10001 100 146 91395529 82155 83355
0b006001 0b002f01 10000 100 1757 91419128 84772 84682
0b003a01 0b000801 10000 100 85070 91117589 465066 154558
0b006401 0b007701 10000 100 57110 91497735 164483 131115
0b007d01 0b007901 10000 100 1297 91650323 42048 42714
0b003101 0b000101 10000 100 1145845 88978219 2855261 1043882
0b001501 0b000e01 10000 100 1434413 88529158 3385287 1285834
0b004601 0b006301 10001 100 17728324 58260926 33682239 14946652
0b001601 0b000701 10000 100 431 92172918 81740 83583
0b000901 0b004201 10000 100 492 92192871 81920 83632
0b003901 0b007601 10000 100 378 92355663 82839 83540
0b006001 0b004001 10000 100 604 92362828 129016 83721
0b002f01 0b007b01 10000 100 557 92410846 82566 83684
0b004c01 0b001301 10000 100 4071 92436540 87524 86648
0b007401 0b007801 10000 100 475266 91887520 688959 440091
0b002a01 0b005701 10000 100 471 92622924 82533 83615
0b005001 0b005401 10000 100 48884 92730981 105940 82588
0b007701 0b001301 10000 100 1838 92901412 116874 84747
0b000f01 0b007201 10000 100 456 92972758 83097 83603
0b006701 0b000e01 10000 100 657 93524057 83871 83764
0b005301 0b000b01 10000 100 301 93460092 203246 83479
0b003901 0b004b01 10000 100 786639 92316871 1502728 742732
0b004601 0b005c01 10000 100 817 93738380 84208 83892
0b005c01 0b007501 10000 100 314 93802381 130682 83489
0b000d01 0b001301 10000 100 21890361 57073172 36869001 18436103
0b005001 0b002a01 10000 100 128 94095502 81572 83340
0b001401 0b003201 10000 100 675 94189508 86717 83778
0b000f01 0b006b01 10001 100 398 94256892 81616 83556
0b004401 0b006701 10001 100 25145 94247179 150293 104314
0b005001 0b007b01 10000 100 251 94475404 119148 83439
0b004801 0b003b01 10000 100 296 94549098 84049 83475
0b006001 0b002b01 10000 100 842 94593953 84021 83912
0b002a01 0b002b01 10000 100 1045 94657512 41846 42512
0b003101 0b005701 10000 100 377440 93974594 894936 399667
0b002f01 0b000601 10000 100 5716 94853813 93680 88003
0b007701 0b003601 10000 100 231 94968251 81901 83423
0b006301 0b001701 10000 100 182 95331202 82708 83384
0b001501 0b007d01 10000 100 332 95323307 97095 83504
0b000c01 0b000f01 10001 100 129 95491016 40378 41741
0b003001 0b003601 10000 100 551 95578328 41054 42079
0b000901 0b006401 10000 100 583 95587544 82770 83704
0b000901 0b000f01 10000 100 8961 96074391 50407 49114
0b003501 0b001001 10000 100 5344 96033671 94970 87705
0b003201 0b004f01 10000 100 235 96572643 81651 83426
0b002701 0b003501 10000 100 141 96579384 80796 83351
0b002b01 0b006701 10000 100 58724 96428905 334860 132444
0b004801 0b005501 10000 100 484 96807288 99214 83625
0b002501 0b001301 10000 100 1300703 95975649 1172706 1173720
0b006a01 0b007101 10000 100 488 97018743 131619 83628
0b002a01 0b003601 10000 100 34849 97185602 113183 112423
0b000c01 0b001401 10001 100 444 97311584 86575 83593
0b005401 0b007001 10000 100 9770282 78894367 18602557 8274632
0b003501 0b006c01 10000 100 364 97574057 81878 83529
0b006001 0b005b01 10000 100 6376 97717329 101623 88569
0b000601 0b006d01 10001 100 632 98018288 82619 83744
0b006301 0b004d01 10000 100 1473 98137372 124702 84455
0b001401 0b002601 10000 100 399 99182991 81620 83557
