0b001101 0b002201 10000 100 172 18258 80896 83376
0b000d01 0b003f01 10000 100 1921 20488 84319 84813
0b003201 0b003c01 10000 100 344 98944 40722 41913
0b007601 0b001a01 10000 100 459 70092 81812 83605
0b007001 0b005f01 10000 100 1494 145726 83977 84472
0b005f01 0b000c01 10000 100 1426 186340 83923 84417
0b001a01 0b006001 10000 100 740 204910 82712 83830
0b000701 0b006301 10000 100 236 260238 81100 83427
0b004401 0b005701 10000 100 517 321233 82000 83652
0b002e01 0b004e01 10000 100 166 342006 80876 83371
0b006501 0b000101 10000 100 618 402993 82320 83732
0b002301 0b002201 10000 100 8558 549242 48122 48792
0b002b01 0b003901 10000 100 692 547516 82560 83792
0b003d01 0b002901 10000 100 6776 633933 88393 88889
0b004c01 0b005801 10000 100 920 656509 83288 83974
0b006801 0b004201 10000 100 941 663401 83356 83991
0b004d01 0b001201 10000 100 212 697581 81024 83408
0b007c01 0b002101 10000 100 5086 720394 87003 87499
0b003a01 0b003c01 10000 100 1191 790081 41963 42629
0b002b01 0b001901 10000 100 3107 946919 85344 85839
0b007501 0b000b01 10000 100 409 1005423 81652 83565
0b001701 0b002d01 10000 100 9645 1012865 90802 91300
0b001101 0b004901 10000 100 1182 1074266 83728 84222
0b005401 0b005801 10000 100 25237 1197279 62112 62788
0b007201 0b003501 10000 100 751 1213272 82748 83839
0b007201 0b001a01 10000 100 2558 1298011 84866 85361
0b006001 0b003401 10000 100 1651 1413786 84103 84597
0b004401 0b007d01 10000 100 317983 1271528 349176 349797
0b004001 0b002a01 10000 100 172814 1476326 227531 228094
0b007e01 0b004c01 10000 100 983 1805069 83488 84024
0b004701 0b006201 10000 100 389 1858055 81588 83549
0b005601 0b006401 10000 100 124 1969760 80740 83337
0b002b01 0b004901 10000 100 113 2038469 80704 83328
0b004801 0b006801 10000 100 738 2061932 82704 83828
0b005701 0b007901 10000 100 214 2100817 81028 83409
0b007001 0b005f01 10001 100 859 2127217 83092 83925
0b000301 0b005801 10000 100 329 2196282 81396 83501
0b002f01 0b000b01 10000 100 5318 2226183 87188 87684
0b000d01 0b001a01 10000 100 107 2241145 81341 83324
0b002101 0b000801 10000 100 1123300 1353048 1024106 1025001
0b006b01 0b003301 10000 100 236 2327274 81932 83427
0b004d01 0b007c01 10000 100 337 2330832 81424 83508
0b007a01 0b003101 10000 100 813 2351094 82944 83888
0b006401 0b000b01 10000 100 1425 2426116 83922 84416
0b000201 0b000f01 10000 100 348 2561018 40728 41916
0b006c01 0b000b01 10000 100 487 2533639 81904 83628
0b005a01 0b004d01 10000 100 9119 2558984 96971 90879
0b004301 0b000501 10000 100 771 2618414 83292 83855
0b006901 0b006601 10000 100 231 2673495 40542 41823
0b007601 0b001601 10000 100 1833 2669982 84742 84743
0b003001 0b001001 10000 100 989 2694891 83508 84029
0b005201 0b001501 10000 100 1810 2700130 85212 84724
0b006501 0b003901 10000 100 411 2743837 82129 83567
0b000001 0b007901 10000 100 3395 2791334 85574 86069
0b003301 0b001101 10000 100 578 2832823 84982 83700
0b006a01 0b000801 10000 100 1023 2907463 83600 84095
0b004301 0b004401 10000 100 1119123 2102686 979447 979906
0b004701 0b007801 10000 100 67935 2959148 139638 140159
0b007701 0b004d01 10000 100 1528 3096144 84004 84499
0b005501 0b001501 10000 100 987730 2251168 957474 911323
0b003701 0b004d01 10000 100 303 3230636 81312 83480
0b007201 0b003e01 10000 100 1453 3273881 85053 84439
0b005101 0b003201 10000 100 946 3341211 83372 83995
0b003901 0b005e01 10000 100 1378 3357535 83884 84379
0b002801 0b000f01 10000 100 110292 3278185 175158 175696
0b007c01 0b007a01 10000 100 904 3416177 41618 42361
0b001a01 0b002301 10000 100 130 3380229 80760 83342
0b006201 0b003701 10000 100 2329 3391967 85317 85178
0b003301 0b003e01 10000 100 735 3624832 41712 42226
0b001f01 0b003301 10000 100 1721080 2090795 1625333 1526188
0b006601 0b001801 10000 100 22667 3666201 101714 102216
0b003801 0b007001 10000 100 1528960 2457404 1365002 1365081
0b000801 0b005e01 10000 100 344 3785346 81444 83513
0b003a01 0b003301 10000 100 11957 3910900 50956 51626
0b006001 0b002c01 10000 100 77072 3972704 147328 147852
0b007601 0b005601 10000 100 1000568 3280657 921198 922092
0b003d01 0b001901 10000 100 1848 4185787 84260 84755
0b004701 0b005901 10000 100 1537 4209449 84701 84506
0b000301 0b004f01 10000 100 898 4246327 84035 83956
0b003d01 0b007601 10000 100 1080 4267691 83646 84140
0b002901 0b000c01 10000 100 492 4301886 81920 83632
0b001c01 0b005101 10000 100 587 4486848 82224 83708
0b003001 0b001a01 10000 100 922686 3721083 871226 856792
0b007f01 0b007401 10000 100 8719 4551163 48251 48920
0b007701 0b001501 10000 100 203 4555061 80992 83400
0b006c01 0b003e01 10000 100 31151 4557580 108843 109349
0b000901 0b006601 10000 100 4360 4601545 86384 86880
0b007d01 0b000401 10000 100 4417 4704956 87212 86925
0b001c01 0b005601 10000 100 3785 4714336 86508 86381
0b002801 0b003201 10000 100 866046 3937901 958855 809329
0b001f01 0b007501 10000 100 698 4864529 83069 83796
0b007f01 0b004101 10000 100 7495 4862552 91376 89503
0b005301 0b003401 10000 100 89322 4819911 157584 158113
0b002a01 0b001501 10000 100 1098 4939819 83660 84155
0b001401 0b005a01 10000 100 251 4942912 81148 83439
0b005f01 0b004501 10000 100 461 5196112 81822 83607
0b006901 0b002e01 10000 100 909 5344464 83252 83965
0b006601 0b000b01 10000 100 120 5408024 80728 83334
0b001301 0b000601 10000 100 2180 5423822 84686 85059
0b001f01 0b001801 10000 100 1065 5490229 41862 42528
0b000401 0b007d01 10000 100 314 5543998 81348 83489
0b002f01 0b002601 10000 100 5818 5582364 45816 46484
0b002a01 0b005d01 10000 100 531 5606578 82044 83663
0b000401 0b003601 10000 100 436 5629242 81740 83587
0b000a01 0b006701 10000 100 612 5629469 82304 83728
0b000c01 0b005601 10000 100 5727 5704886 92053 88012
0b005e01 0b002d01 10000 100 5264 5723867 87145 87641
0b006b01 0b005201 10000 100 226070 5536175 276998 272772
0b003001 0b000801 10000 100 1556 5741524 84027 84521
0b004601 0b004501 10000 100 275 5810757 40612 41858
0b002401 0b002b01 10000 100 1246 5824138 42007 42673
0b000701 0b002601 10000 100 268 5861259 81200 83452
0b002401 0b004901 10000 100 104 5864248 80870 83321
0b002e01 0b001c01 10000 100 505472 5468354 506312 507008
0b007d01 0b004101 10000 100 497 5907147 81936 83636
0b004301 0b003e01 10000 100 1558 6068251 84812 84523
0b007201 0b006e01 10000 100 1821 6102434 85126 84733
0b000e01 0b005b01 10000 100 125 6115556 80744 83338
0b004f01 0b002901 10000 100 86095 6000271 228619 155416
0b004201 0b007501 10000 100 2761 6161684 86779 85524
0b006101 0b007301 10000 100 708 6165898 82613 83804
0b005201 0b007d01 10000 100 645 6207414 82408 83754
0b003801 0b003c01 10000 100 5809 6275428 45809 46477
0b001a01 0b006901 10000 100 923 6304551 83296 83976
0b000a01 0b007d01 10000 100 1217 6310842 83756 84250
0b004c01 0b004601 10000 100 279 6390402 40618 41861
0b003e01 0b007f01 10000 100 60973 6267343 184622 134320
0b006e01 0b007001 10000 100 679 6388788 82516 83781
0b004901 0b006c01 10000 100 502 6438369 83105 83640
0b003e01 0b007701 10000 100 1662 6437651 85239 84606
0b005801 0b005901 10000 100 763097 5955508 680444 681415
0b007a01 0b005701 10000 100 263 6558656 81184 83448
0b007101 0b003201 10000 100 27519 6552320 105785 106290
0b004d01 0b002701 10000 100 628 6585242 83338 83740
0b006401 0b007e01 10000 100 868 6611429 83120 83932
0b003001 0b005601 10000 100 546 6614830 82798 83675
0b003e01 0b003f01 10000 100 1385822 5448289 1254858 1203480
0b002501 0b001a01 10000 100 14016 6606518 105474 94988
0b002301 0b000301 10000 100 1491 6650875 85048 84469
0b002f01 0b005c01 10000 100 1507 6657951 83988 84482
0b002901 0b005101 10000 100 223 6725477 81056 83416
0b006a01 0b004701 10000 100 851 6742080 83853 83919
0b001d01 0b001f01 10000 100 1686 6793144 42359 43025
0b007b01 0b006c01 10000 100 688 6881153 82544 83788
0b002b01 0b003701 10000 100 1037365 6045310 952138 952951
0b001101 0b005d01 10000 100 4490 7015720 86488 86984
0b004501 0b007801 10000 100 2517 7030073 87653 85328
0b005401 0b002e01 10000 100 549 7116922 82100 83677
0b001f01 0b003001 10000 100 293 7134364 81280 83472
0b007401 0b006901 10000 100 909 7226345 85428 83965
0b001501 0b007701 10000 100 944 7248288 84262 83993
0b005601 0b002701 10000 100 495 7502105 83045 83634
0b006a01 0b005201 10000 100 389 7523339 81588 83549
0b005101 0b002d01 10000 100 148 7674720 80955 83356
0b005c01 0b003401 10000 100 3612 7828254 86515 86243
0b003901 0b000401 10000 100 190 7847056 81248 83390
0b002901 0b001301 10000 100 840 7856718 83670 83910
0b003a01 0b006901 10000 100 1340 7918513 83854 84348
0b000001 0b000401 10000 100 457 8018861 40915 42004
0b000301 0b000501 10000 100 300 8138008 41031 41878
0b007601 0b000c01 10000 100 196 8122332 80972 83395
0b006901 0b004e01 10000 100 1005 8219092 84242 84080
0b006101 0b007c01 10000 100 366 8248450 82120 83531
0b004a01 0b001501 10000 100 482 8297109 81888 83624
0b005001 0b007701 10000 100 696 8318815 83532 83795
0b001001 0b004f01 10000 100 250 8351581 81144 83438
0b003c01 0b007101 10000 100 304 8401666 83789 83481
0b002801 0b005901 10000 100 661 8409127 82460 83767
0b003701 0b004d01 10001 100 8565 8418387 90682 90397
0b005e01 0b005c01 10000 100 1820118 6997917 1566418 1567620
0b000401 0b006e01 10000 100 753 8580666 83377 83840
0b000201 0b007601 10000 100 9466 8674490 97753 91156
0b006501 0b001f01 10000 100 692 8702304 82560 83792
0b005f01 0b001b01 10000 100 420 8736161 81688 83574
0b005101 0b004001 10000 100 697 8771261 82607 83796
0b006001 0b002a01 10000 100 529 8775021 83301 83661
0b001801 0b005401 10000 100 911 8807551 83260 83967
0b007201 0b003101 10000 100 2610 8824547 84908 85403
0b004f01 0b007501 10000 100 276 8903419 81462 83459
0b006201 0b003501 10000 100 169 8959078 81217 83373
0b000601 0b003c01 10000 100 767 9057245 82926 83852
0b006001 0b005601 10000 100 3372995 6238975 2909910 2911119
0b001a01 0b006c01 10000 100 1386 9082122 83891 84385
0b001301 0b007401 10000 100 148 9096762 81580 83356
0b007601 0b004201 10000 100 1363 9150338 83872 84367
0b001001 0b003b01 10000 100 298 9310859 81296 83476
0b001101 0b000401 10000 100 6928 9394371 105068 89011
0b004701 0b004b01 10000 100 592 9511272 41120 42112
0b004101 0b005001 10000 100 6997 9458896 95422 89066
0b005201 0b007001 10000 100 1609652 8126549 1432203 1432745
0b000601 0b000501 10000 100 311 9523502 40670 41887
0b007a01 0b002401 10000 100 663 9511152 82464 83768
0b001901 0b001101 10000 100 350 9610362 41199 41918
0b007601 0b006e01 10000 100 19982 9562977 101703 99953
0b004c01 0b003d01 10000 100 1312 9583120 92686 84326
0b000c01 0b005e01 10000 100 541 9606957 82806 83671
0b007301 0b001001 10000 100 1061 9632666 84830 84125
0b000001 0b006801 10000 100 1114 9646020 83771 84168
0b006501 0b002d01 10000 100 8515 9661438 89860 90357
0b004901 0b001501 10000 100 916 9757574 84891 83971
0b002c01 0b003f01 10000 100 7633 9825565 89970 89613
0b000a01 0b001e01 10000 100 522 9971445 82016 83656
0b000801 0b002201 10000 100 182 9978900 84415 83384
0b007601 0b007301 10000 100 729 10074111 42299 42221
0b004301 0b005001 10000 100 916 10045376 83966 83971
0b002601 0b005c01 10000 100 5104 10078707 91107 87513
0b000801 0b005901 10000 100 657831 9568427 647342 634732
0b007701 0b005601 10000 100 4676 10168528 86637 87132
0b003801 0b004f01 10000 100 1282 10268648 83808 84302
0b007d01 0b002d01 10000 100 501 10302754 82154 83639
0b004701 0b003b01 10000 100 846 10313132 83511 83915
0b004701 0b006801 10000 100 1051 10314125 92374 84117
0b001001 0b001501 10000 100 5027 10424614 45184 45852
0b000a01 0b003201 10000 100 8616 10427919 92538 90438
0b001801 0b002801 10000 100 557 10464786 82221 83684
0b005f01 0b007601 10000 100 1392840 9326230 1250920 1250963
0b000f01 0b001901 10000 100 152 10499913 84280 83360
0b006701 0b007501 10000 100 137 10593146 80940 83348
0b003201 0b005801 10000 100 3016 10608969 86715 85766
0b004b01 0b001701 10000 100 220 10762792 81048 83414
0b005e01 0b000701 10000 100 157 10852041 81391 83364
0b003201 0b003e01 10000 100 1032 10954006 41836 42502
0b000501 0b007601 10000 100 462 10922580 81824 83608
0b005501 0b003301 10000 100 489 10941754 81908 83629
0b007301 0b007901 10000 100 395 10986885 40804 41954
0b003501 0b007301 10000 100 8128 10948759 92902 90048
0b003f01 0b004e01 10000 100 499 11029221 82359 83637
0b004e01 0b003e01 10000 100 887 11035049 83458 83948
0b006b01 0b004701 10000 100 1723 11114055 84160 84655
0b000c01 0b001d01 10000 100 130 11127955 81500 83342
0b003d01 0b000d01 10000 100 1646 11153418 86283 84593
0b004801 0b002a01 10000 100 1039 11208259 84549 84108
0b003a01 0b004401 10000 100 374461 10929387 407380 397168
0b002501 0b005101 10000 100 128 11286744 81093 83340
0b003601 0b007001 10000 100 214939 11134316 262827 263407
0b004501 0b006601 10000 100 1020925 10482374 938244 939146
0b001401 0b000701 10000 100 866 11369047 83715 83931
0b005a01 0b007c01 10000 100 1750 11406867 85290 84676
0b002a01 0b006701 10000 100 762 11425959 82955 83848
0b007101 0b004d01 10000 100 5524 11434694 89616 87849
0b007401 0b005501 10000 100 3242 11448613 85644 85947
0b004601 0b007a01 10000 100 1093 11520454 86290 84151
0b001d01 0b000001 10000 100 731 11542203 84473 83823
0b002b01 0b001f01 10000 100 721 11551479 83561 83815
0b000701 0b004801 10000 100 1412 11570508 84014 84406
0b003f01 0b003901 10000 100 963 11614893 42098 42408
0b003b01 0b000a01 10000 100 125 11580748 81921 83338
0b002f01 0b006401 10000 100 569 11631479 82164 83693
0b007e01 0b006d01 10000 100 129 11639998 81451 83341
0b004501 0b007a01 10000 100 992 11647588 83520 84032
0b006501 0b002c01 10000 100 8366 11656254 93093 90238
0b006301 0b005801 10000 100 707 11702035 82608 83804
0b001901 0b001a01 10000 100 588 11804607 41112 42108
0b001d01 0b002f01 10000 100 388 11766831 81584 83548
0b003101 0b007e01 10000 100 133623 11651596 253883 195244
0b000501 0b004b01 10000 100 502 11929303 84837 83640
0b001501 0b003b01 10000 100 88489 11947748 156879 157408
0b000f01 0b004101 10000 100 14470 12154659 118347 95352
0b002f01 0b000301 10000 100 131 12322039 81198 83343
0b005301 0b001601 10000 100 19295 12473770 99468 99404
0b005201 0b002101 10000 100 158 12501456 81312 83364
0b002901 0b007001 10000 100 692 12511640 83479 83792
0b004101 0b001801 10000 100 102 12542147 80968 83320
0b002b01 0b000701 10000 100 8379 12543770 89751 90248
0b002401 0b004601 10000 100 180 12650870 82104 83382
0b001b01 0b002801 10000 100 540 12685430 85066 83670
0b003101 0b003801 10000 100 160 12824003 40428 41766
0b007601 0b004401 10000 100 308 12787484 85606 83484
0b004b01 0b006e01 10000 100 37586 12826339 114219 114728
0b004f01 0b001801 10000 100 219 12862378 81753 83413
0b002301 0b000d01 10000 100 850 12996884 83064 83918
0b003a01 0b001d01 10000 100 693 13074260 82560 83792
0b006e01 0b007b01 10000 100 1841 13103272 84255 84749
0b005501 0b005001 10000 100 1087 13194365 41880 42546
0b004401 0b004201 10000 100 231 13203916 40542 41823
0b006101 0b005501 10000 100 482 13163975 81888 83624
0b000301 0b003d01 10000 100 308 13346859 81419 83484
0b007101 0b006001 10000 100 60887 13307040 151048 134252
0b001801 0b004701 10000 100 77978 13196665 268493 148577
0b007801 0b003501 10000 100 5664 13540943 87465 87961
0b002601 0b004c01 10000 100 28876 13566812 109501 107414
0b003001 0b003501 10000 100 429 13642842 40858 41981
0b001701 0b004a01 10000 100 2733 13599313 85776 85501
0b002801 0b006a01 10000 100 6056 13680646 87817 88313
0b002d01 0b000001 10000 100 565 13769093 82523 83690
0b004001 0b001301 10000 100 8009 13784545 92351 89952
0b003801 0b005401 10000 100 3073 13798354 85316 85812
0b003f01 0b001701 10000 100 1039 13873645 83613 84108
0b002001 0b003f01 10000 100 518 13883499 84051 83652
0b007001 0b006801 10000 100 1455 13913693 84096 84440
0b004601 0b003201 10000 100 1426 13914620 84292 84417
0b005b01 0b006701 10000 100 160 13932154 80856 83366
0b000101 0b005501 10000 100 304770 13453947 575315 338728
0b002d01 0b007001 10000 100 7306 14089901 98425 89352
0b003d01 0b007e01 10000 100 3095 14101389 87052 85829
0b004501 0b000401 10000 100 120 14141376 81003 83334
0b006e01 0b003301 10000 100 213971 13964691 262015 262594
0b004c01 0b002701 10000 100 179 14222090 80916 83381
0b007c01 0b001a01 10000 100 1492908 10855750 3509761 1334857
0b002301 0b007c01 10000 100 228 14326849 81636 83420
0b007601 0b000c01 10001 100 1024 14354776 83601 84096
0b004e01 0b003201 10000 100 3490 14454195 86063 86145
0b003301 0b004b01 10000 100 1885 14497868 84899 84784
0b006901 0b003901 10000 100 83784 14395260 213078 153452
0b003a01 0b001d01 10001 100 65617 14476108 137708 138228
0b003b01 0b000701 10000 100 54521 14491651 168820 128928
0b006d01 0b001e01 10000 100 1860 14583536 84945 84764
0b001101 0b007001 10000 100 1751575 11523817 3168805 1551736
0b007101 0b001001 10000 100 446 14611289 81772 83595
0b006301 0b004101 10000 100 710 14633707 82616 83806
0b003901 0b002501 10000 100 2030 14659551 84540 84939
0b002a01 0b003601 10000 100 984 14810210 84291 84025
0b001101 0b004a01 10000 100 411 14937844 88788 83567
0b002f01 0b004901 10000 100 557 14999596 82214 83684
0b003601 0b003301 10000 100 5152 15064166 46305 45952
0b005a01 0b005301 10000 100 86717 15055519 114063 114314
0b005a01 0b006001 10000 100 514 15089127 82738 83649
0b000a01 0b003601 10000 100 1829229 13101412 2073334 1616855
0b004e01 0b003a01 10000 100 1858 15087491 88849 84763
0b000501 0b000f01 10000 100 7525 15257918 47258 47927
0b007001 0b002401 10000 100 72971 15215942 143857 144380
0b000a01 0b000b01 10000 100 6151 15359406 46121 46789
0b001d01 0b003601 10000 100 4969 15314627 122299 87367
0b004401 0b007601 10000 100 1156 15382121 85665 84201
0b000901 0b000c01 10000 100 426 15550095 41604 41979
0b002101 0b005d01 10000 100 94267 15420265 240323 162261
0b003c01 0b002c01 10000 100 3371429 9833085 5862364 2909828
0b007401 0b003701 10000 100 42785 15537777 164530 119079
0b001801 0b003001 10000 100 4056568 11085484 4702243 3484243
0b000201 0b007a01 10000 100 196 15731207 81254 83395
0b004501 0b007b01 10000 100 1388 15761561 84008 84387
0b003701 0b007001 10000 100 7256 15791752 89536 89312
0b003701 0b003c01 10000 100 1868 15852874 43843 43171
0b002501 0b001d01 10000 100 2534 15837656 84847 85342
0b002501 0b005c01 10000 100 3074 15922512 85346 85812
0b003601 0b006501 10000 100 225 15939498 81480 83418
0b001c01 0b004901 10000 100 942 16095157 92134 83992
0b001b01 0b006b01 10000 100 1642 16122957 84986 84590
0b001701 0b007801 10000 100 1350 16211336 83983 84356
0b006701 0b001901 10000 100 140 16215015 80792 83350
0b001601 0b003c01 10000 100 1125332 13606185 2731042 1026704
0b004e01 0b000f01 10000 100 1595 16365791 84820 84552
0b005501 0b001601 10000 100 71641 16323435 142755 143277
0b002801 0b005801 10000 100 1594 16413920 84057 84552
0b001e01 0b001f01 10000 100 840 16469361 41516 42310
0b002101 0b003001 10000 100 2356 16442120 86879 85200
0b005101 0b006701 10000 100 189 16470141 81549 83389
0b000f01 0b007101 10000 100 1069 16511787 84058 84132
0b000e01 0b006201 10000 100 1819976 14700542 1966579 1609068
0b003c01 0b000401 10000 100 6295155 8356392 8366579 5361090
0b001601 0b000001 10000 100 2978 16650628 90100 85697
0b004101 0b003201 10000 100 741 16665525 82716 83831
0b002101 0b000001 10000 100 11377287 6590687 10165450 9621944
0b005b01 0b005901 10000 100 474 16744574 40930 42017
0b007501 0b000d01 10000 100 316 16727377 81516 83491
0b007a01 0b000a01 10000 100 8173 16779589 89944 90084
0b007601 0b005101 10000 100 3084 16852479 85325 85820
0b000a01 0b000501 10000 100 663 16933750 41232 42168
0b007f01 0b007b01 10000 100 144 16956320 40402 41753
0b006301 0b000f01 10000 100 189 16927325 81466 83389
0b002d01 0b000801 10000 100 1614147 12038839 5013570 1436533
0b006701 0b000301 10000 100 195 17036810 81260 83394
0b002b01 0b007b01 10000 100 273 17037906 81479 83456
0b005e01 0b006901 10000 100 752 17069873 82752 83840
0b002d01 0b004b01 10000 100 888 17072529 83184 83948
0b007e01 0b003801 10000 100 3882 17085685 86510 86459
0b006b01 0b002901 10000 100 1057 17176668 83628 84122
0b004301 0b004801 10000 100 386 17223481 41438 41947
0b000901 0b001801 10000 100 563 17188678 82335 83688
0b004101 0b006d01 10000 100 17109 17188269 97077 97578
0b005b01 0b001701 10000 100 692 17212193 82560 83792
0b005601 0b005b01 10000 100 33618 17226838 69120 69800
0b000701 0b003001 10000 100 88452 17162307 161124 157379
0b002401 0b005f01 10000 100 798950 15365876 2001767 753041
0b007601 0b007001 10000 100 253 17386876 40576 41840
0b004201 0b003c01 10000 100 1786884 13393425 4059202 1581328
0b001d01 0b001401 10000 100 3802 17430166 44128 44795
0b004e01 0b004b01 10000 100 1518 17467100 42927 42891
0b006e01 0b005501 10000 100 133 17508791 80768 83344
0b000301 0b005401 10000 100 1156 17537079 84195 84201
0b005d01 0b004201 10000 100 1762 17563238 84192 84686
0b007601 0b002e01 10000 100 170 17574299 81727 83374
0b001b01 0b002c01 10000 100 276847 17354472 328326 315314
0b003901 0b006201 10000 100 100 17674415 80664 83318
0b005001 0b005b01 10000 100 348 17782661 40728 41916
0b004901 0b000201 10000 100 835 17752741 83066 83906
0b001101 0b001601 10000 100 1024 17843170 57991 42496
0b006a01 0b002701 10000 100 303 17968398 81312 83480
0b002201 0b004601 10000 100 1756 18020537 84690 84681
0b003001 0b005d01 10000 100 1001 18038952 83592 84077
0b001901 0b001501 10000 100 1434 18109290 42157 42824
0b006301 0b001801 10000 100 6049 18082423 91739 88308
0b005b01 0b006301 10000 100 471917 17633612 570943 478858
0b001801 0b001d01 10000 100 863 18235256 41552 42328
0b001a01 0b000801 10000 100 285 18203431 81963 83466
0b005e01 0b006101 10000 100 419 18244772 81684 83573
0b002601 0b003601 10000 100 96407 18325168 165390 164050
0b004001 0b002601 10000 100 162725 18114465 400286 219639
0b002e01 0b005701 10000 100 581 18499253 82204 83703
0b007901 0b006001 10000 100 1733 18563095 84168 84663
0b005501 0b001a01 10000 100 634 18613769 82372 83745
0b002c01 0b006d01 10000 100 5473 18627539 95211 87808
0b005d01 0b000301 10000 100 147 18690356 81154 83356
0b007901 0b000b01 10000 100 122 18795932 81337 83336
0b005f01 0b005d01 10000 100 2236 18859402 42837 43504
0b005b01 0b006901 10000 100 988 18856253 83504 84028
0b005a01 0b007f01 10000 100 539 19034873 82083 83669
0b002101 0b005501 10000 100 3863 19123170 88755 86444
0b004d01 0b006e01 10000 100 1745 19180405 84414 84672
0b003b01 0b003501 10001 100 1309 19340834 43686 42724
0b007b01 0b002801 10000 100 316 19332506 81356 83491
0b005701 0b005c01 10000 100 183 19396681 40464 41784
0b004b01 0b000101 10000 100 29000 19344748 108293 107513
0b003901 0b007501 10000 100 142 19439904 82957 83352
0b001c01 0b004e01 10000 100 5938 19486015 101482 88180
0b001e01 0b000101 10000 100 356 19538234 82045 83523
0b002001 0b002b01 10000 100 6317 19612646 46254 46922
0b005401 0b006801 10000 100 609 19614955 82756 83725
0b005001 0b007101 10000 100 3965 19631937 86123 86525
0b007501 0b000c01 10000 100 181 19664891 81124 83383
0b000401 0b003501 10000 100 8348 19657504 96606 90224
0b005f01 0b003b01 10000 100 359 19773067 81667 83525
0b005001 0b007e01 10000 100 1097 19838500 83660 84154
0b002601 0b002e01 10000 100 383 19920643 40784 41944
0b002901 0b005801 10000 100 9374 19983979 100858 91083
0b001201 0b007401 10000 100 157 20010384 90119 83364
0b004601 0b000301 10000 100 690 20176539 86768 83790
0b003301 0b000401 10000 100 747 20236672 82736 83836
0b006801 0b002201 10000 100 5433 20272186 87280 87776
0b005901 0b003801 10000 100 1062 20363418 83821 84126
0b007d01 0b005801 10000 100 323 20394583 94399 83496
0b007d01 0b004f01 10000 100 152 20485203 80923 83360
0b000801 0b006901 10000 100 109 20538950 80692 83325
0b001901 0b003a01 10000 100 432 20542040 82008 83584
0b007301 0b000501 10000 100 1330 20566581 84638 84340
0b003e01 0b003f01 10001 100 518 20665042 41000 42052
0b003d01 0b006101 10000 100 959 20636586 84315 84005
0b007101 0b003401 10000 100 782 20713948 82848 83864
0b003201 0b005801 10001 100 560 20778273 82136 83686
0b002601 0b000301 10000 100 2914 20852651 87467 85646
0b002301 0b001b01 10000 100 7942 20853916 90153 89860
0b001601 0b003501 10000 100 3965 20863558 96380 86525
0b001601 0b004601 10000 100 492 20893653 81920 83632
0b006001 0b000001 10000 100 1435 20921882 83930 84424
0b002601 0b001701 10000 100 1816 21016735 84235 84729
0b007c01 0b002a01 10000 100 143 21050941 81090 83352
0b002a01 0b005401 10000 100 395 21107611 82338 83554
0b000601 0b001b01 10000 100 133 21117751 81604 83344
0b006c01 0b000b01 10001 100 7297 21182261 89088 89344
0b005d01 0b002101 10000 100 1520 21201117 83998 84492
0b007f01 0b005701 10000 100 288 21272119 81264 83468
0b002c01 0b003c01 10000 100 8555 21304528 102187 90389
0b000501 0b002701 10000 100 4417 21395231 86430 86925
0b000301 0b004e01 10000 100 173 21482709 85989 83376
0b001901 0b005801 10000 100 19351 21487068 100780 99448
0b002c01 0b002101 10000 100 7626 21584303 53139 48008
0b002201 0b006001 10000 100 125 21888077 80744 83338
0b007401 0b003e01 10000 100 1160 21873908 104344 84204
0b003001 0b001c01 10000 100 666386 21362612 641161 641921
0b000001 0b004001 10000 100 2099 21913391 92673 84994
0b000e01 0b004901 10000 100 315 21951534 83288 83490
0b007001 0b005901 10000 100 597 22025887 100739 83716
0b001501 0b006701 10000 100 681 22051556 82524 83783
0b004c01 0b000a01 10000 100 472 22093334 86510 83616
0b003401 0b007b01 10000 100 164 22110521 80868 83369
0b007001 0b006501 10000 100 174 22119220 80900 83377
0b005401 0b004d01 10000 100 956 22134221 84860 84003
0b001701 0b002f01 10000 100 2380 22196393 85241 85219
0b002801 0b000f01 10001 100 6105 22378150 87856 88352
0b007f01 0b006701 10000 100 140 22388320 81545 83350
0b002701 0b006301 10000 100 350 22396801 81609 83518
0b004401 0b007d01 10001 100 1076 22417734 84335 84137
0b002101 0b003e01 10000 100 771 22487115 83604 83855
0b007101 0b000201 10000 100 1167 22534151 84533 84210
0b001001 0b004801 10000 100 3835 22526062 94956 86421
0b000301 0b000501 10001 100 3817 22602531 48217 44807
0b007f01 0b005201 10000 100 1975 22606135 84362 84856
0b003901 0b000301 10000 100 174 22714401 84828 83377
0b004901 0b006601 10000 100 64581 22647826 235000 137360
0b006601 0b007901 10000 100 132 22855379 80768 83344
0b002a01 0b006401 10000 100 1023 22860926 85039 84095
0b003a01 0b000501 10000 100 1576 22891085 84662 84537
0b004801 0b003301 10000 100 578 23018087 82745 83700
0b005801 0b001801 10000 100 808 23021139 92118 83884
0b006901 0b006601 10001 100 856 23185780 41542 42323
0b000e01 0b005301 10000 100 6733236 17277594 5983118 5728374
0b005501 0b000801 10000 100 133386 23106856 305452 195054
0b002701 0b007201 10000 100 138 23361944 81040 83348
0b005c01 0b001001 10000 100 2471 23343226 100253 85292
0b002201 0b003601 10000 100 656 23409726 82824 83763
0b006e01 0b001c01 10000 100 585 23431208 88435 83706
0b003d01 0b000f01 10000 100 8802 23430271 94688 90587
0b002301 0b002601 10000 100 537 23532152 41032 42068
0b001a01 0b004901 10000 100 6677 23487071 103578 88810
0b006001 0b005801 10000 100 100 23555623 80696 83318
0b003c01 0b000001 10000 100 199 23586897 80980 83397
0b000c01 0b006f01 10000 100 784 23629244 82852 83865
0b007801 0b005e01 10000 100 253 23635925 81887 83440
0b005601 0b003401 10000 100 7463 23776017 89124 89477
0b007c01 0b000001 10000 100 330 23781883 107943 83502
0b002501 0b000c01 10000 100 133 23811411 80768 83344
0b000e01 0b002e01 10000 100 594 23818899 82282 83713
0b002401 0b006f01 10000 100 251 23835033 85152 83439
0b002501 0b000001 10000 100 959 23861188 83412 84005
0b004c01 0b005201 10000 100 540 23892051 82072 83670
0b005501 0b002f01 10000 100 1182757 22717274 1258678 1074832
0b004401 0b004601 10000 100 869 24078860 41562 42333
0b003801 0b002e01 10000 100 127 24053573 80758 83340
0b007501 0b000e01 10000 100 889 24069822 83735 83949
0b003801 0b001d01 10000 100 199016 23792564 369713 250092
0b000701 0b005701 10000 100 172 24126815 80896 83376
0b000e01 0b001601 10000 100 479 24164217 82075 83621
0b005f01 0b000e01 10000 100 6322 24235236 88529 88526
0b004401 0b005701 10001 100 1794 24269940 96342 84712
0b007201 0b004001 10000 100 7597 24333904 102274 89584
0b006e01 0b005101 10000 100 103 24412273 80774 83320
0b006801 0b004601 10000 100 126 24410414 89926 83339
0b004101 0b007b01 10000 100 3151 24428726 90290 85874
0b005d01 0b006901 10000 100 1669 24456979 84117 84612
0b003101 0b007c01 10000 100 6439 24494804 88123 88620
0b002c01 0b004601 10000 100 8403 24539712 95958 90268
0b005201 0b005a01 10000 100 484 24598636 40946 42025
0b005101 0b000601 10000 100 41273 24525495 144445 117831
0b007101 0b000d01 10000 100 1018 24611470 83596 84091
0b002301 0b006b01 10000 100 1003 24708388 83996 84079
0b000b01 0b005801 10000 100 427584 24380653 441037 441702
0b005a01 0b006b01 10000 100 237 24814509 82138 83428
0b005501 0b006501 10000 100 807 24836425 83315 83884
0b005201 0b001401 10000 100 1867 24870754 85682 84770
0b007d01 0b002f01 10000 100 120 24876607 81669 83334
0b007901 0b006301 10000 100 549 24886639 106043 83677
0b001f01 0b002e01 10000 100 508 24917649 82745 83644
0b005c01 0b004401 10000 100 42692 24855095 176283 119004
0b001701 0b005a01 10000 100 6507 24961822 93065 88674
0b002701 0b006501 10000 100 1863 25000355 84272 84767
0b005501 0b005d01 10000 100 330 25059846 40700 41902
0b007701 0b005601 10001 100 203 25025425 80992 83400
0b007f01 0b004901 10000 100 343 25025448 97112 83512
0b001d01 0b004001 10000 100 752 25045956 83338 83840
0b006001 0b006e01 10000 100 3447 25106756 44682 44511
0b005601 0b002301 10000 100 234477 24833017 411967 279805
0b002a01 0b005101 10000 100 1103 25246812 84446 84159
0b003201 0b004a01 10000 100 4702 25266752 87049 87153
0b007201 0b005901 10000 100 151 25253494 102928 83359
0b001201 0b003c01 10000 100 262381 24529569 851277 303204
0b004601 0b007401 10000 100 421 25293848 91370 83575
0b007c01 0b004901 10000 100 5319 25388682 91262 87685
0b005901 0b002301 10000 100 7601 25394997 92150 89588
0b005801 0b002a01 10000 100 37342 25468258 125789 114532
0b005201 0b007601 10000 100 9610 25553330 90774 91272
0b005601 0b007e01 10000 100 221 25606245 81562 83415
0b006301 0b001001 10000 100 1105336 22992455 2707666 1009939
0b007e01 0b006001 10000 100 1039 25629818 83613 84108
0b006301 0b002101 10000 100 262689 25440877 365304 303450
0b003801 0b004901 10000 100 365 25824069 82045 83530
0b004801 0b007501 10000 100 25587059 3357524 22614061 21535426
0b003601 0b000401 10000 100 464 25909427 81828 83609
0b000601 0b001001 10000 100 102 25952662 88791 83320
0b005101 0b006c01 10000 100 1052 25985981 86019 84118
0b007001 0b007a01 10000 100 480 26074822 40940 42022
0b001401 0b001101 10000 100 2995 26071901 65052 44111
0b001901 0b002501 10000 100 938 26080468 83792 83988
0b007d01 0b004f01 10001 100 4883 26085440 87194 87298
0b001b01 0b007501 10000 100 1280 26097683 85312 84300
0b007301 0b003f01 10000 100 908 26161174 83248 83964
0b004801 0b002401 10001 100 709928 25031335 1255627 678406
0b000001 0b002301 10000 100 121 26221900 81528 83335
0b007801 0b007501 10000 100 1894 26291495 42525 43192
0b000701 0b004201 10000 100 189 26449137 81169 83389
0b006a01 0b000501 10000 100 266 26452524 81196 83451
0b005801 0b005101 10000 100 1211 26511481 41979 42645
0b000401 0b006f01 10000 100 1164 26527665 84433 84208
0b005301 0b007b01 10000 100 130 26551528 84297 83342
0b005701 0b000401 10000 100 315 26890806 81450 83490
0b007301 0b004401 10000 100 904 26900245 83236 83961
0b003801 0b000a01 10000 100 8435 26912047 89796 90293
0b007701 0b006501 10000 100 618 26970943 82320 83732
0b002001 0b002301 10000 100 629 27032636 41178 42141
0b006d01 0b001801 10000 100 977 26991836 83727 84020
0b005101 0b002c01 10000 100 1770 26991740 86219 84692
0b000801 0b001801 10000 100 2042 27141538 91057 84948
0b005e01 0b004101 10000 100 155 27157509 82260 83362
0b003301 0b003b01 10000 100 131 27206225 41320 41743
0b000501 0b006501 10000 100 140 27172182 81110 83350
0b005701 0b004701 10000 100 699 27183138 82580 83797
0b006201 0b002201 10000 100 1004 27217353 84351 84080
0b003201 0b002c01 10000 100 350826 26911193 395868 377339
0b002601 0b004201 10000 100 310 27217121 118805 83486
0b001001 0b003901 10000 100 8714 27273729 96454 90516
0b006a01 0b007301 10000 100 852 27351758 119618 83920
0b002a01 0b005e01 10000 100 759 27497238 84024 83845
0b000601 0b004a01 10000 100 318 27501921 119767 83492
0b003501 0b001c01 10000 100 109 27596124 81013 83325
0b003501 0b001501 10000 100 1314 27668643 84328 84328
0b007c01 0b000601 10000 100 521 27689398 82012 83655
0b003001 0b000301 10000 100 58198 27622143 224751 132024
0b001001 0b004501 10000 100 8605 27764886 92607 90429
0b005601 0b007401 10000 100 227 27785904 81072 83420
0b005101 0b006c01 10001 100 1704 27810724 84145 84640
0b003001 0b005e01 10000 100 400 27842744 84906 83558
0b004801 0b002401 10000 100 1216629 23586168 4418434 1103236
0b007c01 0b007901 10000 100 164 28051952 40434 41769
0b007401 0b001901 10000 100 113 28013414 80998 83328
0b001801 0b003e01 10000 100 805 28012121 83101 83882
0b007b01 0b001001 10000 100 5790665 22209442 5911721 4938106
0b004f01 0b007801 10000 100 377 28048747 81552 83540
0b005201 0b001101 10000 100 949 28080859 109098 83997
0b006a01 0b003301 10000 100 1368634 26983751 1230802 1230676
0b005201 0b003b01 10000 100 907925 27200894 1018259 844407
0b005001 0b002801 10000 100 1840 28191004 87512 84748
0b006a01 0b001901 10000 100 148 28233308 81398 83356
0b002001 0b005d01 10000 100 353 28235558 81472 83520
0b001801 0b002901 10000 100 193 28340675 80960 83392
0b005101 0b005501 10000 100 1771 28387109 42427 43093
0b004201 0b000601 10000 100 5016 28354555 86947 87443
0b004c01 0b003801 10000 100 1045 28345412 111024 84112
0b000a01 0b001001 10000 100 1286 28433383 84865 84305
0b004d01 0b003d01 10000 100 1065 28490216 83634 84128
0b004801 0b002901 10000 100 113 28535748 80704 83328
0b007d01 0b006901 10000 100 394 28560792 81951 83553
0b002401 0b005a01 10000 100 396 28515712 136396 83555
0b000301 0b003e01 10000 100 393 28608140 81898 83552
0b000601 0b006201 10000 100 454 28574993 126825 83601
0b005401 0b005b01 10000 100 1027 28676349 41970 42498
0b004b01 0b002301 10000 100 72577 28661110 149672 144064
0b002f01 0b005d01 10000 100 855 28596616 216672 83922
0b002e01 0b000901 10000 100 13936 28783148 112115 94886
0b003201 0b005c01 10000 100 1664 28856906 84113 84608
0b002c01 0b000301 10000 100 68400 28672410 281086 140569
0b007501 0b000a01 10000 100 1343 28948516 84669 84351
0b004601 0b003b01 10000 100 1354 28981584 106242 84360
0b001f01 0b006a01 10000 100 161 29072646 81756 83367
0b001301 0b004a01 10000 100 1160614 28069718 1104832 1056273
0b004c01 0b002c01 10000 100 798 29069364 123594 83876
0b005f01 0b007b01 10000 100 399 29222289 90889 83557
0b007601 0b007f01 10000 100 389 29280773 41343 41949
0b005e01 0b007501 10000 100 791 29272511 82876 83871
0b002601 0b005a01 10000 100 413745 28324792 1069384 430093
0b001c01 0b002201 10000 100 151 29347362 80828 83359
0b002f01 0b002901 10000 100 195 29403416 40484 41794
0b004d01 0b005a01 10000 100 337 29381262 97847 83508
0b000701 0b002d01 10000 100 361 29413707 82101 83527
0b001001 0b001a01 10000 100 383 29590843 41104 41944
0b000d01 0b004701 10000 100 45713 29512196 121456 121536
0b007c01 0b006c01 10000 100 7267 29576734 88968 89320
0b005301 0b004801 10000 100 183 29588010 80928 83384
0b004701 0b005d01 10000 100 1091 29602344 103587 84149
0b003101 0b004601 10000 100 771 29649513 84743 83855
0b004d01 0b001001 10000 100 25643 29633433 124320 104712
0b001301 0b001d01 10000 100 1032 29727901 42658 42502
0b002c01 0b001101 10000 100 185 29685997 103310 83386
0b002a01 0b005601 10000 100 1606 29768749 109781 84561
0b006f01 0b003f01 10000 100 6719 29788026 104078 88844
0b005401 0b001101 10000 100 1832 29804941 104698 84742
0b003301 0b005201 10000 100 900 29882564 104110 83958
0b003601 0b001801 10000 100 2640 30001391 87611 85427
0b000901 0b003f01 10000 100 1041 30007811 83911 84109
0b004401 0b006701 10000 100 783 30044813 92186 83864
0b005001 0b000601 10000 100 607 30060694 82457 83724
0b000301 0b004601 10000 100 1118 30066895 84231 84171
0b004001 0b007e01 10000 100 625 30158056 82833 83738
0b000f01 0b001a01 10000 100 1297 30187445 85530 84314
0b006b01 0b004201 10000 100 245 30221155 81204 83434
0b001a01 0b004b01 10000 100 2913 30232719 88570 85645
0b002c01 0b002101 10001 100 284 30293934 40948 41865
0b005001 0b000c01 10000 100 130 30289560 102520 83342
0b005001 0b001001 10000 100 230 30347276 81080 83422
0b007a01 0b002d01 10000 100 25925 30339524 106498 104938
0b006c01 0b002201 10000 100 297410 30039465 463247 332571
0b002a01 0b000301 10000 100 27861602 6246308 24294562 23442382
0b000c01 0b006101 10000 100 1019 30565098 83887 84092
0b001a01 0b005101 10000 100 395624 29996319 757975 414905
0b003a01 0b004f01 10000 100 1795235 27450686 3345358 1588354
0b006401 0b005d01 10000 100 878 30813289 83152 83940
0b005b01 0b007e01 10000 100 491 30811671 121866 83631
0b003401 0b005a01 10000 100 17494 30885969 99927 97886
0b004a01 0b007801 10000 100 878 30915286 180531 83940
0b003001 0b002601 10000 100 521 31151699 82012 83655
0b001a01 0b007a01 10000 100 116 31150031 87957 83331
0b003601 0b007601 10000 100 695 31185695 82568 83794
0b007b01 0b004701 10000 100 1252 31317140 84095 84278
0b006d01 0b003e01 10000 100 169 31422534 80966 83373
0b006101 0b004d01 10000 100 1868 31370213 139903 84771
0b002e01 0b001b01 10000 100 2252 31576634 86302 85116
0b003b01 0b003601 10000 100 1018 31623371 42632 42491
0b007b01 0b005901 10000 100 276 31570068 112106 83459
0b006401 0b005101 10000 100 231 31573717 143003 83423
0b002401 0b007101 10000 100 943 31785253 83360 83992
0b003c01 0b006e01 10000 100 7425 31850721 140497 89447
0b002901 0b000401 10000 100 1314 31908658 84577 84328
0b004101 0b005201 10000 100 181 31917758 118526 83383
0b000b01 0b001201 10000 100 1553 31992778 91636 84519
0b000001 0b001c01 10000 100 476 32021160 81868 83619
0b004d01 0b002f01 10000 100 223 32104433 107514 83416
0b004901 0b006201 10000 100 1141 32099401 122720 84189
0b005801 0b004101 10000 100 907 32080619 159613 83964
0b000b01 0b004d01 10000 100 2714 32118527 124983 85486
0b004b01 0b001101 10000 100 22165 32120092 188999 101815
0b001201 0b000f01 10000 100 888 32293772 83184 83948
0b003b01 0b005f01 10000 100 30753 32378811 165455 108992
0b003c01 0b001101 10000 100 1016 32401540 166807 84089
0b007801 0b004c01 10000 100 1233 32475085 97599 84263
0b005e01 0b002b01 10000 100 439 32503792 81748 83589
0b004701 0b004801 10000 100 1248 32561438 42008 42675
0b001c01 0b004a01 10000 100 744 32532321 110102 83833
0b002101 0b000701 10000 100 4593 32584374 86570 87066
0b002601 0b003401 10000 100 144 32596127 95728 83353
0b001101 0b005801 10000 100 794 32613040 142930 83873
0b001a01 0b002201 10000 100 314 32684649 81911 83489
0b001501 0b007b01 10000 100 171 32720582 87579 83375
0b005401 0b000e01 10000 100 4141 32755578 87095 86704
0b001601 0b004401 10000 100 270 32819509 81208 83454
0b005701 0b006301 10000 100 948 32923234 83863 83996
0b004101 0b006b01 10000 100 1646 32957190 85183 84593
0b006101 0b002c01 10000 100 213 33013648 82377 83408
0b007a01 0b004201 10000 100 167 33073053 80904 83372
0b006601 0b003501 10000 100 514 33048100 141208 83649
0b002c01 0b006801 10000 100 856 33107685 84093 83923
0b003701 0b000e01 10000 100 1630 33120270 85251 84580
0b007f01 0b006d01 10000 100 429 33135412 81724 83581
0b002e01 0b004c01 10000 100 635 33235337 82376 83746
0b006901 0b001e01 10000 100 343 33249862 81440 83512
0b006201 0b007e01 10000 100 222 33309062 81561 83416
0b001601 0b007b01 10000 100 297 33304301 102587 83476
0b006f01 0b000f01 10000 100 74665 33316549 147352 145812
0b004601 0b001a01 10000 100 1352413 28876947 4615300 1217085
0b003d01 0b001501 10000 100 2963 33471456 87488 85685
0b001a01 0b004001 10000 100 6529 33445981 122199 88692
0b005101 0b007801 10000 100 578 33502367 82192 83700
0b006301 0b005b01 10000 100 836 33542684 83831 83907
0b005e01 0b004c01 10000 100 910 33498692 140114 83966
0b006401 0b007d01 10000 100 1783 33610063 84208 84703
0b005d01 0b003501 10000 100 615 33597472 106528 83730
0b006001 0b001101 10000 100 8398731 16900382 16890722 7124706
0b004401 0b001d01 10000 100 1593 33715908 84658 84551
0b001a01 0b005b01 10000 100 186932 33498637 395259 239926
0b006501 0b007101 10000 100 584 33852059 83443 83705
0b001f01 0b007101 10000 100 404 33822443 119805 83561
0b002f01 0b006301 10000 100 658 33864814 82522 83764
0b000701 0b004e01 10000 100 462 33910355 81871 83608
0b001f01 0b004001 10000 100 422 33922931 85201 83576
0b005701 0b000c01 10000 100 2999 33957339 85526 85714
0b006801 0b001c01 10000 100 491 33932995 118663 83631
0b007701 0b006301 10000 100 694 33977955 82564 83793
0b005501 0b003201 10000 100 179 33986310 81525 83381
0b007001 0b006701 10000 100 1741 34164598 85220 84669
0b007c01 0b000701 10000 100 1347 34175753 83860 84354
0b004d01 0b004b01 10000 100 1042719 32538516 1787714 915826
0b005501 0b005a01 10000 100 2667 34341259 43182 43848
0b001901 0b000701 10000 100 1123 34348624 92572 84175
0b005401 0b005101 10000 100 240 34454263 41122 41830
0b006d01 0b006001 10000 100 1597 34480306 43038 42954
0b002701 0b003101 10000 100 3119 34470188 86202 85848
0b000c01 0b007801 10000 100 260 34520499 81925 83446
0b002c01 0b002a01 10000 100 1033 34570632 41900 42503
0b000001 0b006501 10000 100 1178 34680481 103073 84219
0b000d01 0b007501 10000 100 4640 34733531 88380 87104
0b007f01 0b006b01 10000 100 1814 34807523 88481 84728
0b004e01 0b005a01 10000 100 237 34821167 86867 83428
0b004b01 0b005f01 10000 100 720 34884269 83271 83814
0b001401 0b003001 10000 100 5465 34874752 98862 87802
0b001501 0b000d01 10000 100 1629594 32269999 2737618 1449467
0b000301 0b002401 10000 100 2965 35123454 85192 85687
0b004901 0b001701 10000 100 3237 35139149 87877 85943
0b007f01 0b000c01 10000 100 481 35214838 81976 83623
0b001a01 0b007501 10000 100 147 35220369 82142 83356
0b002001 0b005701 10000 100 1089023 31445330 3908670 996274
0b003201 0b006501 10000 100 104 35277016 111146 83321
0b003001 0b005a01 10000 100 92353 35072206 326802 160653
0b005101 0b007001 10000 100 484 35433340 122953 83625
0b002b01 0b006701 10000 100 393 35501491 82000 83552
0b002001 0b006f01 10000 100 1073 35511585 84236 84135
0b007f01 0b002d01 10000 100 814 35514447 83056 83889
0b005c01 0b005801 10000 100 258 35729727 40584 41844
0b004301 0b004701 10000 100 9764 35744090 63891 49795
0b002f01 0b007b01 10000 100 406 35727428 81644 83563
0b007001 0b004301 10000 100 750 35735173 142622 83838
0b005d01 0b000401 10000 100 114 35845706 80708 83329
0b001501 0b002301 10000 100 252 35850153 82031 83440
0b001001 0b003f01 10000 100 133 36132444 90532 83344
0b002401 0b005801 10000 100 170 36222249 80888 83374
0b004d01 0b000901 10000 100 28044025 6025183 30299267 23595348
0b004a01 0b005601 10000 100 1480932 30792151 5632376 1324816
0b006201 0b007801 10000 100 1755832 32663005 3867091 1555296
0b001901 0b006b01 10000 100 390 36503156 82843 83550
0b004101 0b007201 10000 100 209 36520818 114642 83405
0b001501 0b004701 10000 100 8493 36548775 90057 90340
0b004c01 0b006801 10000 100 648 36657335 82416 83756
0b001901 0b001501 10001 100 285 36700712 40628 41866
0b006c01 0b006d01 10000 100 6195 36779095 46156 46824
0b001d01 0b007e01 10000 100 591 36790771 91937 83711
0b007001 0b000101 10000 100 388 36786352 122231 83548
0b005f01 0b004501 10001 100 8178 36855496 90599 90088
0b001b01 0b005401 10000 100 19252915 19056477 17965262 16224847
0b003601 0b000f01 10000 100 909 36950506 83909 83965
0b003c01 0b007301 10000 100 257 36967858 81828 83444
0b002001 0b007a01 10000 100 1013 36996667 84029 84087
0b000d01 0b001f01 10000 100 6975 37032679 88552 89048
0b004301 0b000201 10000 100 369 37077852 123371 83533
0b003d01 0b007b01 10000 100 9333 37132940 129368 91050
0b000d01 0b003601 10000 100 1579 37159515 112465 84540
0b000701 0b000401 10000 100 100 37270187 40332 41718
0b002f01 0b002701 10000 100 110 37286872 41056 41726
0b001001 0b005601 10000 100 7076 37319384 91281 89168
0b007501 0b000501 10000 100 3240 37564170 86757 85945
0b002101 0b000601 10000 100 9617 37627261 90972 91277
0b003001 0b002a01 10000 100 587 37638985 82563 83708
0b006501 0b003e01 10000 100 1649 37728670 85900 84596
0b001401 0b007001 10000 100 2279 37889829 85503 85138
0b007801 0b000501 10000 100 1743001 34226364 3759603 1544570
0b005401 0b004701 10000 100 362 37871460 141537 83528
0b002401 0b002001 10000 100 1139184 37047192 995697 996723
0b001d01 0b004601 10000 100 1089957 36759430 1345466 997021
0b001101 0b000e01 10000 100 2527 38052797 88412 85336
0b000701 0b001801 10000 100 185 38125876 80966 83386
0b004601 0b000001 10000 100 1641 38260360 114786 84589
0b007401 0b003101 10000 100 448944 37576479 800587 459596
0b000701 0b001301 10000 100 792 38328853 83520 83872
0b006301 0b003701 10000 100 182781 38081384 383603 236452
0b002701 0b001a01 10000 100 1128933 37259228 1215606 1029700
0b001601 0b003c01 10001 100 9823 38365097 113009 91442
0b007401 0b006001 10000 100 1795 38446010 85436 84712
0b004e01 0b005d01 10000 100 643 38452118 82832 83752
0b002401 0b001201 10000 100 8924 38483215 97980 90684
0b005701 0b006701 10000 100 772 38542870 82816 83856
0b000101 0b005101 10000 100 2090377 36767125 1874258 1835796
0b003501 0b004601 10000 100 1822014 31282734 7582954 1610814
0b007401 0b006e01 10000 100 786 38753320 114555 83867
0b003501 0b006001 10000 100 1102 39149571 103225 84158
0b006101 0b000901 10000 100 397 39263107 81616 83556
0b001c01 0b004f01 10000 100 969 39306337 83444 84013
0b001001 0b007101 10000 100 1859 39321947 85221 84764
0b002101 0b005801 10000 100 549 39383169 82398 83677
0b004601 0b002401 10000 100 6754 39400928 92714 88872
0b005601 0b002e01 10000 100 4244347 28590689 10906646 3641685
0b005301 0b003901 10000 100 1647 39441058 86000 84594
0b001001 0b003601 10000 100 256 39472185 88921 83443
0b004f01 0b005e01 10000 100 128 39483739 81734 83340
0b000c01 0b003e01 10000 100 395 39538381 81608 83554
0b001901 0b003901 10000 100 712 39677899 104467 83808
0b004401 0b002101 10000 100 145 39799898 80900 83354
0b004101 0b002a01 10000 100 2839 39817415 87641 85586
0b004801 0b001401 10000 100 634408 37232284 2707138 615110
0b006c01 0b004601 10000 100 1436670 38227738 1724659 1287716
0b006601 0b006001 10000 100 649 39998311 41563 42157
0b001101 0b002f01 10000 100 992 40008991 85796 84032
0b006801 0b005c01 10000 100 696 40141046 82572 83795
0b007f01 0b003601 10000 100 3115 40117811 127217 85845
0b007801 0b005201 10000 100 5751 40112771 136466 88031
0b007801 0b000001 10000 100 341 40176392 81974 83511
0b002401 0b000c01 10000 100 8619 40188268 91001 90440
0b004f01 0b001f01 10000 100 2857 40192077 93851 85600
0b005d01 0b003501 10001 100 107 40201703 100141 83324
0b007b01 0b003501 10000 100 1049 40281371 100475 84116
0b001d01 0b000b01 10000 100 27939 40565053 137608 106626
0b001e01 0b005001 10000 100 2175 40647282 84560 85055
0b000501 0b005301 10000 100 394845 40206897 534720 414244
0b002601 0b000401 10000 100 1583985 39298719 1446477 1411213
0b006f01 0b000501 10000 100 363 40679082 81865 83528
0b003801 0b007c01 10000 100 514 40694118 113840 83649
0b007b01 0b001101 10000 100 388 40735679 82923 83548
0b001701 0b003c01 10000 100 1120 40947041 94090 84172
0b001a01 0b003d01 10000 100 179 40978908 91765 83381
0b006e01 0b006301 10000 100 755 41294630 41883 42242
0b005301 0b002e01 10000 100 452 41217918 125466 83600
0b005901 0b000401 10000 100 2250 41256837 126077 85115
0b002501 0b003901 10000 100 2927 41298111 87201 85656
0b003601 0b004301 10000 100 5813 41444905 91972 88080
0b001901 0b005a01 10000 100 1178 41521993 84506 84219
0b003301 0b007e01 10000 100 289 41633801 100938 83469
0b005701 0b004f01 10000 100 1203 41653694 83744 84239
0b002801 0b002f01 10000 100 389 41757747 40794 41949
0b006b01 0b006a01 10000 100 510 41764204 41011 42046
0b007101 0b001801 10000 100 322 41750991 82631 83496
0b002c01 0b003201 10000 100 320 41797185 83511 83494
0b001a01 0b006201 10000 100 21534279 22384249 19557101 18137567
0b005901 0b006201 10000 100 362 41817674 140994 83528
0b002101 0b004d01 10000 100 593 41935698 82240 83712
0b006e01 0b003801 10000 100 589 41942054 84369 83709
0b004401 0b003b01 10000 100 737 42046419 92509 83828
0b006a01 0b003301 10001 100 304 42072550 89799 83481
0b001501 0b006001 10000 100 2702 42140093 88373 85476
0b004001 0b004101 10000 100 166 42429387 41421 41771
0b003001 0b007101 10000 100 155 42409310 81771 83362
0b006b01 0b006c01 10000 100 6219 42550667 46319 46844
0b004f01 0b000701 10000 100 772 42588452 116152 83856
0b006101 0b000001 10000 100 581 42674020 84402 83703
0b001a01 0b004501 10000 100 360 42847875 82300 83526
0b006401 0b000401 10000 100 144 42949707 81114 83353
0b002801 0b004a01 10000 100 270 42966613 81208 83454
0b001401 0b000701 10001 100 540 42986210 82072 83670
0b007d01 0b004001 10000 100 903 43056944 83847 83960
0b005201 0b007d01 10001 100 8968 43072986 141438 90720
0b007701 0b000f01 10000 100 280 43225485 81240 83462
0b007301 0b005a01 10000 100 174 43229782 81315 83377
0b006a01 0b001801 10000 100 269 43175657 135555 83453
0b007301 0b005d01 10000 100 1198 43250161 89258 84235
0b000301 0b002101 10000 100 506 43265563 81964 83643
0b006d01 0b001b01 10000 100 97747 43038166 326021 165160
0b003a01 0b007201 10000 100 394 43287505 82066 83553
0b004301 0b007701 10000 100 3169522 30193008 13183045 2740545
0b001101 0b004a01 10001 100 1038 43295897 112312 84107
0b000f01 0b006901 10000 100 4036 43283131 131359 86620
0b004601 0b007c01 10000 100 108 43340924 108567 83324
0b002f01 0b001201 10000 100 136 43394091 82195 83347
0b005f01 0b005001 10000 100 358 43447878 41410 41924
0b001301 0b002701 10000 100 169 43394010 97256 83373
0b003b01 0b004d01 10000 100 6438 43407055 94830 88619
0b004601 0b005201 10000 100 1468 43547441 90431 84451
0b003301 0b005701 10000 100 328 43602599 83333 83500
0b002d01 0b005201 10000 100 686 43627725 97655 83787
0b000001 0b001101 10000 100 399 43670587 154274 83557
0b000301 0b007f01 10000 100 1514 43798369 84236 84488
0b006401 0b004e01 10000 100 1483 43821690 88289 84463
0b001901 0b001101 10001 100 498 43879761 43938 42036
0b004301 0b002701 10000 100 8051 43838599 97042 89986
0b004b01 0b000b01 10000 100 1733 43886327 86421 84663
0b001801 0b005201 10000 100 8931 43940227 92180 90690
0b005501 0b002801 10000 100 277 43948483 86724 83460
0b000c01 0b007501 10000 100 381 44023007 82210 83543
0b007901 0b000901 10000 100 1048147 41396715 2779500 961999
0b006d01 0b005801 10000 100 632 44143575 82798 83744
0b004e01 0b006e01 10000 100 826 44215189 86183 83899
0b004c01 0b007701 10000 100 229 44387403 81823 83421
0b007301 0b006f01 10000 100 6408 44511804 88911 88595
0b004901 0b004b01 10000 100 492 44572023 41527 42032
0b000b01 0b003d01 10000 100 149 44584348 83140 83357
0b000101 0b003301 10000 100 1458 44725832 85068 84443
0b004601 0b006201 10000 100 149 44730025 97412 83357
0b004b01 0b005101 10000 100 348 44828576 86567 83516
0b002001 0b004301 10000 100 1303084 41823497 3114369 1175740
0b000b01 0b004601 10000 100 219 44857660 88714 83413
0b006301 0b002d01 10000 100 2570935 42367101 2603635 2238674
0b000001 0b002501 10000 100 98225 44959547 216322 165581
0b005401 0b005301 10000 100 288 45202954 40681 41868
0b003901 0b006601 10000 100 26723 45084034 177446 105615
0b006401 0b000701 10000 100 720 45206671 86248 83814
0b000601 0b000901 10000 100 1138 45263133 41920 42587
0b002501 0b000401 10000 100 1824943 41374084 4109004 1613234
0b007701 0b006f01 10000 100 1261 45402340 84237 84285
0b003801 0b001e01 10000 100 3788 45566963 88684 86384
0b003801 0b003501 10000 100 793 45623404 42141 42272
0b000901 0b005501 10000 100 9664 45622591 96683 91315
0b000f01 0b005101 10000 100 1456 45739738 84387 84441
0b001801 0b003a01 10000 100 874 45787069 86440 83937
0b005f01 0b004a01 10000 100 1352 45880169 90915 84358
0b003a01 0b005801 10000 100 1854 45931283 118944 84760
0b006101 0b004701 10000 100 3522 46241217 85724 86171
0b006601 0b007c01 10000 100 736 46221665 139361 83827
0b000801 0b007001 10000 100 6409 46407223 88099 88596
0b005401 0b006601 10000 100 290 46451234 82196 83470
0b007401 0b007501 10000 100 215 46524011 40516 41810
0b007301 0b000a01 10000 100 329 46536851 81706 83501
0b007301 0b003c01 10000 100 6015 46528485 126845 88280
0b005401 0b001f01 10000 100 827 46596024 84104 83900
0b002501 0b003a01 10000 100 91075 46473601 269870 159592
0b003601 0b001601 10000 100 148 46899049 81588 83356
0b003001 0b002b01 10000 100 332 47254466 125584 83504
0b002601 0b007601 10000 100 473 47363038 127681 83616
0b003901 0b001801 10000 100 12852504 36251016 11280666 10858758
0b003901 0b004001 10000 100 726 47573336 83888 83819
0b000a01 0b006c01 10000 100 474 47587268 81920 83617
0b004601 0b001b01 10000 100 972 47700845 83456 84016
0b003b01 0b000001 10000 100 1385735 43300052 4577506 1245010
0b003001 0b002f01 10000 100 3594 47806122 95374 86228
0b002801 0b002001 10000 100 47616 48153726 80851 81536
0b000801 0b007501 10000 100 223 48184016 106069 83416
0b001401 0b001c01 10000 100 562 48378436 41072 42088
0b000901 0b005e01 10000 100 168 48447393 82284 83372
0b000901 0b004e01 10000 100 187 48474959 81848 83388
0b002301 0b005501 10000 100 5563869 34569965 14383902 4747952
