0b002701 0b001b01 10000 100 676 162078 82508 83779
0b002d01 0b006e01 10000 100 9857 346945 90972 91469
0b003701 0b002601 10000 100 1672 389109 84120 84614
0b006101 0b002001 10000 100 616 571302 82316 83731
0b001901 0b001401 10000 100 1290 678718 42042 42708
0b005301 0b000601 10000 100 7848 639120 89288 89785
0b001a01 0b007b01 10000 100 1138 705261 83692 84187
0b007601 0b006f01 10000 100 572 711003 82176 83696
0b000501 0b003201 10000 100 270 788973 81208 83454
0b000001 0b003601 10000 100 1479 966770 83965 84460
0b003701 0b002e01 10000 100 261 1079041 81561 83447
0b003f01 0b002701 10000 100 23261 1097827 102227 102730
0b002e01 0b002b01 10000 100 1018300 331852 894344 895369
0b004e01 0b000101 10000 100 176 1206243 81488 83379
0b005a01 0b000d01 10000 100 7209 1233748 88777 89274
0b000e01 0b001a01 10000 100 908 1248326 83248 83964
0b002a01 0b004801 10000 100 5451 1331665 87295 87791
0b007f01 0b004501 10000 100 445 1348827 81768 83594
0b002801 0b000b01 10000 100 388497 1092375 408465 408935
0b001b01 0b006801 10000 100 1014 1530802 83593 84088
0b005f01 0b001b01 10000 100 1824 1531668 84241 84736
0b000601 0b002e01 10000 100 1666 1556901 84115 84609
0b000301 0b001001 10000 100 933 1567629 83328 83984
0b006301 0b003501 10000 100 8986 1601641 90237 90734
0b005201 0b001401 10000 100 1032668 850316 948094 949001
0b001501 0b006901 10000 100 866 1956938 83116 83931
0b005001 0b004001 10000 100 983144 1183109 906613 907500
0b000001 0b002801 10000 100 985 2046398 83496 84026
0b004901 0b007401 10000 100 9882 2110082 90992 91489
0b007501 0b003901 10000 100 89433 2058699 157672 158202
0b001701 0b005501 10000 100 498 2253636 81936 83636
0b000a01 0b005001 10000 100 531 2372011 82044 83663
0b001001 0b002101 10000 100 1563 2435952 84032 84527
0b000a01 0b005e01 10000 100 945 2516492 83368 83994
0b002e01 0b004c01 10000 100 65659 2488439 137741 138261
0b006b01 0b003201 10000 100 185 2661168 80936 83386
0b004f01 0b002a01 10000 100 2049 2725786 84459 84954
0b006801 0b005901 10000 100 170 2962289 80888 83374
0b003301 0b003f01 10000 100 602 3022618 41136 42120
0b004c01 0b001e01 10000 100 779 3060413 82836 83861
0b002501 0b003e01 10000 100 6568 3072044 88226 88723
0b000501 0b003501 10000 100 1066 3087356 83635 84129
0b003701 0b006001 10000 100 737 3118627 82704 83828
0b002801 0b002f01 10000 100 1260 3260711 42018 42684
0b001501 0b005501 10000 100 1867 3425188 84276 84770
0b005901 0b002901 10000 100 8090 3535374 89520 90017
0b003501 0b006e01 10000 100 3742 3583314 85852 86347
0b003401 0b006d01 10000 100 1194 3855864 83737 84232
0b001301 0b001401 10000 100 709 3908830 41306 42205
0b001901 0b006d01 10000 100 407 3916607 81648 83564
0b004601 0b002e01 10000 100 1838 4044171 84252 84747
0b006801 0b003901 10000 100 7989 4101185 89401 89898
0b000a01 0b004f01 10000 100 5027 4169770 86956 87452
0b007a01 0b002c01 10000 100 339 4176619 81435 83509
0b004701 0b001a01 10000 100 1237 4196720 83772 84266
0b000b01 0b004601 10000 100 562 4308667 82144 83688
0b006a01 0b002401 10000 100 547 4592260 82096 83676
0b000401 0b006d01 10000 100 814 4667112 82948 83889
0b005701 0b000f01 10000 100 340 4702491 81432 83510
0b002b01 0b007001 10000 100 643 4720763 82400 83752
0b005c01 0b007501 10000 100 140 4748823 80792 83350
0b007e01 0b001701 10000 100 336 4758359 81420 83507
0b006701 0b001e01 10000 100 1562 4942781 84032 84526
0b001f01 0b002401 10000 100 1236 5145878 84732 84265
0b002001 0b006201 10000 100 14057 5255429 94522 95021
0b005e01 0b002b01 10000 100 1942 5292676 84513 84830
0b006901 0b001401 10000 100 103 5338709 80672 83320
0b000b01 0b005301 10000 100 465 5350619 81832 83610
0b004e01 0b001a01 10000 100 657 5444674 82798 83764
0b007c01 0b002301 10000 100 276 5455116 81293 83459
0b007101 0b003d01 10000 100 4924 5457357 86835 87331
0b005401 0b005301 10000 100 865 5535201 41556 42330
0b007601 0b000e01 10000 100 546 5529828 82092 83675
0b005c01 0b003501 10000 100 401 5543204 81628 83559
0b001501 0b004501 10000 100 983 5542023 83488 84024
0b006901 0b001401 10001 100 1423 5548065 83920 84415
0b004c01 0b003601 10000 100 854 5633415 83076 83921
0b004601 0b002001 10000 100 843 5700903 83040 83912
0b003501 0b001301 10000 100 1062 5765198 83632 84126
0b007601 0b006701 10000 100 4585 5975897 86564 87060
0b000301 0b007e01 10000 100 236 6032736 81100 83427
0b003e01 0b003101 10000 100 778 6208282 41416 42260
0b000501 0b002d01 10000 100 879 6396744 83845 83941
0b001d01 0b003201 10000 100 4424 6408186 86435 86931
0b006201 0b000601 10000 100 1186 6706840 84320 84225
0b006b01 0b002c01 10000 100 79616 6723132 157198 149964
0b003801 0b001c01 10000 100 442 6874820 82528 83592
0b000b01 0b001c01 10000 100 777272 6240626 734576 734892
0b006201 0b004301 10000 100 835 6954446 83659 83906
0b003001 0b005001 10000 100 834 6958305 83012 83905
0b006301 0b000a01 10000 100 416 7036814 81787 83571
0b007601 0b000201 10000 100 742654 6848733 705063 705854
0b006901 0b002201 10000 100 919 7475968 83284 83973
0b002101 0b002e01 10000 100 3409 7578874 46358 44480
0b000701 0b006101 10000 100 466 7714156 81836 83611
0b002401 0b005e01 10000 100 172 7885829 80896 83376
0b005d01 0b001501 10000 100 9172 7883626 90424 90921
0b006701 0b001d01 10000 100 927 7946544 83312 83980
0b007101 0b007401 10000 100 1132429 7099919 989931 991050
0b003e01 0b005f01 10000 100 37594 7993063 114225 114734
0b000801 0b000501 10000 100 260 8233160 40588 41846
0b003501 0b003c01 10000 100 634 8263580 41186 42145
0b003801 0b007e01 10000 100 486 8302937 81900 83627
0b004901 0b000601 10000 100 127 8455405 80752 83340
0b004401 0b004001 10000 100 262326 8333451 260789 261560
0b000d01 0b004601 10000 100 1032 8892799 83608 84102
0b005901 0b002101 10000 100 87832 8837750 161235 156844
0b001f01 0b003701 10000 100 1045 8946316 84996 84112
0b003501 0b000201 10000 100 371 8954144 81532 83535
0b005b01 0b005701 10000 100 131 9003640 40382 41743
0b007701 0b003801 10000 100 1094 8978909 83657 84152
0b005f01 0b006001 10000 100 3938 8995289 89080 86504
0b001801 0b003501 10000 100 1845 9186468 84258 84752
0b007601 0b004101 10000 100 5932 9216465 91817 88176
0b004a01 0b007c01 10000 100 838 9268085 83079 83908
0b007d01 0b000e01 10000 100 60669 9251098 158699 134077
0b002001 0b000601 10000 100 77923 9225512 213149 148533
0b002f01 0b003701 10000 100 5088 9477951 90836 87500
0b003c01 0b002a01 10000 100 297 9550657 81296 83476
0b003701 0b000901 10000 100 77961 9575809 152509 148564
0b001701 0b001401 10000 100 1085 9716959 41878 42544
0b000701 0b005f01 10000 100 1692 9748398 84594 84630
0b002101 0b000501 10000 100 4184 9958420 90798 86739
0b007b01 0b007201 10000 100 391 10090340 40798 41951
0b000901 0b007e01 10000 100 1101132 9234424 1010902 1006422
0b004801 0b007e01 10000 100 1563 10316493 84032 84527
0b000301 0b004f01 10000 100 312 10341841 81344 83488
0b002901 0b001501 10000 100 84443 10277758 153490 154018
0b005901 0b001801 10000 100 2440 10491144 84772 85267
0b001601 0b006c01 10000 100 144 10589239 81559 83353
0b000101 0b001201 10000 100 4283 10585267 89670 86818
0b000501 0b006001 10000 100 104 10617220 80676 83321
0b002301 0b006c01 10000 100 7277139 4481399 6246532 6184386
0b005f01 0b005701 10000 100 900 10772619 41612 42358
0b003d01 0b005701 10000 100 364827 10438390 388438 389077
0b001701 0b004a01 10000 100 781 10756448 82844 83863
0b003c01 0b005301 10000 100 304612 10534806 337986 338601
0b002e01 0b001f01 10000 100 5675595 5961947 4913611 4841634
0b006d01 0b007801 10000 100 8919 10902324 96798 90680
0b002d01 0b000101 10000 100 469 11010554 82204 83613
0b002901 0b002501 10000 100 1292 11061057 42044 42710
0b003d01 0b007f01 10000 100 371 11042200 81532 83535
0b005b01 0b000e01 10000 100 336976 10791902 365093 365721
0b007801 0b000201 10000 100 363 11149801 81504 83528
0b004101 0b007301 10000 100 1451 11174635 83943 84437
0b003401 0b005a01 10000 100 6539 11232082 88203 88700
0b007901 0b004c01 10000 100 497 11264336 82545 83636
0b005e01 0b003d01 10000 100 2184 11262684 84567 85062
0b004c01 0b002301 10000 100 870 11296428 83128 83934
0b004001 0b003b01 10000 100 130 11308294 80760 83342
0b000d01 0b005c01 10000 100 72637 11264784 143590 144112
0b005901 0b004d01 10000 100 987 11468858 83522 84028
0b007601 0b005f01 10000 100 253 11643088 81432 83440
0b006401 0b007701 10000 100 2511 11864420 84829 85324
0b001901 0b000c01 10000 100 156 11919905 89670 83363
0b004b01 0b002c01 10000 100 179 11981768 81323 83381
0b003901 0b001a01 10000 100 1822 12305461 84240 84734
0b002401 0b001601 10000 100 679 12335730 82516 83781
0b004001 0b004e01 10000 100 221 12542314 40526 41815
0b006701 0b000801 10000 100 1070 12515835 83638 84132
0b003101 0b004a01 10000 100 56874 12489333 130371 130888
0b007601 0b003001 10000 100 1264 12602122 83951 84288
0b004f01 0b000e01 10000 100 2905 12711150 85144 85639
0b002101 0b001201 10000 100 11259471 3116416 9704490 9523160
0b002501 0b005101 10000 100 1531 12919961 84007 84501
0b005201 0b003c01 10000 100 126 12938097 80748 83339
0b000e01 0b007501 10000 100 102649 12872100 168739 169274
0b000801 0b001f01 10000 100 457 13123966 82575 83604
0b000401 0b005001 10000 100 99369 13065047 166001 166535
0b004901 0b000601 10001 100 116 13483641 80716 83331
0b004f01 0b004c01 10000 100 440 13529011 40876 41990
0b001801 0b001a01 10000 100 1032 13542485 41836 42502
0b005a01 0b000c01 10000 100 656 13618424 82444 83763
0b007301 0b000201 10000 100 405 13669566 81640 83562
0b001401 0b005b01 10000 100 1665 13748942 84114 84608
0b000a01 0b004c01 10000 100 2957 13969911 85248 85680
0b004301 0b004501 10000 100 246 14230065 40566 41835
0b000d01 0b006101 10000 100 780 14207755 82840 83862
0b004e01 0b001801 10000 100 706 14220097 83352 83803
0b002601 0b000701 10000 100 361 14266273 81500 83527
0b000d01 0b004b01 10000 100 7930 14288985 89573 89851
0b005901 0b000d01 10000 100 553 14344459 82112 83680
0b004701 0b006b01 10000 100 1007 14350768 83592 84082
0b000d01 0b001601 10000 100 4519 14462780 86511 87007
0b007e01 0b007301 10000 100 416 14581180 40838 41971
0b000901 0b005d01 10000 100 619 14589582 82324 83733
0b000e01 0b005d01 10000 100 1745 14593494 84178 84672
0b004801 0b005e01 10000 100 942 14602098 84177 83992
0b004501 0b000b01 10000 100 282 14657898 82567 83464
0b007b01 0b001101 10000 100 2781 14715442 85045 85540
0b005901 0b006701 10000 100 327 14791335 81392 83500
0b004701 0b001c01 10000 100 2913 14793518 85150 85645
0b005601 0b000701 10000 100 769 14828392 82804 83853
0b000d01 0b006e01 10000 100 5108 14825940 87020 87516
0b007601 0b007c01 10000 100 8539956 7789460 7203720 7201500
0b001301 0b001001 10000 100 387 14976438 40792 41948
0b000801 0b005b01 10000 100 76221 14872096 146609 147133
0b001f01 0b007901 10000 100 6493150 9281225 5941430 5527089
0b001101 0b003401 10000 100 404 15365439 81636 83561
0b002801 0b005801 10000 100 312 15476772 82052 83488
0b003601 0b006201 10000 100 4270 15661688 89663 86808
0b002501 0b002301 10000 100 150 15828579 40412 41758
0b006801 0b004401 10000 100 681 15782671 86527 83783
0b005401 0b000f01 10000 100 6659 15818332 88299 88796
0b005501 0b001701 10000 100 1472 15882824 83960 84454
0b001a01 0b003001 10000 100 446 16039307 81772 83595
0b005901 0b004c01 10000 100 67730 16105677 139474 139995
0b005a01 0b007001 10000 100 1782432 14667610 1620543 1577612
0b001201 0b005b01 10000 100 1177 16272841 83724 84218
0b004501 0b007f01 10000 100 582 16714296 82208 83704
0b003e01 0b003a01 10000 100 126 16875050 40374 41739
0b004c01 0b000201 10000 100 164 16873248 82937 83369
0b004701 0b003c01 10000 100 1043 16965131 84402 84111
0b003601 0b002801 10000 100 3004712 14191208 3014929 2602361
0b000d01 0b000001 10000 100 75162 17190735 103952 104648
0b006701 0b004801 10000 100 158 17230425 82184 83364
0b005301 0b003f01 10000 100 124 17241761 81082 83337
0b003b01 0b004801 10000 100 1722 17371183 86178 84654
0b002001 0b001b01 10000 100 219 17560554 81044 83413
0b001101 0b005a01 10000 100 457 17625781 81808 83604
0b001501 0b003301 10000 100 935 17632264 84087 83986
0b002e01 0b007701 10000 100 180 17686454 81190 83382
0b003401 0b000201 10000 100 72757 17646770 150309 144208
0b003a01 0b006d01 10000 100 744 17791211 86266 83833
0b001701 0b007a01 10000 100 1092 17918641 83739 84150
0b001b01 0b005301 10000 100 2141 17999903 85317 85028
0b006501 0b006201 10000 100 441 18085453 40878 41991
0b006a01 0b005901 10000 100 343 18140492 81833 83512
0b003c01 0b007f01 10000 100 7039 18154683 114426 89138
0b006001 0b001601 10000 100 566 18222045 82156 83691
0b002301 0b006c01 10001 100 947 18460472 83376 83996
0b006a01 0b000301 10000 100 723 18637308 83479 83816
0b001301 0b003501 10000 100 362754 18337330 386703 387342
0b007301 0b007d01 10000 100 187 18773209 40472 41788
0b006f01 0b000001 10000 100 1502 18772772 83984 84478
0b005b01 0b007201 10000 100 74298 18874438 144994 145518
0b001f01 0b000b01 10000 100 1812 19000005 84775 84726
0b007801 0b004801 10000 100 7503966 12560740 6544940 6374526
0b005801 0b004d01 10000 100 5054 19333997 91835 87473
0b007801 0b003701 10000 100 89138 19311347 157436 157966
0b000e01 0b007901 10000 100 662 19400558 82464 83768
0b006301 0b002801 10000 100 7341 19403839 88883 89380
0b005901 0b004a01 10000 100 161 19667663 81445 83367
0b007801 0b004701 10000 100 2156 19886909 84545 85040
0b000801 0b003801 10000 100 442 19969488 81760 83592
0b004901 0b004401 10000 100 1011 20127124 41820 42485
0b000b01 0b006b01 10000 100 302 20163772 82074 83480
0b004e01 0b000801 10000 100 2396 20194671 85719 85232
0b002301 0b005f01 10000 100 841787 19413562 938112 788962
0b006c01 0b001901 10000 100 769 20447061 82804 83853
0b006701 0b007f01 10000 100 533432 18766726 1800917 530451
0b004501 0b003e01 10000 100 1177 20708007 93017 84218
0b007101 0b007701 10000 100 12653 20814234 61643 52221
0b005501 0b005e01 10000 100 2432 20870279 44390 43660
0b000901 0b002f01 10000 100 666 20855829 82476 83771
0b002501 0b002f01 10000 100 397 20962051 40808 41956
0b003a01 0b007701 10000 100 228 20947515 83931 83420
0b003701 0b002601 10001 100 39648 20916754 115944 116454
0b005f01 0b004701 10000 100 5435 21001036 99216 87778
0b000d01 0b007701 10000 100 1392202 19879811 1275418 1250452
0b004601 0b001e01 10000 100 1966 21083540 85995 84849
0b006501 0b001501 10000 100 3448858 18289506 3029080 2974728
0b005601 0b002401 10000 100 3072 21248674 88086 85811
0b006801 0b005a01 10000 100 39325 21338028 148548 116196
0b005901 0b003201 10000 100 5540 21631229 89921 87862
0b005401 0b004901 10000 100 41531 21638231 118023 118037
0b005301 0b004001 10000 100 6279836 16042401 5799082 5348220
0b000b01 0b005001 10000 100 338 21857815 81424 83508
0b006801 0b005901 10001 100 312 21946092 81453 83488
0b006b01 0b004e01 10000 100 335 22052141 81416 83506
0b007101 0b006101 10000 100 166 22082174 80876 83371
0b004201 0b003301 10000 100 7817108 13568354 8774088 6637097
0b001b01 0b007101 10000 100 2657 22355006 85370 85440
0b001401 0b003701 10000 100 235 22369337 81096 83426
0b005101 0b006201 10000 100 114006 22366842 188846 178820
0b001101 0b001a01 10000 100 853 22565032 41536 42320
0b004901 0b000601 10002 100 837 22579292 83024 83908
0b005001 0b007b01 10000 100 7422 22598338 90367 89444
0b004b01 0b007401 10000 100 1488 22651904 85865 84467
0b000801 0b002601 10000 100 669 22658534 82717 83773
0b005301 0b006c01 10000 100 759 22805338 83151 83845
0b006401 0b007001 10000 100 399 22950110 81620 83557
0b007201 0b005a01 10000 100 573 23063745 82176 83696
0b003901 0b003e01 10000 100 324865 22846532 313176 313972
0b000c01 0b002a01 10000 100 15317 23055325 107404 96068
0b007d01 0b000401 10000 100 9830 23170352 90950 91448
0b004001 0b005101 10000 100 139 23193681 81610 83349
0b003401 0b002701 10000 100 1365121 21890898 1486889 1227751
0b004701 0b004d01 10000 100 448 23346526 49062 41996
0b006401 0b005e01 10000 100 276 23344410 81248 83459
0b004f01 0b003d01 10000 100 66714 23432360 150815 139144
0b001001 0b000d01 10000 100 413 23555106 81664 83568
0b001601 0b002a01 10000 100 1093 23633736 84124 84151
0b007301 0b005101 10000 100 10442 24004555 91478 91976
0b002e01 0b000701 10000 100 1862 24034015 84272 84766
0b002101 0b002c01 10000 100 503 24093265 41415 42040
0b007a01 0b005801 10000 100 9633700 16145356 8197480 8160105
0b001301 0b006701 10000 100 866 24338230 83762 83931
0b001801 0b003d01 10000 100 970 24455619 83448 84014
0b000901 0b002701 10000 100 534 24453015 88556 83665
0b002d01 0b002c01 10000 100 9471142 16630078 7978224 7982238
0b004a01 0b000e01 10000 100 6987 24610723 89260 89058
0b003d01 0b007001 10000 100 1419 24644070 84453 84412
0b003d01 0b002101 10000 100 4106 24767190 86821 86676
0b000301 0b001701 10000 100 442 24839691 82044 83592
0b002301 0b000801 10000 100 956 24831708 91507 84003
0b004701 0b007d01 10000 100 165 24931848 81724 83370
0b005f01 0b005e01 10000 100 420 25105608 41059 41974
0b001a01 0b006601 10000 100 140 25089481 81077 83350
0b007f01 0b005001 10000 100 2067 25093688 84474 84968
0b005c01 0b000301 10000 100 1300 25111415 83998 84316
0b005a01 0b001f01 10000 100 50154 25071512 124767 125281
0b002601 0b000401 10000 100 97055 24985586 247392 164607
0b000101 0b007e01 10000 100 689 25305516 82548 83789
0b004601 0b006901 10000 100 596 25349455 82348 83715
0b000901 0b002201 10000 100 1743 25416861 84176 84671
0b007f01 0b002001 10000 100 710 25508202 82616 83806
0b000601 0b000501 10000 100 1635274 24248708 1411321 1412641
0b007401 0b000b01 10000 100 423 25659518 81859 83576
0b002601 0b001101 10000 100 1947 25711984 84442 84834
0b003b01 0b002e01 10000 100 540 25762446 82248 83670
0b005401 0b006101 10000 100 325 25957161 81629 83498
0b004a01 0b002f01 10000 100 131 26027526 80764 83343
0b004601 0b002d01 10000 100 651 26271522 82967 83759
0b006901 0b005001 10000 100 746232 25734890 708078 708870
0b002001 0b006b01 10000 100 2285 26411881 84648 85143
0b004601 0b003301 10000 100 281 26431070 81849 83463
0b001601 0b004301 10000 100 79771 26370387 153163 150088
0b002701 0b006c01 10000 100 7450 27078325 89635 89467
0b001101 0b003a01 10000 100 1487021 23112738 4342253 1329956
0b007a01 0b000901 10000 100 467 27382252 85413 83612
0b003c01 0b007301 10000 100 621 27393465 82332 83735
0b005f01 0b001d01 10000 100 1782 27445235 84208 84702
0b001301 0b000501 10000 100 210147 27327749 270158 259420
0b004801 0b006a01 10000 100 1061 27760059 83879 84125
0b001d01 0b004001 10000 100 470 27790289 84194 83614
0b003501 0b005001 10000 100 766 27823119 84115 83851
0b005e01 0b005d01 10000 100 496 27980780 50659 42035
0b000b01 0b000401 10000 100 1017 28037359 42418 42490
0b000c01 0b001501 10000 100 9122 28135509 105172 90881
0b001b01 0b000c01 10000 100 786 28218866 83815 83867
0b006f01 0b001a01 10000 100 1711 28248535 84151 84645
0b001b01 0b000301 10000 100 52352 28220270 128186 127116
0b006701 0b003301 10000 100 795 28546105 83778 83874
0b003501 0b004401 10000 100 430 28612038 81800 83582
0b007801 0b002201 10000 100 6480 28620571 88156 88652
0b007c01 0b004e01 10000 100 339 28695614 83280 83509
0b002401 0b002101 10000 100 927258 27996183 818004 819041
0b002001 0b005001 10000 100 110 28825907 80696 83326
0b000001 0b005c01 10000 100 1475 28905439 83962 84456
0b007a01 0b000801 10000 100 111 28937424 81523 83327
0b007a01 0b003701 10000 100 2438 28937936 87197 85265
0b002701 0b004401 10000 100 243 29044156 81526 83432
0b006c01 0b003901 10000 100 696 29098004 83089 83795
0b006b01 0b003b01 10000 100 4375 29172817 89461 86892
0b004601 0b005501 10000 100 1239 29192658 86027 84268
0b002e01 0b001401 10000 100 665 29243805 82472 83770
0b003801 0b000701 10000 100 332 29436017 81901 83504
0b002201 0b001f01 10000 100 22963 29531528 104762 102453
0b004d01 0b002601 10000 100 9487158 21190026 8498708 8037265
0b004301 0b003501 10000 100 1752 29595894 121113 84678
0b006401 0b002101 10000 100 804706 28972456 758213 757876
0b005001 0b005c01 10000 100 5269 29693234 45377 46045
0b007701 0b001f01 10000 100 638 29665156 82556 83748
0b006301 0b000d01 10000 100 816 29851894 106723 83891
0b001201 0b003701 10000 100 1149 29878582 83701 84196
0b000301 0b003e01 10000 100 6055159 23461804 6511963 5159877
0b004301 0b007701 10000 100 1015 29899674 83594 84088
0b004a01 0b001c01 10000 100 536 29903654 83219 83667
0b003301 0b001301 10000 100 1063 30130545 83632 84127
0b004c01 0b005501 10000 100 980 30240301 83480 84022
0b001701 0b006601 10000 100 752 30250078 83331 83840
0b004701 0b007801 10000 100 527 30261899 82032 83660
0b003b01 0b007801 10000 100 1720 30269109 84158 84652
0b006e01 0b003b01 10000 100 1559032 26487025 3904215 1390329
0b000d01 0b001901 10000 100 1315 30409331 83834 84328
0b001801 0b007601 10000 100 417 30415966 81680 83572
0b007001 0b001201 10000 100 750 30417435 83332 83838
0b000001 0b002901 10000 100 3009 30605695 85301 85760
0b002e01 0b003a01 10000 100 748 30809218 83112 83836
0b002001 0b004701 10000 100 492 30909837 81920 83632
0b000d01 0b000701 10000 100 367 31224416 40760 41932
0b003c01 0b000601 10000 100 192 31253087 82875 83392
0b001a01 0b000b01 10000 100 2845 31218363 123098 85591
0b005601 0b003801 10000 100 2228 31306377 84650 85097
0b004a01 0b007301 10000 100 272 31434386 81216 83456
0b004b01 0b005a01 10000 100 26926 31414876 127644 105777
0b004a01 0b001f01 10000 100 382 31525409 82050 83544
0b005a01 0b005e01 10000 100 962 31619144 41877 42408
0b002001 0b000a01 10000 100 1761 31586360 84191 84685
0b001301 0b007701 10000 100 290104 31561449 325895 326457
0b006901 0b005b01 10000 100 2122 31826830 95285 85012
0b000701 0b004501 10000 100 1352 32273617 83864 84358
0b003c01 0b004001 10000 100 898 32329049 83279 83956
0b006901 0b004601 10000 100 422 32416932 82450 83576
0b004d01 0b004101 10000 100 158 32495378 45118 41764
0b003d01 0b007501 10000 100 540 32492582 82160 83670
0b003501 0b003f01 10000 100 1088 32561807 42187 42547
0b002e01 0b000f01 10000 100 439 32609053 82867 83589
0b005101 0b001801 10000 100 36282 32764107 113138 113646
0b003b01 0b006501 10000 100 3609 32804385 93418 86240
0b006201 0b003b01 10000 100 479 32917222 82565 83621
0b006801 0b001c01 10000 100 220 32971351 91230 83414
0b006101 0b000501 10000 100 499 33366996 82960 83637
0b006701 0b003101 10000 100 20688050 15438433 18227959 17428097
0b005801 0b003801 10000 100 9261 33640892 94580 90992
0b004f01 0b001401 10000 100 883 33663986 86269 83944
0b000901 0b001a01 10000 100 99486 33653085 170562 166628
0b006801 0b002501 10000 100 269 33759892 81690 83453
0b003601 0b003b01 10000 100 231 33885741 40542 41823
0b001601 0b002501 10000 100 1720 33879468 84158 84652
0b006e01 0b004601 10000 100 157 34215477 89233 83364
0b005b01 0b000701 10000 100 56111 34177364 132849 130277
0b002101 0b001401 10000 100 2267 34283605 87752 85128
0b006b01 0b006601 10000 100 3459 34413812 45504 44520
0b006a01 0b000b01 10000 100 1339 34474009 85317 84348
0b005801 0b002401 10000 100 745 34477122 83195 83834
0b001f01 0b006201 10000 100 1065 34515969 83819 84128
0b002201 0b007901 10000 100 932 34608679 83689 83984
0b004401 0b001a01 10000 100 1619 34621976 84077 84572
0b005c01 0b001501 10000 100 2675 34704051 89551 85455
0b001701 0b004301 10000 100 123 34768525 81568 83336
0b006601 0b006401 10000 100 889016 34085254 800511 786988
0b004901 0b000801 10000 100 89623 34648139 288603 158354
0b003001 0b006a01 10000 100 1253923 33504679 1447947 1134492
0b004a01 0b003901 10000 100 806 34892775 82924 83883
0b000301 0b007801 10000 100 634 34944011 82551 83745
0b000401 0b002101 10000 100 1544 34990161 85319 84512
0b007a01 0b007001 10000 100 517 35140521 41000 42052
0b000a01 0b006101 10000 100 7874 35115985 104015 89806
0b005c01 0b006a01 10000 100 2992 35603553 90332 85708
0b001101 0b002801 10000 100 2710 35697760 87785 85483
0b005c01 0b001601 10000 100 225 35871198 81334 83418
0b006c01 0b002301 10000 100 996 36000991 83532 84035
0b001b01 0b006001 10000 100 375 36070694 81544 83538
0b002201 0b006601 10000 100 1659480 34117022 2147315 1474528
0b002f01 0b005c01 10000 100 379 36331059 82106 83541
0b000c01 0b005f01 10000 100 9198 36327366 101485 90942
0b000d01 0b007e01 10000 100 3289 36664534 85489 85984
0b003b01 0b002501 10000 100 10513 36694090 103925 92032
0b006e01 0b007001 10000 100 975 36727398 83594 84018
0b003801 0b006e01 10000 100 510 36721848 99247 83646
0b003301 0b005401 10000 100 2204 37008656 84583 85078
0b002701 0b006201 10000 100 260 37033103 81176 83446
0b001701 0b001d01 10000 100 340 37181749 41062 41910
0b003b01 0b003f01 10000 100 92175 37116500 122576 118911
0b005c01 0b006101 10000 100 5580209 32185278 5181306 4761677
0b007d01 0b004601 10000 100 3492 37287973 88593 86147
0b004601 0b006701 10000 100 662 37306481 84074 83768
0b001d01 0b007c01 10000 100 166 37436542 80876 83371
0b004401 0b004101 10000 100 364 37923678 41084 41929
0b004c01 0b003001 10000 100 495 38022331 81951 83634
0b005e01 0b001901 10000 100 264 38186457 81730 83449
0b000601 0b004e01 10000 100 734690 35439250 3278253 699176
0b005e01 0b005c01 10000 100 27266 39247746 65083 64488
0b006201 0b003101 10000 100 251 39250730 82266 83439
0b004b01 0b005001 10000 100 1013 39300780 83969 84087
0b004401 0b005d01 10000 100 1067 39511604 88055 84130
0b001201 0b001a01 10000 100 105 39644594 40340 41722
0b004901 0b005901 10000 100 666 39687623 83018 83771
0b007701 0b004801 10000 100 185 39894756 81797 83386
0b005c01 0b006e01 10000 100 843 39944820 83040 83912
0b004601 0b007f01 10000 100 38730 39991593 152826 115681
0b005801 0b005001 10000 100 337 40140129 40712 41908
0b000601 0b002301 10000 100 23499 40184171 104485 102920
0b002201 0b007001 10000 100 4502 40228162 87208 86993
0b001801 0b005101 10000 100 1433 40419541 85151 84423
0b006901 0b001101 10000 100 7739 40532842 89201 89698
0b005b01 0b000b01 10000 100 1888 40538675 116166 84787
0b007301 0b001901 10000 100 76759 40490209 207460 147564
0b001301 0b000a01 10000 100 1150 40663686 83702 84196
0b003f01 0b002d01 10000 100 13947992 29443026 11784732 11777196
0b006e01 0b004701 10000 100 850 41214721 83064 83918
0b004e01 0b006701 10000 100 1163 41462843 84435 84207
0b001301 0b000501 10001 100 87203 41326786 228553 156341
0b004b01 0b003701 10000 100 2661 41548658 87102 85444
0b005501 0b005a01 10000 100 760 41709432 41388 42246
0b004701 0b001a01 10001 100 408 41753054 81648 83564
0b007901 0b003f01 10000 100 884 41811639 83953 83945
0b004501 0b003901 10000 100 691 41921539 83335 83791
0b000701 0b006d01 10000 100 1330 41983810 84683 84340
0b007901 0b001301 10000 100 32641 42100873 123359 110580
0b004c01 0b007401 10000 100 1795 42239942 117540 84712
0b003f01 0b001c01 10000 100 454 42456491 81796 83601
0b000701 0b005001 10000 100 765 42460301 112575 83850
0b001701 0b003a01 10000 100 897 42522462 83450 83956
0b005801 0b001301 10000 100 193 43105649 80960 83392
0b003201 0b006a01 10000 100 263 43238340 81287 83448
0b003b01 0b000c01 10000 100 9852 43307502 107669 91465
0b007d01 0b001401 10000 100 613 43556957 85442 83728
0b000601 0b002e01 10001 100 1389 43753235 83893 84388
0b001101 0b007901 10000 100 537 43761687 82359 83668
0b006701 0b006001 10000 100 962 43866951 41712 42408
0b005101 0b003c01 10000 100 1302 43948196 83824 84318
0b002301 0b002d01 10000 100 778 44128933 41416 42260
0b002e01 0b000d01 10000 100 2606 44138441 84953 85400
0b003c01 0b001401 10000 100 718 44222521 82640 83812
0b005e01 0b004901 10000 100 287 45099841 136688 83468
0b003201 0b005701 10000 100 4783 45599937 90450 87218
0b002301 0b004c01 10000 100 666689 45073859 650964 642164
0b003201 0b005e01 10000 100 311957 44480314 1332888 344746
0b000901 0b001601 10000 100 109 46493554 80692 83325
0b005c01 0b002501 10000 100 7856 46542625 89535 89792
0b003b01 0b006101 10000 100 6451 47324031 90565 88629
0b005c01 0b002901 10000 100 12029 47719871 93338 93322
0b003c01 0b006e01 10000 100 5066 47874077 86987 87483
0b007601 0b005601 10000 100 1051 48061947 83623 84117
0b001301 0b005101 10000 100 2006 48768148 167808 84920
