0b003601 0b007e01 10000 100 7448 14216 88968 89465
0b001c01 0b003901 10000 100 1450 21700 83942 84436
0b003401 0b002301 10000 100 695 115984 82568 83794
0b004701 0b006301 10000 100 9094 116253 97485 90859
0b001201 0b005401 10000 100 978 163082 83472 84020
0b003c01 0b007801 10000 100 530 177686 82040 83662
0b007e01 0b000b01 10000 100 266 195459 81196 83451
0b004701 0b005c01 10000 100 183039 57175 243784 236696
0b005101 0b000201 10000 100 206 283597 81004 83403
0b000201 0b000f01 10000 100 1050 333394 41850 42516
0b000201 0b002001 10000 100 2646 371853 84937 85432
0b003b01 0b001101 10000 100 350 379784 81464 83518
0b005b01 0b003901 10000 100 1451 389932 83943 84437
0b004d01 0b007001 10000 100 944 444094 83364 83993
0b003901 0b005101 10000 100 1479 458403 83965 84460
0b004401 0b004001 10000 100 951 556530 41694 42399
0b003101 0b007b01 10000 100 845 551097 83048 83914
0b007901 0b005b01 10000 100 1477 605441 83964 84458
0b001d01 0b002101 10000 100 212 617041 81024 83408
0b003301 0b002501 10000 100 820 638487 82968 83894
0b000501 0b002001 10000 100 49560 648367 124254 124768
0b007601 0b000801 10000 100 8631 749576 89953 90450
0b005501 0b002001 10000 100 242 786099 81120 83432
0b004701 0b001f01 10000 100 263 873387 81184 83448
0b001e01 0b002c01 10000 100 1076 889122 83643 84137
0b005801 0b000901 10000 100 5616 888018 87427 87923
0b004501 0b006e01 10000 100 5251 1008881 87327 87631
0b003b01 0b002e01 10000 100 233 1032350 81088 83424
0b004901 0b007901 10000 100 2329 1192245 84683 85178
0b002401 0b003d01 10000 100 671 1242439 83094 83775
0b007801 0b000201 10000 100 1027 1348416 83604 84098
0b003301 0b005e01 10000 100 1360 1455002 84940 84364
0b005001 0b003501 10000 100 302 1462637 81599 83480
0b007001 0b007901 10000 100 103 1545041 40336 41720
0b005f01 0b003c01 10000 100 546 1561619 82092 83675
0b000501 0b003e01 10000 100 528 1704314 82032 83660
0b003e01 0b007a01 10000 100 1025 1714967 83602 84096
0b004401 0b006b01 10000 100 412 1793421 81664 83568
0b002101 0b002d01 10000 100 1059 1926843 41857 42524
0b001001 0b006201 10000 100 924 2027639 83300 83977
0b004501 0b001c01 10000 100 1333 2027725 84208 84343
0b001501 0b006001 10000 100 309 2167784 81332 83485
0b002e01 0b001201 10000 100 935 2278837 83336 83986
0b006401 0b000e01 10000 100 414 2451367 82088 83569
0b003f01 0b000901 10000 100 1795 2477058 84759 84712
0b006201 0b000901 10000 100 454 2482907 81796 83601
0b005801 0b000e01 10000 100 242 2552474 81120 83432
0b000101 0b007601 10000 100 1747 2589510 84180 84674
0b002601 0b000d01 10000 100 143 2726220 80800 83352
0b006401 0b005c01 10000 100 840191 2050385 787186 787647
0b001501 0b000b01 10000 100 2510 2861580 84828 85323
0b001d01 0b001c01 10000 100 618 2928296 41160 42132
0b006b01 0b001d01 10000 100 354 3079301 82043 83521
0b002101 0b004101 10000 100 1569 3106046 84037 84532
0b000b01 0b005101 10000 100 517 3122541 82000 83652
0b005901 0b006e01 10000 100 8001 3141632 90336 89946
0b002e01 0b007e01 10000 100 528 3180951 82032 83660
0b002901 0b000401 10000 100 1766 3283743 84195 84689
0b003201 0b001d01 10000 100 178510 3063233 366625 232881
0b005d01 0b004601 10000 100 801 3359942 82908 83879
0b003f01 0b004201 10000 100 409 3391156 82442 83565
0b003701 0b007b01 10000 100 1620 3391810 84078 84572
0b002701 0b004601 10000 100 14399 3471670 94795 95295
0b001201 0b006601 10000 100 888 3483680 83884 83948
0b000801 0b002301 10000 100 1041 3604963 83615 84109
0b003801 0b007901 10000 100 339 3620123 81428 83509
0b001b01 0b006e01 10000 100 3645 3616779 85774 86269
0b007801 0b002301 10000 100 7091 3731948 88683 89180
0b006d01 0b002b01 10000 100 1207 3858199 83748 84242
0b007101 0b005c01 10000 100 597 4051805 83172 83716
0b007701 0b002301 10000 100 9058 4150495 90950 90830
0b006401 0b007a01 10000 100 630 4170613 82360 83742
0b003401 0b006501 10000 100 317 4178795 81360 83492
0b006d01 0b007001 10000 100 381 4229954 81564 83543
0b004c01 0b002f01 10000 100 1833 4317444 84248 84743
0b007e01 0b005301 10000 100 119 4354285 80724 83333
0b002d01 0b003d01 10000 100 614 4352831 83049 83729
0b001b01 0b003601 10000 100 120 4444884 80950 83334
0b006e01 0b002a01 10000 100 987 4477534 84197 84028
0b005e01 0b003f01 10000 100 658 4554247 85334 83764
0b006101 0b001101 10000 100 5476 4576040 87575 87811
0b001201 0b006101 10000 100 277 4591127 82307 83460
0b001101 0b006901 10000 100 533 4621266 82215 83664
0b004401 0b000101 10000 100 307 4633342 81867 83484
0b002a01 0b007f01 10000 100 179 4681956 80916 83381
0b000001 0b007201 10000 100 1098 4776781 83660 84155
0b002d01 0b007001 10000 100 370 4958005 81528 83534
0b007101 0b000601 10000 100 1885 4956587 84290 84784
0b002801 0b005d01 10000 100 1854 4969517 84265 84760
0b002e01 0b003201 10000 100 1552869 3644868 1415173 1385130
0b003a01 0b003701 10000 100 914 5120469 41634 42369
0b003801 0b000a01 10000 100 1424 5084219 84134 84416
0b005c01 0b005b01 10000 100 3429 5172186 44083 44496
0b007301 0b005b01 10000 100 275 5213529 81224 83458
0b007101 0b006501 10000 100 1900 5298234 84302 84796
0b002d01 0b002e01 10000 100 1759 5355699 42417 43084
0b004a01 0b005401 10000 100 869 5401920 83124 83933
0b005101 0b000501 10000 100 702767 4836188 671634 672408
0b007201 0b007601 10000 100 648 5480566 41208 42156
0b000f01 0b004301 10000 100 176 5465494 80908 83379
0b001101 0b003d01 10000 100 419 5495540 82907 83573
0b003a01 0b001b01 10000 100 874 5571358 83140 83937
0b000901 0b003501 10000 100 749 5621035 82871 83837
0b000d01 0b002d01 10000 100 3748 5647461 85856 86352
0b002901 0b002f01 10000 100 119 5731208 40362 41733
0b004101 0b003a01 10000 100 356 5857692 81484 83523
0b004e01 0b007701 10000 100 7176 5957929 89155 89248
0b002f01 0b007501 10000 100 3096 6032806 85335 85830
0b006601 0b002001 10000 100 345 6138744 81448 83514
0b007401 0b002f01 10000 100 748 6473170 82736 83836
0b007c01 0b004301 10000 100 344 6493152 81444 83513
0b000301 0b004701 10000 100 248 6532800 81188 83436
0b000901 0b007d01 10000 100 113 6560315 80704 83328
0b005601 0b002101 10000 100 125 6590497 80744 83338
0b005801 0b005a01 10000 100 469 6639107 40922 42013
0b000b01 0b006a01 10000 100 1314 6666830 84450 84328
0b002201 0b000a01 10000 100 282 6672320 81248 83464
0b006801 0b004601 10000 100 2926 6741544 86750 85656
0b005901 0b001401 10000 100 488 6804935 81904 83628
0b002f01 0b005601 10000 100 1374 6822494 83881 84376
0b002101 0b003101 10000 100 6307 6829404 88018 88514
0b000301 0b007901 10000 100 1477 6884832 83964 84458
0b004101 0b003701 10000 100 236 6914918 81440 83427
0b000f01 0b006a01 10000 100 367 6990788 82332 83532
0b000001 0b005501 10000 100 461 7054007 81820 83607
0b007a01 0b007f01 10000 100 1673 7147473 42348 43015
0b007401 0b005201 10000 100 1094 7160513 83657 84152
0b007701 0b004401 10000 100 314 7183746 82170 83489
0b006401 0b001a01 10000 100 861 7329245 91197 83927
0b004901 0b001701 10000 100 1017 7352426 83596 84090
0b004d01 0b002c01 10000 100 132 7366601 80768 83344
0b004b01 0b006101 10000 100 8819 7461678 100141 90600
0b003001 0b000001 10000 100 162 7579084 80864 83368
0b007601 0b000301 10000 100 672 7581817 82496 83776
0b002401 0b005501 10000 100 5598 7722377 91512 87908
0b000e01 0b006901 10000 100 315914 7001255 834583 348065
0b002b01 0b000a01 10000 100 350 7755162 81464 83518
0b007301 0b003b01 10000 100 7994 7792470 89405 89902
0b003001 0b005d01 10000 100 565 7815961 82152 83690
0b006101 0b001401 10000 100 172 7851475 82930 83376
0b003601 0b007601 10000 100 2870 7853825 86031 85611
0b002201 0b003201 10000 100 682 7981824 82528 83784
0b006a01 0b003d01 10000 100 8843613 581070 7495145 7497700
0b006301 0b006001 10000 100 869 8134540 41562 42333
0b001e01 0b000101 10000 100 626 8158323 89186 83739
0b004b01 0b005101 10000 100 2691 8176932 86041 85468
0b006c01 0b005f01 10000 100 46967 8138678 164061 122578
0b000601 0b004f01 10000 100 1370 8244230 83878 84372
0b003b01 0b002101 10000 100 1190 8315820 84233 84228
0b006001 0b007901 10000 100 380295 8003058 411229 402066
0b006101 0b001301 10000 100 156 8306178 123481 83363
0b007f01 0b000c01 10000 100 296 8433422 81292 83475
0b001301 0b006201 10000 100 777 8493027 82832 83860
0b005f01 0b002701 10000 100 837 8507967 84100 83908
0b006101 0b001101 10001 100 239 8535665 83420 83429
0b001e01 0b003b01 10000 100 461 8552317 81820 83607
0b002a01 0b006901 10000 100 1369 8550370 84178 84372
0b002601 0b002d01 10000 100 710 8603427 41808 42206
0b000801 0b004401 10000 100 23851 8589605 102699 103202
0b003a01 0b004201 10000 100 1658 8689600 84108 84603
0b006001 0b003101 10000 100 1050 8690410 84639 84116
0b003201 0b000001 10000 100 180 8715335 81689 83382
0b002f01 0b003101 10000 100 349707 8439723 384220 376405
0b002d01 0b001501 10000 100 422 8747566 104687 83576
0b000801 0b003101 10000 100 795 8794590 82888 83874
0b001701 0b005901 10000 100 1648 8854942 84809 84595
0b002601 0b005b01 10000 100 726340 8373477 693404 692188
0b001401 0b005501 10000 100 185 9095231 80936 83386
0b001201 0b004801 10000 100 6212865 3546959 5662106 5292071
0b006701 0b001701 10000 100 228 9140307 81348 83420
0b001c01 0b002a01 10000 100 1514 9140092 83993 84488
0b003c01 0b003a01 10000 100 419 9216048 40842 41973
0b002e01 0b002d01 10000 100 273 9405511 40608 41856
0b001501 0b003c01 10000 100 658 9411496 82448 83764
0b002701 0b000801 10000 100 1474 9421942 83961 84456
0b002e01 0b002901 10000 100 141 9467968 40398 41751
0b003101 0b007101 10000 100 3344 9486765 85533 86028
0b003f01 0b005a01 10000 100 375 9529224 82686 83538
0b007801 0b005901 10000 100 8901 9608369 90169 90666
0b005401 0b002d01 10000 100 355 9734008 81480 83522
0b003a01 0b002701 10000 100 118 9821641 80720 83332
0b000001 0b003b01 10000 100 882 9894102 83168 83944
0b003101 0b001e01 10000 100 559 9965304 82132 83685
0b003e01 0b001501 10000 100 15929 10010299 108704 96557
0b003001 0b003d01 10000 100 1006 10096106 41820 42481
0b007501 0b001201 10000 100 216 10106910 81749 83411
0b002801 0b004c01 10000 100 7247 10122804 88952 89304
0b006101 0b001701 10000 100 1146260 6836385 3388391 1044252
0b005a01 0b001a01 10000 100 812 10205097 83611 83888
0b003801 0b003401 10000 100 249 10269278 40570 41837
0b001701 0b004a01 10000 100 242265 10082250 287768 286343
0b005401 0b000f01 10000 100 590 10295353 82232 83710
0b004401 0b003a01 10000 100 106 10319898 80821 83323
0b005901 0b001701 10000 100 424 10319796 81700 83577
0b007001 0b003201 10000 100 149 10428639 81334 83357
0b002701 0b004a01 10000 100 451 10487909 82371 83599
0b006501 0b002c01 10000 100 1390 10490014 83894 84388
0b004801 0b003b01 10000 100 7519 10510177 89025 89522
0b006d01 0b007701 10000 100 744 10579674 82724 83833
0b006001 0b004301 10000 100 887 10581477 83937 83948
0b001d01 0b004501 10000 100 747 10615332 83418 83836
0b002c01 0b001101 10000 100 1347 10667205 83860 84354
0b003101 0b002f01 10000 100 69220 10674208 140742 141264
0b004b01 0b005c01 10000 100 8697561 3432473 7423301 7375252
0b000901 0b004701 10000 100 1294 10829184 84865 84312
0b007801 0b001e01 10000 100 1599 10839170 84061 84556
0b007d01 0b003001 10000 100 592 10903543 82240 83712
0b000001 0b001f01 10000 100 88229 10967547 156671 157200
0b007301 0b002c01 10000 100 320 11051361 81383 83494
0b001e01 0b006401 10000 100 541 11066548 84740 83671
0b004101 0b004f01 10000 100 474 11154044 40930 42017
0b002801 0b000e01 10000 100 197 11120131 81255 83396
0b006901 0b003201 10000 100 1976143 7871186 3394658 1740031
0b002d01 0b003901 10000 100 367 11176151 110382 83532
0b007d01 0b001c01 10000 100 1022 11245083 83600 84094
0b004701 0b005e01 10000 100 1037 11394738 85089 84106
0b007a01 0b006701 10000 100 463 11491516 82416 83608
0b006401 0b007301 10000 100 598 11572287 82285 83716
0b002b01 0b005001 10000 100 96665 11557038 163724 164256
0b007001 0b005601 10000 100 2758 11653525 85026 85521
0b002201 0b005601 10000 100 15115 11753083 104489 95906
0b007a01 0b007801 10000 100 1632 11830891 42316 42982
0b000001 0b002401 10000 100 377 11870544 81552 83540
0b000601 0b004701 10000 100 1686312 10513468 1497069 1497030
0b006c01 0b003b01 10000 100 78597 11849837 181280 149111
0b006001 0b000201 10000 100 860 12027163 83331 83926
0b002101 0b000101 10000 100 5529 12036599 87357 87853
0b006f01 0b001f01 10000 100 54065 12082808 165014 128564
0b000d01 0b007301 10000 100 380 12218210 81560 83542
0b007d01 0b002301 10000 100 2961 12282670 95694 85684
0b002a01 0b001101 10000 100 9706 12283275 98259 91348
0b007e01 0b002101 10000 100 441 12448686 82845 83591
0b000101 0b001601 10000 100 261 12488535 81180 83447
0b000601 0b000901 10000 100 114 12560051 40354 41729
0b001a01 0b006c01 10000 100 5779 12559839 87749 88053
0b004a01 0b004701 10000 100 728 12620190 41336 42220
0b007f01 0b004b01 10000 100 547 12611363 82096 83676
0b004001 0b002001 10000 100 505 12636725 81960 83642
0b002901 0b003601 10000 100 961 12645579 83420 84007
0b002601 0b003c01 10000 100 1095069 11621635 1133966 1001341
0b003701 0b003401 10000 100 884 12727737 41586 42345
0b003c01 0b005901 10000 100 742 12710735 82720 83832
0b002d01 0b004701 10000 100 1011 12745902 83592 84085
0b001a01 0b001c01 10000 100 1007 12927255 41820 42482
0b005801 0b007701 10000 100 166 12922223 81193 83371
0b007c01 0b001c01 10000 100 142 12978946 80800 83352
0b006c01 0b007201 10000 100 8579 13180190 96138 90408
0b005d01 0b005601 10000 100 6192 13230856 46154 46822
0b002d01 0b002701 10000 100 272 13331421 40608 41856
0b005e01 0b003601 10000 100 2011 13372711 84430 84924
0b007701 0b005a01 10000 100 135 13565938 81980 83346
0b003101 0b005d01 10000 100 50343 13584555 124918 125432
0b005901 0b003301 10000 100 2350 13649324 84700 85195
0b005201 0b002c01 10000 100 463 13737918 82683 83608
0b004101 0b002601 10000 100 306 13898403 82139 83483
0b000c01 0b007a01 10000 100 1864 14060764 84273 84768
0b007d01 0b005e01 10000 100 7845 14071380 89286 89783
0b001201 0b001601 10000 100 414 14163085 40834 41969
0b007b01 0b004801 10000 100 1609 14136076 84169 84564
0b005c01 0b001b01 10000 100 1080 14159086 85282 84140
0b004201 0b006601 10000 100 2662 14185293 84950 85444
0b004a01 0b003c01 10000 100 1205 14257525 83746 84240
0b001301 0b001c01 10000 100 427 14374129 40856 41980
0b003101 0b002c01 10000 100 12443 14360792 103618 93653
0b001201 0b001b01 10000 100 44352 14474661 78126 78809
0b002401 0b003801 10000 100 827 14612082 82992 83900
0b003301 0b000501 10000 100 549 14627195 110123 83677
0b001f01 0b003201 10000 100 1026 14888930 86546 84097
0b002801 0b002701 10000 100 1732 14979866 42396 43062
0b003101 0b001201 10000 100 738 15092364 82704 83828
0b007901 0b002501 10000 100 927 15164310 83312 83980
0b001401 0b006701 10000 100 114 15213983 80708 83329
0b005901 0b000d01 10000 100 271 15242606 81212 83455
0b006201 0b007701 10000 100 385 15248317 82390 83546
0b003101 0b000e01 10000 100 7708 15331928 94898 89673
0b006901 0b005f01 10000 100 176 15424368 81862 83379
0b007e01 0b006e01 10000 100 756 15478661 83377 83843
0b003201 0b004101 10000 100 321547 15277314 358650 352802
0b003e01 0b001201 10000 100 4183 15607163 93833 86738
0b006c01 0b007b01 10000 100 1268 15633035 85103 84291
0b004b01 0b000301 10000 100 9225 15656886 90466 90964
0b003b01 0b004601 10000 100 826119 15023091 775027 775852
0b006b01 0b007a01 10000 100 376529 14727189 1126076 398900
0b003901 0b006001 10000 100 1693413 10748113 5170199 1502980
0b006f01 0b003201 10000 100 1531 15890335 84007 84501
0b005101 0b003601 10000 100 121 16021298 81091 83335
0b007c01 0b002201 10000 100 1258 16034655 83788 84283
0b004801 0b001301 10000 100 752 16057700 82928 83840
0b000d01 0b006901 10000 100 1056 16092775 85774 84121
0b004201 0b000c01 10000 100 5595 16110806 87410 87906
0b001a01 0b002d01 10000 100 621 16226477 82332 83735
0b000f01 0b003101 10000 100 290 16239418 81272 83470
0b002401 0b006901 10000 100 5710 16240915 87910 87998
0b000101 0b001201 10000 100 705 16297358 82600 83802
0b005601 0b003f01 10000 100 198 16335728 81546 83396
0b003e01 0b006101 10000 100 14765537 3133878 13288129 12462644
0b004c01 0b002201 10000 100 873 16379808 83171 83936
0b003c01 0b004c01 10000 100 5690 16399302 87486 87982
0b005101 0b005c01 10000 100 912 16447621 41632 42368
0b007901 0b006401 10000 100 8817 16491385 90102 90599
0b003001 0b007601 10000 100 677 16590190 82753 83780
0b005501 0b001b01 10000 100 194 16623295 80964 83393
0b004c01 0b000d01 10000 100 209 16644330 81012 83405
0b001001 0b002001 10000 100 848 16690216 83526 83916
0b003001 0b001a01 10000 100 303245 16468083 337434 337469
0b005801 0b000c01 10000 100 287 16730812 81264 83468
0b006601 0b002801 10000 100 530 16828743 82040 83662
0b004901 0b003901 10000 100 638 16840543 83012 83748
0b004e01 0b000101 10000 100 704 16844051 82596 83801
0b006101 0b002401 10000 100 963 16958608 83424 84008
0b004a01 0b005101 10000 100 9078 16954725 90348 90846
0b004a01 0b006101 10000 100 3458 17015333 86884 86120
0b005d01 0b003901 10000 100 316 17032104 81356 83491
0b002a01 0b001b01 10000 100 312 17102356 82823 83488
0b006601 0b003a01 10000 100 653 17104166 82432 83760
0b003101 0b000a01 10000 100 1084 17103419 84137 84144
0b006701 0b003f01 10000 100 1729 17189301 85295 84660
0b002601 0b003301 10000 100 1826 17221628 84980 84737
0b006e01 0b004301 10000 100 135 17275162 80776 83346
0b004401 0b002701 10000 100 189 17383335 80948 83389
0b002a01 0b007701 10000 100 7189782 11227966 6238297 6111121
0b002b01 0b002201 10000 100 1061 17450336 41859 42525
0b001001 0b006d01 10000 100 4089 17435759 86167 86663
0b003e01 0b007301 10000 100 1346 17439870 83859 84353
0b006201 0b001501 10000 100 1896 17460099 85052 84793
0b006501 0b006e01 10000 100 230 17518949 40540 41822
0b006101 0b002c01 10000 100 1041 17536297 83795 84109
0b007001 0b000e01 10000 100 4215 17578313 89152 86764
0b007101 0b004f01 10000 100 279 17772386 81328 83461
0b000901 0b001301 10000 100 371 17787762 81532 83535
0b000701 0b002401 10000 100 433 17805854 81728 83584
0b000501 0b006e01 10000 100 1181 17804526 84299 84221
0b007701 0b007301 10000 100 5299 18043378 45401 46069
0b003501 0b007301 10000 100 689 18050110 82548 83789
0b001001 0b003401 10000 100 422 18068073 81696 83576
0b004e01 0b005401 10000 100 686 18086330 82540 83787
0b000901 0b007501 10000 100 1098 18117581 83660 84155
0b000401 0b005501 10000 100 167 18263833 80939 83372
0b003e01 0b000a01 10000 100 165 18307414 80872 83370
0b005301 0b004801 10000 100 861 18341916 83100 83927
0b000101 0b001801 10000 100 351 18353902 81687 83519
0b000e01 0b003001 10000 100 1315 18396794 83834 84328
0b005a01 0b007401 10000 100 58205 18382816 134836 132029
0b003f01 0b001801 10000 100 16717481 1933391 16609885 14099156
0b007401 0b000801 10000 100 1788 18460938 85500 84707
0b003d01 0b005b01 10000 100 1031 18575332 83607 84101
0b005501 0b003701 10000 100 435 18647985 81736 83586
0b006a01 0b001d01 10000 100 609233 16688394 2099180 594010
0b005701 0b002b01 10000 100 449 18805696 129198 83597
0b001701 0b007e01 10000 100 2742 18897438 85014 85508
0b001c01 0b001f01 10000 100 5671 18973342 45699 46367
0b002001 0b003301 10000 100 1094 18996851 83657 84152
0b003401 0b004301 10000 100 1266 19070351 84214 84289
0b006d01 0b006801 10000 100 485 19135316 41243 42026
0b002101 0b002a01 10000 100 476877 18788340 440562 441418
0b003f01 0b000901 10001 100 1130 19176575 83686 84180
0b007301 0b000c01 10000 100 182 19214828 82506 83384
0b007501 0b006d01 10000 100 1102 19213820 83664 84158
0b006d01 0b002001 10000 100 115 19397728 80712 83330
0b005a01 0b000c01 10000 100 393739 19069429 412853 413320
0b006801 0b005001 10000 100 263 19403756 83237 83448
0b001701 0b007f01 10000 100 552 19409559 82112 83680
0b003f01 0b004401 10000 100 593 19416243 82240 83712
0b003401 0b002f01 10000 100 13079 19470061 93701 94200
0b005c01 0b000101 10000 100 703 19641232 83251 83800
0b000801 0b000901 10000 100 266 19705841 40598 41851
0b000701 0b006901 10000 100 603 19691468 82423 83720
0b000101 0b006901 10000 100 284 19731631 83308 83465
0b001201 0b002601 10000 100 2899 19763931 85139 85634
0b002001 0b001301 10000 100 91275 19948117 159222 159752
0b006601 0b001901 10000 100 7229 20166004 89081 89290
0b000a01 0b002c01 10000 100 1338 20314433 86205 84347
0b000e01 0b003d01 10000 100 153 20327933 80832 83360
0b006c01 0b003e01 10000 100 1863 20439325 84272 84767
0b000601 0b001d01 10000 100 270 20449709 82190 83454
0b003501 0b007f01 10000 100 835 20606042 83016 83906
0b004e01 0b004b01 10000 100 541 20704581 41038 42071
0b002301 0b000101 10000 100 899 20692583 83220 83957
0b006a01 0b004b01 10000 100 193 20848964 81454 83392
0b002901 0b001001 10000 100 407 21039300 81648 83564
0b007f01 0b007401 10000 100 1196 21109480 42118 42633
0b003101 0b006d01 10000 100 5225 21147758 87212 87610
0b005301 0b001601 10000 100 1858 21156351 84268 84763
0b003a01 0b002801 10000 100 405 21188696 81640 83562
0b007501 0b006501 10000 100 2492 21131390 148413 85308
0b001001 0b001101 10000 100 2048 21312622 42686 43353
0b006101 0b005701 10000 100 968 21343666 130204 84012
0b001901 0b005a01 10000 100 127 21411860 82080 83340
0b003a01 0b005b01 10000 100 121 21415419 80732 83335
0b007d01 0b005b01 10000 100 6082 21410116 90492 88334
0b007301 0b005001 10000 100 384 21455327 81677 83545
0b005001 0b006201 10000 100 1013 21472250 83592 84087
0b005001 0b000801 10000 100 339886 21151006 411992 368164
0b007001 0b006c01 10000 100 785 21584855 82957 83866
0b003901 0b003b01 10000 100 1831 21636716 42475 43141
0b001a01 0b007d01 10000 100 300 21682023 81304 83478
0b000701 0b006e01 10000 100 561 21703546 87265 83687
0b003601 0b000b01 10000 100 900 21734291 83224 83958
0b004501 0b001d01 10000 100 193 21900978 82132 83392
0b004b01 0b001701 10000 100 381 21943801 81564 83543
0b005401 0b007901 10000 100 1377000 20781650 1263512 1237676
0b001501 0b005501 10000 100 1079 21999058 83746 84140
0b000b01 0b000901 10000 100 1446 22074912 42167 42833
0b006901 0b000701 10000 100 375180 21385661 752425 397782
0b005701 0b002c01 10000 100 370723 21031351 1116619 394024
0b006b01 0b006901 10000 100 453 22145883 41644 42000
0b003d01 0b007101 10000 100 1826 22131234 84243 84737
0b004c01 0b004b01 10000 100 222 22222572 40528 41816
0b001601 0b007a01 10000 100 372 22204669 81536 83536
0b006301 0b004001 10000 100 624 22243935 108791 83737
0b004f01 0b002e01 10000 100 6836 22267400 94385 88937
0b000101 0b007101 10000 100 681 22379423 82524 83783
0b004b01 0b005501 10000 100 1535 22523516 84010 84504
0b002f01 0b006501 10000 100 1466931 20614638 2029527 1313077
0b001c01 0b004e01 10000 100 1334 22569404 84641 84344
0b005801 0b004101 10000 100 986 22584342 85036 84027
0b006f01 0b007c01 10000 100 698 22560784 128528 83796
0b007c01 0b006d01 10000 100 806 22705326 83368 83883
0b006201 0b006a01 10000 100 5983 22840821 50196 46616
0b003c01 0b000201 10000 100 370 22940630 81528 83534
0b003101 0b000a01 10001 100 150 23027272 80824 83358
0b007501 0b004301 10000 100 264 23036843 81188 83449
0b002801 0b000b01 10000 100 708 23036805 83595 83804
0b003d01 0b001301 10000 100 1945 23043417 84338 84832
0b007f01 0b007c01 10000 100 972 23165143 42211 42416
0b007901 0b005901 10000 100 6179 23175391 93213 88412
0b006901 0b002c01 10000 100 15937234 7420472 15942842 13445006
0b004601 0b006501 10000 100 1536195 21064709 2402015 1371176
0b003e01 0b004601 10000 100 574 23435469 89542 83697
0b001101 0b003601 10000 100 310 23451702 81336 83486
0b005c01 0b003501 10000 100 1169 23518787 83717 84212
0b005401 0b004c01 10000 100 2326 23558110 85194 85176
0b005e01 0b001501 10000 100 889 23600477 83188 83949
0b002d01 0b000101 10000 100 4306 23685014 86341 86836
0b001c01 0b005b01 10000 100 184 23695187 80932 83385
0b001e01 0b006a01 10000 100 1850 23741310 109936 84756
0b004f01 0b006301 10000 100 4882057 18817269 5034691 4176352
0b000801 0b000e01 10000 100 783 23906136 41424 42264
0b004201 0b001f01 10000 100 218160 23695283 265556 266137
0b006801 0b004701 10000 100 806251 22443523 1552691 759189
0b002401 0b004d01 10000 100 2639 23981147 85731 85426
0b000601 0b006101 10000 100 182 24083743 80958 83384
0b001901 0b007d01 10000 100 982 24163890 83488 84024
0b007501 0b000901 10000 100 1814 24212280 84233 84728
0b005001 0b000901 10000 100 6572 24212755 93429 88726
0b002701 0b002b01 10000 100 359669 24007593 342349 343159
0b006f01 0b002b01 10000 100 7932 24319778 89644 89852
0b005d01 0b007201 10000 100 1745 24371417 85009 84672
0b001f01 0b003401 10000 100 7733 24382143 89196 89693
0b000401 0b007c01 10000 100 4947 24423623 90089 87349
0b004801 0b004101 10000 100 725 24486518 41332 42218
0b002501 0b006e01 10000 100 1678 24448467 84124 84619
0b006801 0b006b01 10000 100 566 24562103 41878 42091
0b007f01 0b002801 10000 100 1788714 22813894 1872878 1582868
0b002d01 0b006c01 10000 100 241 24616984 84168 83431
0b002e01 0b001301 10000 100 1099 24644614 83661 84156
0b006c01 0b005d01 10000 100 1793010 22310218 2483755 1586497
0b004501 0b002401 10000 100 760 24743349 82776 83846
0b003901 0b006e01 10000 100 1266 24792271 84665 84289
0b000701 0b005601 10000 100 603 24824203 85685 83720
0b005b01 0b000401 10000 100 712 24827571 83031 83808
0b007001 0b000201 10000 100 540 24838446 82072 83670
0b005501 0b003101 10000 100 1697 24874719 84140 84634
0b005801 0b004201 10000 100 1077 24928251 83887 84138
0b005901 0b004001 10000 100 87124 24913436 155749 156278
0b004a01 0b001f01 10000 100 266 25004814 81196 83451
0b006d01 0b004e01 10000 100 405 25016489 81640 83562
0b004f01 0b003f01 10000 100 244 25141922 81850 83433
0b003a01 0b006e01 10000 100 857 25155562 83088 83924
0b007b01 0b006f01 10000 100 1863 25177563 85016 84767
0b007101 0b000c01 10000 100 105 25233639 81409 83322
0b004a01 0b007201 10000 100 7994 25361215 89405 89902
0b001801 0b001b01 10000 100 3247 25466329 43684 44351
0b000101 0b001e01 10000 100 470 25520202 93911 83614
0b000601 0b004e01 10000 100 40928 25488954 127903 117516
0b007e01 0b007b01 10000 100 554 25604206 41058 42081
0b003501 0b006a01 10000 100 1651 25622639 86577 84597
0b006801 0b004901 10000 100 1242 25645502 85029 84270
0b001901 0b002201 10000 100 103 25654722 80672 83320
0b007201 0b007b01 10000 100 4819 25897885 44979 45647
0b005001 0b003901 10000 100 1536 25896605 84011 84505
0b003801 0b004701 10000 100 1765 25897239 85263 84688
0b002201 0b001401 10000 100 9493 25917153 90680 91178
0b006b01 0b000001 10000 100 1677405 24211208 1821701 1489559
0b001b01 0b005901 10000 100 454 25990496 81796 83601
0b002301 0b002901 10000 100 2085 26041448 43660 43383
0b003101 0b006001 10000 100 1518 26047558 83996 84491
0b001301 0b006f01 10000 100 167 26064041 81564 83372
0b000701 0b004b01 10000 100 797 26148303 82896 83876
0b005e01 0b005501 10000 100 523 26223740 41008 42056
0b007401 0b006b01 10000 100 224 26352536 81720 83417
0b005301 0b007901 10000 100 8276 26410916 89669 90166
0b002d01 0b004901 10000 100 8232 26453112 95739 90131
0b006801 0b005a01 10000 100 555 26494234 82340 83682
0b005d01 0b005001 10000 100 112 26538977 40352 41728
0b000a01 0b006d01 10000 100 1609 26530914 108169 84564
0b004d01 0b001c01 10000 100 150 26570501 81201 83358
0b001b01 0b004301 10000 100 1777 26575363 89765 84698
0b006801 0b005401 10000 100 710 26662037 83347 83806
0b005101 0b001a01 10000 100 136 26700785 80780 83347
0b001c01 0b007401 10000 100 446 26733262 81913 83595
0b004801 0b001001 10000 100 8205 26769108 89612 90109
0b004f01 0b006701 10000 100 1859 26918390 84940 84764
0b006e01 0b005301 10000 100 9482 26941845 92661 91169
0b002101 0b001901 10000 100 1785 27031805 84933 84704
0b004e01 0b007501 10000 100 440 27137406 81752 83590
0b004d01 0b003601 10000 100 7714 27144556 89469 89678
0b006301 0b006b01 10000 100 451510 26684886 765520 420164
0b002901 0b003301 10000 100 641 27405407 82396 83751
0b001d01 0b007d01 10000 100 158 27473015 81411 83364
0b006801 0b000201 10000 100 4450 27529746 92908 86952
0b006701 0b002901 10000 100 257 27547769 81168 83444
0b004d01 0b006e01 10000 100 1395 27703993 83898 84392
0b005c01 0b006701 10000 100 1033 27779283 92198 84103
0b003101 0b005201 10000 100 711 27806143 82959 83807
0b006401 0b005601 10000 100 613 27978305 82415 83728
0b002c01 0b004301 10000 100 56215 27965778 199274 130360
0b004901 0b000101 10000 100 489 28043139 145505 83629
0b003101 0b007e01 10000 100 1775 28300243 84512 84696
0b005d01 0b000401 10000 100 205 28330253 81537 83402
0b007401 0b007701 10000 100 281 28506547 41503 41863
0b005501 0b002d01 10000 100 313 28475549 82368 83488
0b003601 0b003201 10000 100 395 28578526 41004 41954
0b006901 0b006f01 10000 100 2349 28764897 42927 43594
0b007f01 0b003d01 10000 100 6379 28781208 90312 88572
0b007401 0b007201 10000 100 529 28909220 41410 42061
0b002d01 0b006401 10000 100 925 28848960 111632 83978
0b002d01 0b003501 10000 100 110 28921503 80696 83326
0b004e01 0b006b01 10000 100 179 28998951 110389 83381
0b005001 0b006b01 10000 100 311 29075438 81340 83487
0b002801 0b007801 10000 100 754 29074483 83643 83841
0b006101 0b005001 10000 100 958 29111830 83408 84004
0b004301 0b003f01 10000 100 280093 28867751 330850 318064
0b003401 0b004f01 10000 100 585 29148405 82216 83706
0b000801 0b000601 10000 100 1337 29309439 42080 42746
0b007301 0b007101 10000 100 263 29413725 40592 41848
0b004601 0b002801 10000 100 3998 29368210 88169 86552
0b005101 0b001001 10000 100 463 29400679 84211 83608
0b007b01 0b004f01 10000 100 1413 29404674 85305 84407
0b005801 0b002e01 10000 100 886 29453395 85061 83947
0b002301 0b000c01 10000 100 859399 25915654 3654640 803743
0b001f01 0b003801 10000 100 989 29510666 83614 84029
0b004001 0b000401 10000 100 83410 29467979 157102 153153
0b007901 0b000c01 10000 100 153 29585635 80832 83360
0b003601 0b003a01 10000 100 155 29633095 40420 41762
0b003601 0b002b01 10000 100 2344 29720757 84799 85190
0b006f01 0b001e01 10000 100 2824 29733353 85960 85574
0b000601 0b003a01 10000 100 847 29773424 83056 83916
0b003e01 0b005701 10000 100 819 29877467 112809 83893
0b000901 0b005201 10000 100 892990 29042500 963062 831883
0b004601 0b002501 10000 100 2456 29923612 86401 85280
0b004701 0b003701 10000 100 440232 29483366 536478 452320
0b003301 0b004d01 10000 100 1309 30150731 83829 84324
0b001301 0b006a01 10000 100 1583 30181529 86169 84543
0b002e01 0b000601 10000 100 1065 30239277 83864 84128
0b001c01 0b003001 10000 100 5610 30309128 87566 87918
0b002d01 0b003f01 10000 100 3117 30330295 87968 85847
0b000601 0b000901 10001 100 545 30380607 41044 42074
0b002e01 0b007301 10000 100 157 30404785 81598 83364
0b003d01 0b006901 10000 100 363 30426114 81504 83528
0b006c01 0b007c01 10000 100 398 30490360 81616 83556
0b005f01 0b002201 10000 100 215 30612132 81032 83410
0b001001 0b005101 10000 100 731 30639933 82684 83823
0b005001 0b004701 10000 100 130 30658789 108803 83342
0b005201 0b002a01 10000 100 1402 30731670 86418 84398
0b005901 0b001901 10000 100 555 30763249 82715 83682
0b001601 0b005301 10000 100 574 30916250 82180 83697
0b004401 0b003701 10000 100 58980 30795038 205119 132649
0b000101 0b000801 10000 100 146 30987367 40406 41755
0b007f01 0b005101 10000 100 733 30952491 82688 83824
0b005c01 0b004b01 10000 100 133 30940260 114912 83344
0b004201 0b001e01 10000 100 976177 29564168 1543395 901658
0b004601 0b007a01 10000 100 1426 30983880 161282 84417
0b005601 0b006201 10000 100 399247 30561367 605218 417957
0b003401 0b004601 10000 100 100959 30920015 249321 167845
0b005e01 0b002201 10000 100 973 31089953 83921 84016
0b006601 0b006401 10000 100 4223 31163089 44502 45170
0b004e01 0b000201 10000 100 861 31178470 83100 83927
0b002c01 0b007701 10000 100 865 31370284 83112 83930
0b001201 0b001501 10000 100 667 31425660 41240 42172
0b007201 0b000301 10000 100 1071 31658009 84018 84133
0b003201 0b006b01 10000 100 711 31668795 83253 83807
0b007f01 0b005201 10000 100 422 31729247 82565 83576
0b007d01 0b004c01 10000 100 1097 31825734 84272 84154
0b005f01 0b005001 10000 100 451 31907562 40894 41999
0b007401 0b005c01 10000 100 618 31925258 82539 83732
0b007a01 0b004201 10000 100 8681 31931968 96042 90490
0b000c01 0b006101 10000 100 717 31953199 165746 83812
0b006801 0b003a01 10000 100 938 32254482 83564 83988
0b007f01 0b006901 10000 100 94068 32233631 161570 162102
0b001201 0b003b01 10000 100 384 32406633 81572 83545
0b001601 0b007701 10000 100 1351 32470836 83863 84357
0b002c01 0b001201 10000 100 805 32509143 85706 83882
0b006d01 0b006e01 10000 100 618 32746228 41160 42132
0b004401 0b005901 10000 100 322 32737481 81698 83496
0b006201 0b007001 10000 100 817 32924457 83262 83892
0b002a01 0b001001 10000 100 1201 33066600 85446 84237
0b004e01 0b006201 10000 100 598712 30324582 2841599 585171
0b006001 0b000001 10000 100 48397 33080658 123286 123799
0b003501 0b002e01 10000 100 376 33152256 81548 83539
0b000e01 0b007b01 10000 100 148 33162548 80816 83356
0b003b01 0b002101 10001 100 442 33204373 82524 83592
0b004601 0b003301 10000 100 2750 33209160 87292 85515
0b003101 0b000701 10000 100 1562 33252140 84032 84526
0b007b01 0b002d01 10000 100 2490 33256457 84812 85307
0b005201 0b006c01 10000 100 2257096 26987434 6375643 1975584
0b006901 0b007501 10000 100 1740 33279703 84174 84668
0b005a01 0b002701 10000 100 32062 33211946 154195 110116
0b003c01 0b001801 10000 100 1601 33540387 84063 84557
0b001301 0b004901 10000 100 1811 33560974 85525 84725
0b000e01 0b002f01 10000 100 1460 33679392 83950 84444
0b001501 0b003f01 10000 100 1493 33940309 84433 84471
0b003401 0b002701 10000 100 633 34038764 82681 83744
0b001001 0b007b01 10000 100 55502 34074616 129236 129752
0b002101 0b005901 10000 100 1582904 32406516 1847483 1410310
0b005b01 0b001301 10000 100 134 34263794 80864 83345
0b005501 0b000901 10000 100 211 34288238 81609 83407
0b003501 0b003c01 10000 100 976 34535381 41734 42419
0b005a01 0b002301 10000 100 393 34545285 81600 83552
0b000c01 0b002a01 10000 100 1758 34548579 87339 84683
0b004501 0b005f01 10000 100 75749 34428819 235293 146717
0b002701 0b003701 10000 100 12028 34583517 95086 93321
0b006001 0b001001 10000 100 924 34777548 83300 83977
0b006701 0b005201 10000 100 6922 34742441 130402 89006
0b006a01 0b001e01 10000 100 257 34761735 120948 83444
0b007001 0b000c01 10000 100 824 34907164 83271 83897
0b007601 0b005e01 10000 100 939 35015642 92453 83989
0b001701 0b001f01 10000 100 484 35141266 40946 42025
0b006201 0b003f01 10000 100 4451 35145912 89661 86952
0b007401 0b005001 10000 100 2345 35151926 85735 85191
0b001201 0b000a01 10000 100 365 35176141 81512 83530
0b003d01 0b003001 10000 100 758866 34714025 676869 677838
0b004001 0b003401 10000 100 610439 34801346 598026 595013
0b001f01 0b003e01 10000 100 1466 35433260 84756 84449
0b007a01 0b005601 10000 100 1769956 33049101 2473950 1567132
0b007c01 0b005301 10000 100 1025 35479939 86512 84096
0b005001 0b001201 10000 100 610 35516305 82296 83726
0b007901 0b001a01 10000 100 9631 35639818 102556 91288
0b002901 0b007801 10000 100 1084 35662118 83649 84144
0b002201 0b003a01 10000 100 482 35803539 81888 83624
0b002501 0b001601 10000 100 486 35833571 81900 83627
0b002401 0b005401 10000 100 3960 35901373 86026 86521
0b003101 0b006a01 10000 100 534 35933722 112631 83665
0b006401 0b004601 10000 100 9436 36037250 99539 91132
0b002601 0b007d01 10000 100 310 36102848 81336 83486
0b001901 0b000701 10000 100 897 36111056 83216 83956
0b004801 0b001501 10000 100 5311 36140403 87231 87679
0b001e01 0b001601 10000 100 106 36187528 40682 41723
0b000501 0b003301 10000 100 161001 35912335 364258 218221
0b006b01 0b003f01 10000 100 417 36211429 81680 83572
0b002d01 0b000b01 10000 100 905 36223586 169305 83962
0b001f01 0b001001 10000 100 862 36453350 41552 42328
0b002801 0b000f01 10000 100 672 36469835 90926 83776
0b002901 0b004d01 10000 100 635 36608677 82376 83746
0b006d01 0b007601 10000 100 593 36621535 82240 83712
0b002501 0b003601 10000 100 1825 36672938 92252 84736
0b006701 0b001601 10000 100 1809881 31892923 5022023 1600608
0b006001 0b006101 10000 100 344 36888424 40722 41913
0b001f01 0b005701 10000 100 5745 36877831 156246 88026
0b000901 0b007201 10000 100 829 36979663 83745 83901
0b006601 0b007801 10000 100 816 37022894 96579 83891
0b002301 0b004401 10000 100 873 37050311 83467 83936
0b006801 0b004701 10001 100 2614 37066104 87192 85406
0b005801 0b005701 10000 100 14650846 15456935 21696464 12324875
0b005b01 0b001b01 10000 100 2000 37087148 86097 84876
0b005101 0b000a01 10000 100 492 37056451 119256 83632
0b004f01 0b001c01 10000 100 673 37095404 82891 83776
0b003201 0b005201 10000 100 246 37113947 82209 83435
0b000101 0b001001 10000 100 1379 37140779 83926 84380
0b004701 0b004b01 10000 100 1571 37250112 43116 42933
0b000401 0b006101 10000 100 2194 37292153 137238 85070
0b004401 0b000201 10000 100 8109 37350616 89727 90032
0b002201 0b002f01 10000 100 532 37403494 41024 42064
0b005701 0b003001 10000 100 346 37405805 81818 83515
0b006801 0b004f01 10000 100 840 37485191 83716 83910
0b001201 0b003801 10000 100 2175439 35586602 2000844 1907109
0b002001 0b007401 10000 100 334 37576424 81958 83505
0b006b01 0b005d01 10000 100 8393 37581792 96271 90260
0b007e01 0b006a01 10000 100 669635 36603393 1075788 644636
0b000301 0b004a01 10000 100 6493 37745299 135272 88663
0b001b01 0b006701 10000 100 122530 38150531 285453 185947
0b004f01 0b007201 10000 100 6534 38379921 97254 88696
0b002701 0b005401 10000 100 595 38450262 82949 83714
0b001b01 0b002901 10000 100 141 38581342 80796 83351
0b004f01 0b004501 10000 100 4245 38640219 45030 45188
0b000501 0b003101 10000 100 866 38604760 83116 83931
0b007201 0b005701 10000 100 239 38711364 81721 83429
0b004701 0b006d01 10000 100 6530 38703958 89242 88692
0b007101 0b000c01 10001 100 2331 38747705 84685 85180
0b001b01 0b007201 10000 100 213547 38765935 303052 262255
0b004801 0b000001 10000 100 827 39062516 83008 83900
0b002101 0b004901 10000 100 886 39111069 83579 83947
0b004d01 0b006701 10000 100 456 39130878 81804 83603
0b006501 0b001b01 10000 100 436 39236013 81740 83587
0b000e01 0b004f01 10000 100 244 39257393 81387 83433
0b006f01 0b007401 10000 100 320 39314629 81913 83494
0b004e01 0b006a01 10000 100 793 39285489 121175 83872
0b001701 0b001801 10000 100 981 39367265 42523 42423
0b006401 0b006101 10000 100 634 39380301 41186 42145
0b000501 0b002301 10000 100 24388 39746952 103901 103670
0b007e01 0b002901 10000 100 625 39782173 82344 83738
0b001b01 0b002a01 10000 100 672477 36668256 3264242 647024
0b007d01 0b007501 10000 100 3323 39930183 43744 44412
0b002801 0b006101 10000 100 103 40053848 88627 83320
0b007401 0b002b01 10000 100 701 40349277 82588 83799
0b003301 0b000401 10000 100 1145 40331145 108983 84192
0b001b01 0b000d01 10000 100 118 40403445 125760 83332
0b002101 0b006901 10000 100 220 40460145 82286 83414
0b003801 0b002101 10000 100 390 40510468 81592 83550
0b002a01 0b003301 10000 100 1294 40614516 87394 84312
0b003001 0b005b01 10000 100 826 40708331 83163 83899
0b005301 0b003a01 10000 100 1212 40781936 85512 84246
0b003501 0b005401 10000 100 1527 41005323 84004 84498
0b004201 0b000501 10000 100 352 41176095 81935 83520
0b004001 0b004701 10000 100 501 41238431 40974 42039
0b002e01 0b000c01 10000 100 941 41224707 84064 83991
0b006501 0b007401 10000 100 1062 41357583 84839 84126
0b005701 0b005801 10000 100 585 41421692 41108 42106
0b003001 0b001501 10000 100 27985 41450329 109594 106663
0b003101 0b001b01 10000 100 4188 41599561 89543 86742
0b003e01 0b006c01 10000 100 524 41735860 83417 83657
0b000b01 0b001301 10000 100 48946 41736337 125494 124238
0b004701 0b006901 10000 100 548 41903234 83427 83676
0b003901 0b006f01 10000 100 211 41986033 81020 83407
0b006c01 0b007c01 10001 100 272 42082332 81216 83456
0b001501 0b004401 10000 100 7217671 26439673 15730947 6134508
0b003101 0b002a01 10000 100 895 42113188 86950 83954
0b003101 0b003701 10000 100 176 42209631 40497 41779
0b007001 0b000d01 10000 100 868 42319188 111769 83932
0b007501 0b007f01 10000 100 100 42441052 40332 41718
0b006301 0b002c01 10000 100 758 42421416 83262 83844
0b007f01 0b007401 10001 100 103 42527623 40886 41720
0b000501 0b005601 10000 100 70638 42444661 200094 142436
0b005f01 0b005a01 10000 100 694 42659460 41282 42193
0b001e01 0b005201 10000 100 695 42796355 82568 83794
0b004201 0b000001 10000 100 838 42802323 83797 83908
0b005f01 0b003701 10000 100 1605 42844983 117696 84560
0b002201 0b004c01 10000 100 7868 43021176 98404 89801
0b001a01 0b004801 10000 100 164 43114558 99003 83369
0b000901 0b006e01 10000 100 1732 43194420 84857 84662
0b006801 0b004401 10000 100 604674 41193687 2143323 590171
0b000001 0b001c01 10000 100 385581 43009073 407301 406487
0b002a01 0b002f01 10000 100 3811 43376820 48698 44802
0b003201 0b007701 10000 100 1099 43394143 95405 84156
0b003501 0b000b01 10000 100 994 43451893 83588 84033
0b005301 0b001c01 10000 100 374 43465135 82195 83537
0b007a01 0b002501 10000 100 876 43481498 83148 83939
0b006f01 0b001201 10000 100 518 43483769 82029 83652
0b004d01 0b005301 10000 100 163 43462369 123052 83368
0b006b01 0b004701 10000 100 38897 43462203 185545 115815
0b001501 0b001401 10000 100 6162 43629171 48644 46798
0b002a01 0b005901 10000 100 11985 43608543 109175 93248
0b000701 0b002501 10000 100 2117 43814962 85621 85008
0b003401 0b007701 10000 100 783775 43144882 772429 740325
0b000601 0b002501 10000 100 100 43858024 80664 83318
0b005701 0b000d01 10000 100 6884058 23992449 19954026 5854830
0b007001 0b006201 10000 100 218 43928976 81776 83412
0b001501 0b006901 10000 100 288 43959669 81823 83468
0b004f01 0b005d01 10000 100 1416131 42673781 1598227 1270517
0b003401 0b001901 10000 100 598 44481182 84022 83716
0b007e01 0b002801 10000 100 1603 44574084 92833 84559
0b003201 0b007401 10000 100 247 44614379 96643 83436
0b002e01 0b006a01 10000 100 678 44695431 83126 83780
0b003a01 0b005201 10000 100 1038 45056387 84354 84107
0b003201 0b000801 10000 100 233032 44491068 877197 278611
0b001b01 0b006401 10000 100 1814 45322010 92768 84728
0b001b01 0b001301 10000 100 120 45703992 40364 41734
0b001501 0b000401 10000 100 359 45772729 81676 83525
0b005a01 0b003701 10000 100 717 45859727 83170 83812
0b000f01 0b002401 10000 100 857 45874269 83088 83924
0b000601 0b006701 10000 100 363 45875367 82131 83528
0b001801 0b003b01 10000 100 18304 46025808 98673 98572
0b004001 0b003d01 10000 100 111 46313999 80700 83327
0b004f01 0b005401 10000 100 865 46476600 83590 83930
0b006b01 0b000c01 10000 100 24319 46455954 107558 103615
0b004201 0b002501 10000 100 1985 46767660 85676 84864
0b006901 0b007a01 10000 100 2889 47036778 87184 85626
0b007e01 0b002201 10000 100 616 47247844 82316 83731
0b003101 0b005a01 10000 100 577 47319981 84178 83700
0b004f01 0b004701 10000 100 819 47510022 42228 42293
0b007e01 0b002201 10001 100 1080 47745574 84804 84140
0b005901 0b002f01 10000 100 534 47761752 82591 83665
0b007e01 0b001001 10000 100 252430 47684177 305952 294859
0b003201 0b006d01 10000 100 3426706 39220383 8893344 2956161
0b006801 0b001d01 10000 100 51030788 3143072 45052684 42867420
0b004001 0b003301 10000 100 721 48236795 82652 83815
0b003901 0b006f01 10001 100 927 48398328 83312 83980
0b002301 0b006601 10000 100 1673 48503128 84936 84615
0b003c01 0b002d01 10000 100 692963 45821125 2770089 664181
0b002301 0b003a01 10000 100 1675413 46789976 1828538 1487888
0b007701 0b000d01 10000 100 314 48572827 83383 83489
0b002801 0b005101 10000 100 5271349 33231701 15711526 4502724
