0b001101 0b004001 10000 100 157 772038 80848 83364
0b002f01 0b001501 10000 100 728 1105586 82672 83820
0b001201 0b005f01 10000 100 1427 1115883 83924 84418
0b006d01 0b001301 10000 100 9254 1218464 90489 90987
0b003901 0b001d01 10000 100 669 1290597 82484 83773
0b004501 0b005e01 10000 100 1458205 72280 1304712 1305789
0b007401 0b004101 10000 100 919 1356942 83284 83973
0b000801 0b007401 10000 100 1060 1399092 83630 84124
0b006701 0b003801 10000 100 284 1561421 81252 83465
0b002601 0b004101 10000 100 715 2621872 82632 83810
0b001501 0b005001 10000 100 126 3148513 80748 83339
0b005d01 0b007f01 10000 100 908 3347109 83248 83964
0b004f01 0b007b01 10000 100 657468 2743713 1419290 634441
0b002d01 0b001501 10000 100 1057782 3208162 969136 970052
0b005101 0b006e01 10000 100 464254 4085160 471779 472459
0b004201 0b000e01 10000 100 1772930 2377581 2250779 1569627
0b001e01 0b005801 10000 100 1016111 3800730 934241 935141
0b006101 0b003901 10000 100 744 4742607 82724 83833
0b001501 0b007d01 10000 100 612 4748234 82304 83728
0b004201 0b002901 10000 100 3100 5034108 85338 85833
0b006b01 0b005a01 10000 100 2778 5099453 85042 85537
0b006201 0b001601 10000 100 386 5205489 81580 83547
0b003301 0b006601 10000 100 362 5338211 81504 83528
0b000a01 0b003001 10000 100 1071 5634086 83639 84133
0b003601 0b005101 10000 100 1165 5661300 83714 84208
0b004b01 0b005301 10000 100 1339 6155763 83853 84348
0b000701 0b007501 10000 100 3816522 2974279 3280970 3282990
0b007201 0b004301 10000 100 453 6463109 81792 83600
0b003601 0b003b01 10000 100 204 6556624 40498 41801
0b000001 0b003e01 10000 100 139 6638561 80788 83349
0b000901 0b007801 10000 100 420 6734567 81688 83574
0b001201 0b002501 10000 100 623 6858712 82336 83736
0b005e01 0b004b01 10000 100 760 6878345 82776 83846
0b002f01 0b004701 10000 100 1287 6889020 84477 84306
0b001d01 0b007c01 10000 100 847 6945986 83056 83916
0b003801 0b003501 10000 100 400 7006592 40812 41958
0b001701 0b001101 10000 100 1355 7034534 42094 42760
0b002601 0b005301 10000 100 1241 7132552 83775 84269
0b005801 0b003d01 10000 100 819 7236100 82964 83893
0b006b01 0b003401 10000 100 1924 7371765 84321 84816
0b001f01 0b007101 10000 100 1005 7406553 83592 84080
0b007b01 0b006501 10000 100 776 7821206 82828 83859
0b006101 0b000201 10000 100 6141 7823053 89728 88381
0b003001 0b006701 10000 100 92588 7810385 160646 160841
0b000301 0b006a01 10000 100 1713 8078955 84152 84647
0b003801 0b000d01 10000 100 329 8343438 83738 83501
0b007901 0b004501 10000 100 935 8407811 83336 83986
0b004801 0b006701 10000 100 1078 8459595 83644 84139
0b000c01 0b003a01 10000 100 1339804 7407960 1224401 1206499
0b002701 0b005901 10000 100 7020 8811149 88626 89123
0b005001 0b000301 10000 100 514 8925885 81988 83649
0b003f01 0b000d01 10000 100 822956 8304555 787753 773168
0b001301 0b003601 10000 100 1093 9127463 83656 84151
0b006e01 0b006101 10000 100 6586 9279674 46469 47137
0b005801 0b002e01 10000 100 3690 9329111 85810 86305
0b003001 0b000701 10000 100 1070 9793443 83638 84132
0b002f01 0b003a01 10000 100 591 10141347 82282 83711
0b000601 0b001b01 10000 100 291 10321798 81276 83471
0b006601 0b003701 10000 100 7548 10620076 89048 89545
0b002601 0b002801 10000 100 791 10777838 41438 42271
0b001301 0b003501 10000 100 323 11062000 81609 83496
0b006e01 0b001e01 10000 100 821 11094040 82972 83895
0b002c01 0b002401 10000 100 748 12291949 41368 42236
0b007201 0b004c01 10000 100 122 12357570 80736 83336
0b003301 0b007101 10000 100 912 12442558 83264 83968
0b003901 0b001001 10000 100 271 12618856 82179 83455
0b007e01 0b000801 10000 100 275 12771031 81224 83458
0b006a01 0b005201 10000 100 555 12807452 82120 83682
0b002501 0b000601 10000 100 380 12959419 81560 83542
0b007701 0b004e01 10000 100 459 13681645 81926 83605
0b003201 0b006a01 10000 100 1079 14125757 83645 84140
0b001701 0b004701 10000 100 1277343 13110897 1153144 1154149
0b005a01 0b005f01 10000 100 170 14307922 40444 41774
0b000501 0b003801 10000 100 432856 14125392 460538 446112
0b005a01 0b005501 10000 100 952 14551924 41696 42400
0b005001 0b003601 10000 100 424 14637682 81700 83577
0b004701 0b007301 10000 100 638 14730531 82394 83748
0b002f01 0b000501 10000 100 8510412 6795829 8241783 7218352
0b000a01 0b006301 10000 100 233 15053188 81088 83424
0b000701 0b005001 10000 100 1156 15534496 83707 84201
0b003e01 0b003101 10000 100 1794389 14273065 1544655 1546039
0b001e01 0b004d01 10000 100 2886 15983591 85129 85624
0b002001 0b004601 10000 100 533 16198384 82048 83664
0b006a01 0b005b01 10000 100 350 17811009 81464 83518
0b003501 0b002201 10000 100 1915 17827820 84314 84808
0b003f01 0b001c01 10000 100 6839 18010129 89342 88940
0b007c01 0b001401 10000 100 301 18140735 81308 83479
0b007a01 0b005e01 10000 100 1720 18385538 84158 84652
0b005101 0b004f01 10000 100 473 19042530 81971 83616
0b006901 0b000b01 10000 100 50978 19327334 125426 125940
0b001701 0b000d01 10000 100 300 19502788 81304 83478
0b002501 0b004201 10000 100 187906 19463984 240175 240744
0b003501 0b002d01 10000 100 2510 19969209 84828 85323
0b004301 0b000e01 10000 100 359172 19852031 383724 384361
0b004001 0b006301 10000 100 919 20185833 83284 83973
0b000501 0b000401 10000 100 670 20300077 41244 42174
0b001f01 0b001e01 10000 100 9805 20601774 49158 49828
0b001301 0b004e01 10000 100 90961 20750551 158933 159463
0b003701 0b000301 10000 100 47325 21333202 122390 122903
0b002701 0b004101 10000 100 389 21433612 81588 83549
0b005e01 0b003901 10000 100 376 21629169 81548 83539
0b006f01 0b005b01 10000 100 4652 21776090 86618 87113
0b004101 0b007c01 10000 100 272 21818273 81396 83456
0b001f01 0b004301 10000 100 724 22088994 82660 83817
0b001a01 0b003501 10000 100 8954 22100947 90211 90708
0b001201 0b004101 10000 100 606 22163369 82284 83723
0b007101 0b002801 10000 100 153 22730525 80832 83360
0b007c01 0b003201 10000 100 1029 23095974 84847 84100
0b006201 0b006001 10000 100 248 23299466 40568 41836
0b005d01 0b006d01 10000 100 463 23298006 82120 83608
0b006e01 0b002e01 10000 100 1008 23585894 83727 84083
0b006801 0b003801 10000 100 257 23829713 81168 83444
0b007e01 0b001001 10000 100 1005 24096357 83592 84080
0b004501 0b002001 10000 100 706 24492342 83995 83803
0b006101 0b005001 10000 100 713 24794098 82624 83808
0b005101 0b002c01 10000 100 1770 24860304 84198 84692
0b006601 0b004601 10000 100 282 24863719 81248 83464
0b005a01 0b006301 10000 100 628 25478841 82599 83740
0b006a01 0b005d01 10000 100 2581 25512364 84885 85380
0b003701 0b003901 10000 100 512 25640604 40992 42048
0b004801 0b002401 10000 100 58695 25844948 131904 132421
0b005d01 0b004801 10000 100 173 26034572 80896 83376
0b007e01 0b000101 10000 100 446 26368007 81772 83595
0b004801 0b003301 10000 100 7189 26466390 88761 89258
0b005a01 0b003401 10000 100 1675 26621600 85482 84616
0b000d01 0b001301 10000 100 223 26656185 107376 83416
0b004001 0b006c01 10000 100 1282392 25712014 1218862 1158380
0b007f01 0b000a01 10000 100 242721 27453146 286117 286708
0b000a01 0b001901 10000 100 7680 27704284 89154 89651
0b004f01 0b006f01 10000 100 23129 27732938 104920 102624
0b005a01 0b004701 10000 100 324 27887481 81677 83497
0b004c01 0b002a01 10000 100 249 27920442 81140 83437
0b004b01 0b000101 10000 100 9973 27927296 91064 91562
0b007201 0b004c01 10001 100 517 28092588 83599 83652
0b004c01 0b007c01 10000 100 337 28389344 81914 83508
0b004b01 0b003701 10000 100 84372 28621320 153434 153961
0b003a01 0b001001 10000 100 440 28857678 81752 83590
0b001201 0b003401 10000 100 746 29141284 82763 83835
0b001f01 0b002e01 10000 100 1201502 28527696 1090219 1090558
0b000301 0b004501 10000 100 1340302 28811528 1205906 1206936
0b005f01 0b006d01 10000 100 977 30093184 83472 84020
0b003001 0b004d01 10000 100 1344 30643258 83857 84352
0b001d01 0b005c01 10000 100 62449 30731690 157685 135578
0b004501 0b002701 10000 100 798 30834769 82896 83876
0b007701 0b005f01 10000 100 196 30930485 82380 83395
0b001201 0b004901 10000 100 3136 30969398 85367 85862
0b005201 0b002c01 10000 100 1028 31255868 83604 84099
0b000701 0b000801 10000 100 682 31355471 41264 42184
0b002f01 0b004201 10000 100 205 31338490 81000 83402
0b004a01 0b003701 10000 100 1574127 30773040 1478930 1402981
0b003201 0b003501 10000 100 1859 32496147 42497 43164
0b002401 0b003101 10000 100 1236 32892344 83771 84265
0b003d01 0b000101 10000 100 817780 32947364 768014 768835
0b002601 0b001801 10000 100 7408 33775589 88984 89433
0b002d01 0b000401 10000 100 279 33835244 82051 83461
0b007701 0b004401 10000 100 403 33996593 81676 83560
0b004f01 0b007801 10000 100 242235 33682339 559899 286319
0b001601 0b007301 10000 100 643 34226963 82400 83752
0b000d01 0b002b01 10000 100 7876 34255701 89311 89808
0b003701 0b000d01 10000 100 583 34321686 82208 83704
0b006a01 0b007a01 10000 100 7586046 28242124 6440157 6443377
0b006f01 0b007901 10000 100 6033 34870872 87798 88295
0b000d01 0b001801 10000 100 312 35238443 81344 83488
0b002401 0b002e01 10000 100 1926 35768092 42551 43217
0b001d01 0b007601 10000 100 4652204 23849136 12030411 3983638
0b007201 0b001f01 10000 100 65734 36066498 137801 138321
0b007f01 0b007a01 10000 100 190 38272644 40476 41790
0b001701 0b000b01 10000 100 716 38818641 82636 83811
0b000d01 0b006001 10000 100 2303548 37900565 2043576 2014512
0b003501 0b002101 10000 100 7487476 33646874 6716978 6360720
0b007401 0b003901 10000 100 2925 40963674 85160 85655
0b001001 0b007301 10000 100 60807 41408752 136502 134188
0b005c01 0b007401 10000 100 1078 41973543 84477 84139
0b002901 0b004901 10000 100 2708 43605705 84986 85481
0b003f01 0b007501 10000 100 489 44135912 81974 83629
0b005801 0b006601 10000 100 905 44567671 83240 83962
0b003201 0b004801 10000 100 821 45227047 82972 83895
0b001701 0b001e01 10000 100 95912 45605208 184930 122016
0b006601 0b001101 10000 100 504 46169260 81956 83641
0b002401 0b007d01 10000 100 453 46818207 82231 83600
0b004501 0b005301 10000 100 237 48933213 81104 83428
