0b001901 0b002601 10000 100 949 168411 83380 83997
0b005101 0b006301 10000 100 241 621715 81116 83431
0b006b01 0b002901 10000 100 134 647544 80772 83345
0b000a01 0b002f01 10000 100 941 1573563 83356 83991
0b006001 0b002a01 10000 100 1335 1681936 83850 84344
0b005301 0b004601 10000 100 909 2320933 83252 83965
0b004e01 0b000201 10000 100 336 2363424 81420 83507
0b000e01 0b002901 10000 100 210 2675442 81016 83406
0b004801 0b006601 10000 100 1023 2887845 83600 84095
0b006001 0b006401 10000 100 105 3144237 40340 41722
0b004801 0b005d01 10000 100 175 3245702 80904 83378
0b002401 0b003c01 10000 100 6090 3537566 87844 88340
0b005801 0b003a01 10000 100 433 3708103 81728 83584
0b002401 0b007901 10000 100 330 3973767 81400 83502
0b007901 0b001d01 10000 100 290725 4141885 326344 326954
0b001401 0b004901 10000 100 17750 4610735 97590 98091
0b001501 0b006201 10000 100 122 4758742 80736 83336
0b005101 0b005601 10000 100 252 5022777 40576 41840
0b006101 0b001b01 10000 100 5781346 165242 4927499 4930305
0b001501 0b003001 10000 100 302 5800363 81312 83480
0b000701 0b003501 10000 100 102 6939675 81221 83320
0b002501 0b001a01 10000 100 614 6970089 82308 83729
0b002401 0b002901 10000 100 1325 8352968 42070 42736
0b006d01 0b001d01 10000 100 667 8319204 82480 83772
0b006101 0b002601 10000 100 496 8864837 81932 83635
0b003601 0b002b01 10000 100 1766941 9125226 1563405 1564605
0b004b01 0b003b01 10000 100 701 10677770 82588 83799
0b003a01 0b005301 10000 100 981725 10731559 905402 906288
0b003401 0b002301 10000 100 107 11632314 80991 83324
0b007201 0b006d01 10000 100 510 11889447 81976 83646
0b003401 0b005a01 10000 100 1795329 11460827 1587341 1588429
0b003f01 0b006101 10000 100 954 14638230 83396 84001
0b004501 0b001f01 10000 100 8138 15017463 89558 90056
0b002d01 0b002f01 10000 100 375 15555716 41112 41938
0b000801 0b004d01 10000 100 499 15873395 81940 83637
0b001701 0b001a01 10000 100 85540 16381921 112634 113334
0b007601 0b001301 10000 100 1364 16432342 83873 84368
0b005d01 0b002a01 10000 100 409 16473264 81652 83565
0b005e01 0b005201 10000 100 374423 16222147 354722 355538
0b004201 0b006001 10000 100 476 16654390 81868 83619
0b007601 0b004e01 10000 100 863 17243766 83104 83928
0b003d01 0b007001 10000 100 149058 17692512 207652 208206
0b006001 0b003301 10000 100 1818 19189032 84236 84731
0b007201 0b000401 10000 100 23255 19955227 102222 102725
0b006801 0b006f01 10000 100 1144 22101544 41925 42592
0b004101 0b003401 10000 100 1074 23912065 83641 84136
0b002801 0b006d01 10000 100 41204 24379072 117265 117776
0b003e01 0b007401 10000 100 1107 25245428 83668 84162
0b003401 0b004a01 10000 100 8359 26303449 89735 90232
0b000c01 0b002d01 10000 100 28906161 4025780 24306269 24318157
0b004501 0b003801 10000 100 1062 29438060 83632 84126
0b003401 0b002601 10000 100 437 29609389 81744 83588
0b003a01 0b003d01 10000 100 478 29863712 40936 42020
0b006d01 0b003301 10000 100 345718 29860944 372428 373060
0b007c01 0b005201 10000 100 8952 30745792 90210 90707
0b000101 0b001901 10000 100 98371 31588803 165165 165698
0b007901 0b001601 10000 100 3487 31688749 85648 86143
0b004501 0b004101 10000 100 146208 31711685 163486 164211
0b002b01 0b003201 10000 100 8098 32876676 89526 90024
0b005301 0b002701 10000 100 7940 33023209 89362 89859
0b000801 0b000d01 10000 100 2986 33212844 43437 44104
0b004401 0b003601 10000 100 63294 34947093 135773 136292
0b005e01 0b002301 10000 100 821 35553735 82972 83895
0b000d01 0b002a01 10000 100 376 36936407 81548 83539
0b005101 0b003501 10000 100 31851 36921132 109403 109909
0b003601 0b003d01 10000 100 962 37605534 41712 42408
0b003001 0b006801 10000 100 256 38973696 81164 83443
0b007c01 0b005801 10000 100 227452 40216831 273332 273916
0b007501 0b000d01 10000 100 133 43908422 80768 83344
