0b001501 0b005c01 10000 100 1029 49243 83605 84100
0b002101 0b004b01 10000 100 975 89669 83464 84018
0b000001 0b006401 10000 100 94619 154665 162011 162543
0b003901 0b007a01 10000 100 454 492831 81796 83601
0b005d01 0b002201 10000 100 793 600709 82880 83872
0b006001 0b003d01 10000 100 351 719648 81468 83519
0b006401 0b003901 10000 100 4855 933925 86780 87276
0b003101 0b006501 10000 100 625 1184823 82344 83738
0b002201 0b004c01 10000 100 405 1275383 81640 83562
0b005e01 0b004001 10000 100 1845 1339296 84258 84752
0b003701 0b004501 10000 100 1075 1365141 83642 84136
0b001801 0b000001 10000 100 424 1421426 81700 83577
0b006401 0b004a01 10000 100 604 1592714 82276 83721
0b003a01 0b000701 10000 100 504 1650338 81956 83641
0b006801 0b001301 10000 100 612 1653435 82304 83728
0b003601 0b004c01 10000 100 455 1723593 81968 83602
0b007a01 0b007101 10000 100 54205 1860348 86388 87076
0b004501 0b007f01 10000 100 1048 1983370 83620 84115
0b002701 0b007e01 10000 100 462 2126387 81824 83608
0b007801 0b007601 10000 100 593641 1769879 538419 539322
0b003f01 0b006401 10000 100 911271 1649581 846781 847237
0b001201 0b007b01 10000 100 489 2836364 81914 83629
0b006a01 0b007201 10000 100 4455 2876995 86460 86956
0b002801 0b007001 10000 100 2777103 588036 2410381 2411557
0b007c01 0b000e01 10000 100 676 2977005 82508 83779
0b007401 0b001201 10000 100 1443 3034416 83936 84431
0b004901 0b003a01 10000 100 210 3151199 81016 83406
0b007b01 0b004301 10000 100 1071 3283420 83639 84133
0b001001 0b000f01 10000 100 1303 3394865 83824 84319
0b004201 0b004d01 10000 100 477 3443331 40936 42020
0b007101 0b001c01 10000 100 313 3412017 81344 83488
0b000e01 0b001b01 10000 100 110 3510225 80696 83326
0b000601 0b007c01 10000 100 467 3881908 81840 83612
0b004501 0b003401 10000 100 1470 3955939 83958 84452
0b007c01 0b003c01 10000 100 447 3959244 81776 83596
0b002701 0b006101 10000 100 2491 4393083 84813 85308
0b002601 0b006f01 10000 100 277 4422653 81232 83460
0b005501 0b004f01 10000 100 605 4584873 82280 83722
0b000301 0b003201 10000 100 756 4665682 82764 83843
0b006b01 0b005401 10000 100 974 4682857 83460 84017
0b005d01 0b002301 10000 100 46336 4885962 121561 122073
0b004801 0b006201 10000 100 89796 4853628 157963 158492
0b007e01 0b007001 10000 100 1680219 4148916 1448987 1450325
0b004a01 0b001b01 10000 100 76296 5745047 146669 147193
0b000901 0b004201 10000 100 7129 5886103 88713 89210
0b006601 0b001201 10000 100 1555 5951122 84026 84520
0b001101 0b002101 10000 100 1423915 4807604 1275950 1277013
0b002701 0b002d01 10000 100 9266 6732202 48727 49396
0b007901 0b005501 10000 100 1391 6703669 83895 84389
0b006101 0b000e01 10000 100 655 6737849 82440 83762
0b000b01 0b000801 10000 100 76711 6760536 105229 105925
0b004c01 0b002001 10000 100 328 6887982 81392 83500
0b001201 0b001101 10000 100 399 6945558 40810 41957
0b002201 0b005a01 10000 100 29198 6954294 108877 107710
0b002c01 0b004001 10000 100 111 7176484 80700 83327
0b003a01 0b000701 10001 100 26712 7160478 105102 105606
0b005701 0b005c01 10000 100 9528 7334219 56928 49606
0b005701 0b006501 10000 100 625259 6872471 614703 607445
0b000601 0b006a01 10000 100 245 7470746 81128 83434
0b007b01 0b003901 10000 100 220 7633935 81048 83414
0b005801 0b001a01 10000 100 1015 7733184 83594 84088
0b007101 0b004f01 10000 100 1346372 6841331 1210990 1212022
0b003301 0b006e01 10000 100 9333 7975979 90552 91050
0b006d01 0b007201 10000 100 359 8003861 81492 83525
0b004001 0b000301 10000 100 303 8025034 81312 83480
0b005201 0b004a01 10000 100 9081 8108196 90351 90848
0b005e01 0b005701 10000 100 127 8206858 40376 41740
0b005f01 0b000801 10000 100 252 8190362 81152 83440
0b000d01 0b003e01 10000 100 49946 8143850 130102 125076
0b005501 0b000301 10000 100 961 8207359 83420 84007
0b007701 0b002101 10000 100 9437 8251098 90636 91133
0b004101 0b004501 10000 100 1245440 7308911 1084634 1085798
0b001d01 0b003801 10000 100 858 8341077 83088 83924
0b001201 0b006601 10000 100 910 8466333 83878 83966
0b004501 0b007101 10000 100 291 8526835 81276 83471
0b004201 0b003a01 10000 100 862 8587066 83104 83928
0b002f01 0b001d01 10000 100 1127 8678742 83684 84178
0b006501 0b007801 10000 100 211110 8560816 259650 260228
0b005701 0b000501 10000 100 453 9006674 81792 83600
0b003901 0b002501 10000 100 1066 9130122 83635 84129
0b004d01 0b006501 10000 100 5297 9154839 87172 87668
0b002f01 0b004901 10000 100 90188 9406040 158314 158844
0b004a01 0b005001 10000 100 26143 9618059 126326 105151
0b006601 0b002201 10000 100 201 9668018 81840 83399
0b005501 0b007101 10000 100 176791 9893267 230865 231429
0b001d01 0b002a01 10000 100 724 10197052 82660 83817
0b003001 0b005f01 10000 100 685 10207451 82536 83786
0b007e01 0b000f01 10000 100 470 10264298 81848 83614
0b006901 0b005401 10000 100 1269 10334057 84070 84292
0b001d01 0b007c01 10000 100 8401 10393912 89769 90266
0b001c01 0b003701 10000 100 4180 10443760 86240 86736
0b004501 0b001b01 10000 100 484 10566386 81892 83625
0b002f01 0b002a01 10000 100 8835 10813474 48344 49013
0b005d01 0b006f01 10000 100 121 10882048 83168 83335
0b003501 0b002001 10000 100 1122 11031315 83680 84174
0b001301 0b004d01 10000 100 1072 11477559 83640 84134
0b007d01 0b002801 10000 100 892 11624822 83200 83952
0b000c01 0b000d01 10000 100 7260509 5583360 6127659 6128829
0b003701 0b001f01 10000 100 1042 11736969 83616 84110
0b001e01 0b004701 10000 100 47325 11714305 122390 122903
0b007c01 0b005f01 10000 100 100 11780741 80664 83318
0b005f01 0b004c01 10000 100 3995 11918455 86054 86549
0b002a01 0b002601 10000 100 1079 12008969 41873 42540
0b003201 0b006401 10000 100 906 12084356 83355 83963
0b001101 0b000d01 10000 100 203 12253065 80992 83400
0b004701 0b000a01 10000 100 276 12267172 81228 83459
0b006601 0b003e01 10000 100 9265 12292016 90498 90996
0b005901 0b001301 10000 100 259 12376545 81172 83445
0b001801 0b001501 10000 100 164 12512565 40434 41769
0b004501 0b007f01 10001 100 280 12550810 81240 83462
0b001201 0b002b01 10000 100 29394 12582131 107361 107867
0b007701 0b005f01 10000 100 69057 12656017 140612 141133
0b001001 0b000501 10000 100 24834 12718154 103523 104027
0b005c01 0b003901 10000 100 308 12754245 81328 83484
0b007201 0b002f01 10000 100 862 12838899 83104 83928
0b003b01 0b000201 10000 100 170 13085168 80888 83374
0b006601 0b003f01 10000 100 2085 13425143 84488 84983
0b007401 0b003f01 10000 100 9691 13483663 90839 91336
0b005701 0b001e01 10000 100 959 13564424 83412 84005
0b006d01 0b002e01 10000 100 1192 13720032 85278 84230
0b002f01 0b005d01 10000 100 83140 13654298 152410 152937
0b007801 0b005c01 10000 100 403 13883484 81632 83560
0b007901 0b003601 10000 100 977 13952155 83472 84020
0b005001 0b000701 10000 100 3406 13965704 86202 86078
0b002e01 0b003f01 10000 100 49831 14000126 124471 124984
0b004201 0b002701 10000 100 300 14157718 81304 83478
0b003801 0b002b01 10000 100 1097 14215527 83660 84154
0b004901 0b001b01 10000 100 153 14318882 80832 83360
0b001601 0b007701 10000 100 8444 14311654 89803 90300
0b003901 0b004e01 10000 100 1009133 13646634 928392 929290
0b004001 0b005301 10000 100 2296 14561388 84657 85152
0b002c01 0b000601 10000 100 310 14584118 81336 83486
0b001c01 0b002b01 10000 100 1091 14986818 83655 84149
0b007a01 0b004d01 10000 100 17439 14984549 97341 97842
0b006701 0b000701 10000 100 215 15045216 81032 83410
0b006901 0b001501 10000 100 2975 15216506 85200 85695
0b004201 0b000501 10000 100 377 15534857 81552 83540
0b003b01 0b004501 10000 100 1046 15545705 83619 84113
0b002f01 0b004101 10000 100 523 15762038 82016 83656
0b005601 0b000f01 10000 100 694 15766737 82564 83793
0b004401 0b005801 10000 100 7642 15813227 89124 89620
0b004001 0b003801 10000 100 166 15837052 80876 83371
0b002101 0b000601 10000 100 678 15913750 82512 83780
0b006801 0b007201 10000 100 138 15962438 80784 83348
0b004201 0b002c01 10000 100 1200 16052484 83742 84236
0b003001 0b000201 10000 100 1818 16057176 84236 84731
0b007601 0b007e01 10000 100 9558 16195336 48960 49630
0b001d01 0b001501 10000 100 936 16273913 41670 42387
0b004b01 0b007c01 10000 100 614 16420192 82308 83729
0b007301 0b006201 10000 100 145 16608666 80808 83354
0b003f01 0b003501 10000 100 1878 17220314 42512 43179
0b000201 0b000d01 10000 100 277491 17059973 273491 274268
0b000701 0b004b01 10000 100 8757 17256334 90054 90551
0b007501 0b003601 10000 100 3477 17454663 85640 86135
0b002c01 0b006701 10000 100 294 17630772 81284 83473
0b001e01 0b000e01 10000 100 2380 17672026 84724 85219
0b003a01 0b003b01 10000 100 63284 17682154 93993 94684
0b000201 0b006301 10000 100 1894 17710544 84297 84792
0b001701 0b000f01 10000 100 2504 17731705 84823 85318
0b002501 0b007001 10000 100 1028 17777398 83604 84099
0b001c01 0b005301 10000 100 552 17984331 82112 83680
0b006d01 0b004901 10000 100 986 18115147 83500 84027
0b007801 0b001401 10000 100 79962 18149492 149716 150241
0b002701 0b001901 10000 100 1080 18242705 84134 84140
0b002f01 0b005201 10000 100 918 18394375 83280 83972
0b001401 0b003e01 10000 100 2287 18417490 84650 85144
0b005101 0b005b01 10000 100 784 18504800 41426 42265
0b007f01 0b001701 10000 100 782 18676244 82848 83864
0b004101 0b002001 10000 100 599 18766235 82260 83717
0b007901 0b000001 10000 100 6008 18946847 88022 88275
0b006501 0b007a01 10000 100 584 19082219 82212 83705
0b006601 0b006801 10000 100 103 19200023 40723 41720
0b001901 0b007601 10000 100 1118 19223917 84010 84171
0b007301 0b003c01 10000 100 2802934 17111513 2452207 2433182
0b001401 0b005f01 10000 100 841 19482287 83036 83911
0b003a01 0b007701 10000 100 1915 19785289 84314 84808
0b002601 0b006601 10000 100 110 20061676 80696 83326
0b003401 0b006401 10000 100 1169165 19037667 1116198 1063460
0b003801 0b005701 10000 100 801 20089156 82908 83879
0b004b01 0b007001 10000 100 176 20298509 80908 83379
0b001101 0b003601 10000 100 645 19779171 628896 83754
0b004c01 0b005901 10000 100 1276830 18283592 2212421 1153700
0b000001 0b005301 10000 100 4227 20444789 89229 86773
0b004b01 0b007201 10000 100 207 20469641 81008 83404
0b002f01 0b007b01 10000 100 94386 20807281 161825 162356
0b007101 0b003301 10000 100 1344 20924882 83857 84352
0b001a01 0b003801 10000 100 415 21076610 81672 83570
0b006a01 0b006501 10000 100 755 21140611 41380 42242
0b000801 0b004b01 10000 100 711 21165784 82620 83807
0b001c01 0b005201 10000 100 36441 21196750 113265 113773
0b006101 0b006a01 10000 100 3090 21299827 43558 44225
0b003701 0b007b01 10000 100 270 21283328 81208 83454
0b004501 0b005801 10000 100 67500 21323629 267250 139811
0b006d01 0b002701 10000 100 1717 21560684 84156 84650
0b000901 0b006801 10000 100 3445206 18533942 3135419 2971691
0b005601 0b000d01 10000 100 51112 21563704 125572 126086
0b003b01 0b005301 10000 100 1483 21634805 83968 84463
0b005301 0b007501 10000 100 501 21670931 82628 83639
0b003401 0b003a01 10000 100 1160 21840456 41938 42604
0b002401 0b007801 10000 100 158 21924381 80848 83364
0b007601 0b007c01 10000 100 811 21971742 41470 42287
0b007b01 0b000a01 10000 100 127 21966102 80752 83340
0b004901 0b005901 10000 100 224 22192982 81060 83417
0b001a01 0b007801 10000 100 600 22208670 82264 83718
0b005601 0b005501 10000 100 1049 22306445 41849 42516
0b006201 0b004901 10000 100 502 22382277 82260 83640
0b002401 0b001f01 10000 100 1901 22547376 85119 84797
0b002e01 0b002201 10000 100 716 22897268 41318 42211
0b003301 0b007b01 10000 100 816 22917856 82956 83891
0b004e01 0b005d01 10000 100 201 23267209 80988 83399
0b007601 0b005701 10000 100 1716 23264929 84766 84649
0b002201 0b004501 10000 100 694 23416480 82564 83793
0b004f01 0b006501 10000 100 105 23623184 80680 83322
0b006201 0b002001 10000 100 9967 23615444 91060 91557
0b000601 0b001501 10000 100 1245 23794727 83778 84272
0b007d01 0b002301 10000 100 8423 24033018 89786 90284
0b001401 0b001901 10000 100 634 24548842 41963 42145
0b007701 0b002b01 10000 100 623 24512187 83052 83736
0b002401 0b000b01 10000 100 355 24587436 81480 83522
0b002b01 0b002801 10000 100 1431906 23577939 1240923 1242113
0b002601 0b006e01 10000 100 376 24826799 81548 83539
0b002701 0b001901 10001 100 1044 24937478 83662 84112
0b004701 0b002801 10000 100 942 24949520 83360 83992
0b002801 0b001501 10000 100 7965 24978750 90195 89879
0b001301 0b003001 10000 100 6247 25104875 87970 88466
0b006701 0b004001 10000 100 346 25140265 81452 83515
0b004601 0b003501 10000 100 156 25268860 80844 83363
0b000301 0b001801 10000 100 947 25360106 83376 83996
0b004401 0b002d01 10000 100 707 25380493 82808 83804
0b004201 0b006101 10000 100 276072 25169002 317409 314694
0b006101 0b006f01 10000 100 6399 25441864 46463 46988
0b005101 0b004601 10000 100 919 25651092 83284 83973
0b006c01 0b004001 10000 100 1329 25669510 83845 84340
0b007e01 0b000c01 10000 100 4015 25692781 86108 86604
0b004901 0b002a01 10000 100 1308 25820385 85380 84323
0b002d01 0b004201 10000 100 571784 25400483 564221 562592
0b005101 0b006c01 10000 100 156 25951227 80844 83363
0b005001 0b002001 10000 100 2818 25958335 85386 85569
0b002801 0b002601 10000 100 136 26341460 40390 41747
0b007201 0b001201 10000 100 1725 26380276 84873 84656
0b005b01 0b003f01 10000 100 2294 26466484 84703 85150
0b005c01 0b005901 10000 100 524 26546105 41010 42057
0b003f01 0b007301 10000 100 7173 26707540 88748 89245
0b005201 0b007501 10000 100 844 26894265 83044 83913
0b000501 0b006501 10000 100 178 26911752 80912 83380
0b000901 0b000701 10000 100 155 26960678 40420 41762
0b001c01 0b005e01 10000 100 1374 26947351 85395 84376
0b007501 0b006a01 10000 100 915 27028096 83272 83970
0b002c01 0b000101 10000 100 417 27049699 81680 83572
0b003d01 0b005b01 10000 100 373 27118248 81536 83536
0b005801 0b001b01 10000 100 99265 26468366 843763 166452
0b002101 0b004401 10000 100 137 27273562 80784 83348
0b005201 0b001f01 10000 100 46660 27251219 121820 122332
0b001f01 0b002901 10000 100 6239 27334291 87963 88460
0b005201 0b005001 10000 100 617 27532519 41160 42132
0b000601 0b001801 10000 100 721 27496771 82652 83815
0b004901 0b001001 10000 100 1095 26908566 760555 84152
0b003f01 0b007c01 10000 100 620 27632754 82328 83734
0b000501 0b002301 10000 100 352485 27550210 378108 378743
0b006d01 0b002401 10000 100 147 28189980 80816 83356
0b003901 0b007601 10000 100 8802 28188877 90090 90587
0b004601 0b004201 10000 100 672 28456870 41946 42176
0b001301 0b003d01 10000 100 574 28522628 82192 83697
0b007b01 0b007301 10000 100 523 28577464 41008 42056
0b001601 0b003701 10000 100 7065047 22132241 6607525 6006572
0b007f01 0b004001 10000 100 3138 28789664 85464 85864
0b007401 0b007801 10000 100 1853 28895867 43042 43159
0b003501 0b007c01 10000 100 134 28954323 81049 83345
0b002b01 0b000601 10000 100 211 28996025 81773 83407
0b005c01 0b004501 10000 100 56723 28832060 288354 130767
0b007d01 0b007b01 10000 100 7055 29134248 46882 47551
0b001901 0b001701 10000 100 40517 29246723 108816 75588
0b004e01 0b006d01 10000 100 1722 29403489 84160 84654
0b007801 0b007101 10000 100 1315750 28408423 1143638 1144734
0b006401 0b005701 10000 100 1479 29582153 83965 84460
0b001001 0b004501 10000 100 247 29693057 81136 83436
0b007201 0b007c01 10000 100 1303237 28642349 1133221 1134263
0b002f01 0b003101 10000 100 1064 30001490 84795 84128
0b003101 0b003401 10000 100 979 30207688 41738 42421
0b004e01 0b007801 10000 100 373 30463630 81536 83536
0b003601 0b003001 10000 100 1055 30529366 41854 42520
0b001201 0b004301 10000 100 302 29421366 1150649 83480
0b001501 0b007001 10000 100 5856 30532113 87619 88115
0b000501 0b000701 10000 100 501 30692202 40974 42039
0b007201 0b002501 10000 100 280 30752702 81240 83462
0b006001 0b006f01 10000 100 133 30946005 40532 41744
0b007f01 0b000401 10000 100 138 31166747 82398 83348
0b002601 0b002201 10000 100 1610 31262948 42298 42964
0b006d01 0b003101 10000 100 1993 31642015 84782 84871
0b004501 0b001501 10000 100 835 31814274 83016 83906
0b004901 0b001901 10000 100 1844 31832891 84944 84752
0b005601 0b006e01 10000 100 1087 31849453 83652 84146
0b006b01 0b003301 10000 100 8304 32314925 89691 90188
0b003f01 0b000901 10000 100 7038 32637823 88880 89137
0b004f01 0b002301 10000 100 513 32746377 81984 83648
0b006101 0b007d01 10000 100 1930 32939027 84326 84820
0b001901 0b002a01 10000 100 398539 32399059 1027595 417352
0b005701 0b003f01 10000 100 60834 33312106 136704 134209
0b003101 0b003e01 10000 100 255 33432402 40580 41842
0b007c01 0b001401 10000 100 423 33407422 81696 83576
0b004401 0b003801 10000 100 883 33456173 83168 83944
0b007201 0b005c01 10000 100 897 33459259 83932 83956
0b006d01 0b003d01 10000 100 636 33500075 82380 83747
0b005301 0b000101 10000 100 587830 32745786 1058839 576043
0b006701 0b002b01 10000 100 6940 33775073 88524 89020
0b002601 0b006001 10000 100 920 33782490 83919 83974
0b003401 0b000601 10000 100 221 33849515 81052 83415
0b002a01 0b002f01 10000 100 980 33984735 41740 42422
0b004101 0b004f01 10000 100 366369 33953994 375903 348788
0b001b01 0b000b01 10000 100 1587 34247642 84052 84546
0b001b01 0b002601 10000 100 1601 34462479 84063 84557
0b007101 0b005d01 10000 100 874 34543726 83140 83937
0b002d01 0b000901 10000 100 213 34607290 81024 83408
0b002a01 0b001701 10000 100 206 34814858 81004 83403
0b007101 0b005901 10000 100 484915 34033096 871949 489756
0b002401 0b006a01 10000 100 406 34876437 81644 83563
0b002d01 0b007801 10000 100 399 34989159 82122 83557
0b004801 0b006301 10000 100 726 35143359 82668 83819
0b005901 0b001c01 10000 100 668 35163532 82736 83772
0b003801 0b005c01 10000 100 353 35270470 81472 83520
0b007401 0b006c01 10000 100 2554 35286988 85268 85358
0b005801 0b006701 10000 100 2308 35126214 255458 85161
0b001801 0b005801 10000 100 2058795 33144456 2273074 1809301
0b000101 0b006d01 10000 100 900 35406735 83224 83958
0b006e01 0b006b01 10000 100 8759 35444301 48283 48952
0b003a01 0b002a01 10000 100 2875 35407623 85120 85615
0b004901 0b006a01 10000 100 359 35545118 81492 83525
0b007a01 0b001901 10000 100 245 35693139 81689 83434
0b007501 0b005401 10000 100 813 35810443 86623 83888
0b007701 0b000301 10000 100 8025362 28235450 7693290 6811688
0b004601 0b007301 10000 100 351 35928294 81905 83519
0b003d01 0b002601 10000 100 4887 36078963 86806 87301
0b007101 0b005201 10000 100 632 36397753 82368 83744
0b002501 0b003a01 10000 100 977 36555917 83472 84020
0b001e01 0b000b01 10000 100 726 36565968 82668 83819
0b005701 0b005501 10000 100 293 36629174 40640 41872
0b007401 0b007701 10000 100 1027 36658869 41832 42498
0b007401 0b004601 10000 100 504 36920545 82131 83641
0b006201 0b001b01 10000 100 8254 37591303 89651 90148
0b001101 0b000a01 10000 100 6619 37612966 88267 88764
0b001101 0b003201 10000 100 597 37749660 82256 83716
0b006101 0b005001 10000 100 350 37825630 81464 83518
0b001801 0b005401 10000 100 5451 37843063 88653 87791
0b003601 0b003901 10000 100 84136 38133967 111473 112172
0b002701 0b003101 10000 100 478 38171671 81872 83620
0b005901 0b001001 10000 100 1005 37596059 664822 84080
0b002401 0b000801 10000 100 415 38197699 94099 83570
0b005f01 0b000701 10000 100 1680 37786618 736557 84620
0b004f01 0b005a01 10000 100 176 37746383 835533 83379
0b002001 0b003301 10000 100 443 38542837 82051 83592
0b000b01 0b003d01 10000 100 8870 38596427 96675 90641
0b004401 0b003f01 10000 100 501 38680896 81948 83639
0b000e01 0b002b01 10000 100 5870270 33947238 5009458 5004862
0b007901 0b004a01 10000 100 454 39049285 81831 83601
0b006101 0b000f01 10000 100 67980 39129195 139674 140195
0b000901 0b002e01 10000 100 1634 39078577 362586 84584
0b003301 0b002901 10000 100 8348 39383622 89726 90224
0b007f01 0b005a01 10000 100 1584042 36240555 3235579 1411297
0b005301 0b001901 10000 100 6249 39394903 89249 88468
0b002e01 0b006901 10000 100 1759 39401464 84189 84684
0b002401 0b007401 10000 100 1258360 37928605 1703607 1138233
0b000d01 0b007d01 10000 100 784 39750242 82852 83865
0b007c01 0b003301 10000 100 1241 39794823 83775 84269
0b007e01 0b004d01 10000 100 1014 39883169 83593 84088
0b007701 0b003c01 10000 100 1005 39893246 83592 84080
0b006c01 0b006701 10000 100 651 40086223 41214 42159
0b001b01 0b007701 10000 100 106 40099715 80684 83323
0b001401 0b004f01 10000 100 1262 40164889 84802 84286
0b006e01 0b001a01 10000 100 918 40199804 83280 83972
0b004b01 0b001d01 10000 100 55703 40165105 139548 129912
0b006201 0b006f01 10000 100 1235 40290138 41998 42664
0b004501 0b004401 10000 100 941 40382120 41678 42391
0b007a01 0b003601 10000 100 1009 40425919 83592 84084
0b002801 0b006801 10000 100 755 40463469 82760 83842
0b005b01 0b000d01 10000 100 530 40616438 82040 83662
0b000901 0b007401 10000 100 1341 40650739 83855 84349
0b004301 0b007d01 10000 100 124 40717396 80740 83337
0b000501 0b004d01 10000 100 1512 40788217 83992 84486
0b000d01 0b006301 10000 100 1301 40862224 83823 84317
0b007d01 0b001e01 10000 100 237 41234725 81233 83428
0b002a01 0b002c01 10000 100 542 41341429 41040 42072
0b005b01 0b004501 10000 100 342 41478707 81440 83512
0b000101 0b000001 10000 100 798 41549538 41448 42276
0b001501 0b001b01 10000 100 920 41639213 41644 42374
0b005201 0b007b01 10000 100 209 41661298 81815 83405
0b000701 0b002301 10000 100 3640 41782018 88254 86265
0b007f01 0b002001 10000 100 1078267 40893968 986322 987247
0b006101 0b004f01 10000 100 306 41801783 81324 83483
0b007501 0b007d01 10000 100 1004 42067865 41820 42480
0b001001 0b004101 10000 100 257 42088151 81696 83444
0b007c01 0b004201 10000 100 449 42378986 81780 83597
0b000c01 0b003d01 10000 100 105 42427324 80805 83322
0b001d01 0b003a01 10000 100 1069 42491097 84354 84132
0b002901 0b002301 10000 100 451 42539686 40894 41999
0b006001 0b002401 10000 100 15121223 29062329 13798675 12760863
0b006f01 0b004e01 10000 100 125 43232556 80775 83338
0b000201 0b007501 10000 100 367 43239359 81520 83532
0b007301 0b005a01 10000 100 774 43231977 132383 83857
0b005701 0b007601 10000 100 917 43283504 83280 83972
0b002201 0b006601 10000 100 373 43390382 81536 83536
0b005d01 0b007101 10000 100 7728 43395774 89192 89689
0b002e01 0b002501 10000 100 656 43517091 41222 42163
0b007901 0b000e01 10000 100 1108 43586109 83668 84163
0b007201 0b002b01 10000 100 1046 43647333 83619 84113
0b005101 0b004701 10000 100 255 43728717 81376 83442
0b007a01 0b006601 10000 100 762 43947675 82784 83848
0b002c01 0b002201 10000 100 266 44005942 40598 41851
0b001b01 0b002101 10000 100 608 44004035 82288 83724
0b003501 0b005e01 10000 100 946 44426514 83623 83995
0b003c01 0b006901 10000 100 282 44695779 81394 83464
0b006e01 0b007d01 10000 100 76328 44883060 146694 147219
0b006f01 0b005501 10000 100 317 44983112 81431 83492
0b004b01 0b004f01 10000 100 883 45034749 41584 42344
0b006101 0b002601 10000 100 470 45038274 81848 83614
0b001301 0b004801 10000 100 6086664 39336944 6042279 5186272
0b005001 0b004e01 10000 100 688 44660410 784225 83788
0b000701 0b000901 10000 100 7245 45434573 47034 47703
0b007301 0b001201 10000 100 1095 45592110 85003 84152
0b003901 0b006401 10000 100 97617 45518742 207998 165056
0b003c01 0b007c01 10000 100 357816 45140937 681317 383200
0b005201 0b002a01 10000 100 1191364 44969678 1217652 1082064
0b003c01 0b004c01 10000 100 1768487 44362401 1927092 1565919
0b007901 0b004b01 10000 100 847 46235612 83056 83916
0b007e01 0b002301 10000 100 675 46240760 82504 83778
0b005401 0b000001 10000 100 470 46536272 83987 83614
0b001501 0b006401 10000 100 9457 46613667 97474 91149
0b003101 0b007401 10000 100 1447245 45435865 1337000 1296599
0b002a01 0b004f01 10000 100 182 46784176 80928 83384
0b003e01 0b007e01 10000 100 41945 46972020 117858 118368
0b005401 0b005001 10000 100 3737313 42220594 4890957 3174989
0b006601 0b005501 10000 100 5643 47045765 87448 87944
0b000001 0b001001 10000 100 316 47324567 81934 83491
0b000e01 0b001501 10000 100 459 47373585 81812 83605
0b006001 0b003e01 10000 100 154 47467211 80836 83361
0b000701 0b005101 10000 100 9763 47490492 90896 91394
0b000c01 0b004501 10000 100 1080 47537774 83750 84140
0b005d01 0b006901 10000 100 826 47724705 82988 83899
0b000801 0b004101 10000 100 782243 47174922 751572 739061
0b005f01 0b005601 10000 100 584 47994938 41144 42105
0b006b01 0b004d01 10000 100 1430 48013726 85507 84420
0b001701 0b002301 10000 100 291 48254413 81276 83471
0b002801 0b004b01 10000 100 482 48254935 81888 83624
0b000601 0b004d01 10000 100 445 48298844 82287 83594
0b002401 0b001d01 10000 100 665 48575301 91070 83770
0b002101 0b005101 10000 100 563 48776264 83884 83688
0b007001 0b004101 10000 100 1792 48821599 84216 84710
0b000401 0b007801 10000 100 9242 48820419 90480 90977
0b006c01 0b003901 10000 100 1693 48935844 84728 84631
0b000b01 0b002901 10000 100 123 49495113 80767 83336
0b007e01 0b006801 10000 100 2383 49587726 85922 85221
0b002c01 0b000f01 10000 100 690 49640523 83233 83790
0b007c01 0b005301 10000 100 8592 49702987 89922 90419
0b007b01 0b006101 10000 100 152 49751208 80832 83360
0b002a01 0b001401 10000 100 231 50017609 81084 83423
0b001001 0b003f01 10000 100 5819414 45258739 4967599 4962219
0b007f01 0b001001 10000 100 2924 50145483 85255 85654
0b001401 0b007a01 10000 100 2082 50152049 84486 84980
0b003f01 0b004501 10000 100 40042 50174580 117450 116808
0b006801 0b003601 10000 100 3867 50206460 86048 86447
0b007001 0b007701 10000 100 866 50267740 41558 42331
0b000101 0b006501 10000 100 5006937 46434686 4278570 4281018
0b007501 0b004e01 10000 100 367 50698906 81520 83532
0b005b01 0b003601 10000 100 2010 50719306 84478 84923
0b005101 0b004e01 10000 100 616 50756568 82316 83731
0b007301 0b000d01 10000 100 500 50761292 81944 83638
0b007101 0b007c01 10000 100 189 50897707 40474 41789
0b004201 0b002501 10000 100 170 50858263 80888 83374
0b003101 0b002401 10000 100 68327 50828222 147437 140511
0b002e01 0b005c01 10000 100 636 51047571 82380 83747
0b005801 0b005001 10000 100 824 51246586 41490 42297
0b004401 0b003801 10001 100 799 51229870 83218 83877
0b002101 0b006701 10000 100 3856417 48012602 3316962 3316442
0b006101 0b004001 10000 100 480 51405455 81880 83622
0b004001 0b000301 10001 100 1005 51491337 83592 84080
0b002201 0b001201 10000 100 169 51551664 81464 83373
0b001401 0b006f01 10000 100 896 51709359 83212 83955
0b005e01 0b004101 10000 100 54825 51678625 135981 129172
0b007701 0b004901 10000 100 465 51806669 81832 83610
0b004a01 0b002301 10000 100 4890 52055901 93696 87304
0b003401 0b000401 10000 100 140115 51992829 200156 200706
0b004401 0b006401 10000 100 3833 51999487 330230 86420
0b006401 0b001901 10000 100 1026 52581275 85203 84097
0b006e01 0b007601 10000 100 1211 52597005 83751 84245
0b003901 0b001a01 10000 100 257 52692504 81168 83444
0b003c01 0b006801 10000 100 217 52693208 81040 83412
0b001201 0b000801 10000 100 838 52784945 83024 83908
0b004a01 0b005a01 10000 100 7893779 33105039 19780913 6701352
0b004301 0b006b01 10000 100 1040 52859602 83614 84108
0b003f01 0b005801 10000 100 2739 52795684 168411 85506
0b004a01 0b001801 10000 100 1648 52919479 84683 84595
0b005d01 0b007201 10000 100 1494 53006064 83977 84472
0b002901 0b002001 10000 100 674 53290622 41250 42177
0b004101 0b005801 10000 100 11078734 25408091 27925136 9371620
0b006d01 0b005d01 10000 100 590 53280681 82232 83710
0b004801 0b005c01 10000 100 1341 53376896 84408 84349
0b001a01 0b003601 10000 100 3704 53562925 85821 86316
0b003f01 0b004501 10001 100 332 53635037 81408 83504
0b001b01 0b004801 10000 100 513 53738637 81984 83648
0b007101 0b004d01 10000 100 762 53756393 83314 83848
0b001801 0b005901 10000 100 452 53780670 81792 83600
0b004a01 0b004d01 10000 100 6194237 46922871 6952139 5234877
0b000501 0b006701 10000 100 20426 53778504 99845 100347
0b003a01 0b004701 10000 100 1720 53888060 84158 84652
0b006601 0b006c01 10000 100 557 54608174 41064 42084
0b004f01 0b006801 10000 100 510 54595350 81976 83646
0b005c01 0b007401 10000 100 1035338 53724635 1000776 951252
0b002b01 0b000801 10000 100 7287 54673439 88840 89336
0b006401 0b007401 10000 100 214 54759667 81028 83409
0b001f01 0b000b01 10000 100 113 54779847 80704 83328
0b004701 0b004c01 10000 100 362 55237219 40752 41928
0b004701 0b001701 10000 100 4824 55202814 87682 87251
0b000901 0b000801 10000 100 9684 55279799 49061 49731
0b004d01 0b006901 10000 100 723 55552915 82656 83816
0b003f01 0b005a01 10000 100 50828 55563047 265460 125820
0b004601 0b003801 10000 100 208 55838893 81523 83404
0b007d01 0b004c01 10000 100 374 55967729 82020 83537
0b003101 0b005101 10000 100 1429 56006907 85142 84420
0b000201 0b002d01 10000 100 1867 56143168 84276 84770
0b001601 0b006e01 10000 100 1523 56680335 84000 84495
0b005c01 0b004601 10000 100 42610 56664073 121575 118939
0b001101 0b003201 10001 100 275 56753625 81224 83458
0b007601 0b005801 10000 100 321254 56501764 351945 352568
0b005a01 0b004701 10000 100 74982 56820952 147601 146065
0b002501 0b007e01 10000 100 177 56945195 80912 83380
0b002401 0b002601 10000 100 549 57152710 41050 42077
0b004f01 0b001801 10000 100 842982 55776711 1456480 789956
0b000401 0b001d01 10000 100 276 57159629 81228 83459
0b003101 0b002401 10001 100 1064 57229972 84454 84128
0b004401 0b005c01 10000 100 325 57353581 81384 83498
0b007c01 0b005e01 10000 100 175 57578428 81374 83378
0b002601 0b004901 10000 100 667 57618165 82763 83772
0b006c01 0b000701 10000 100 513 57693053 81984 83648
0b002601 0b006101 10000 100 144 57736352 80804 83353
0b002201 0b004101 10000 100 578 57780388 82192 83700
0b006b01 0b003601 10000 100 882 57859264 83168 83944
0b003d01 0b005001 10000 100 1057 57901406 84401 84122
0b005f01 0b001f01 10000 100 165 58142104 80872 83370
0b003b01 0b000e01 10000 100 818 58167591 83719 83892
0b007001 0b005501 10000 100 1867 58217003 85008 84770
0b000801 0b007601 10000 100 137 58265555 80784 83348
0b001601 0b006201 10000 100 606 58450565 82284 83723
0b003401 0b003901 10000 100 995 58546317 41764 42434
0b006101 0b007d01 10001 100 6068 58883032 87826 88323
0b005e01 0b006e01 10000 100 173 59024568 82540 83376
0b004d01 0b003b01 10000 100 206 59403238 81004 83403
0b000301 0b005f01 10000 100 64146 59585105 192300 137012
0b006f01 0b002701 10000 100 545 59868696 82088 83674
0b000b01 0b002901 10001 100 7055 60072459 88654 89151
0b005101 0b006b01 10000 100 6301 60004199 168420 88509
0b001801 0b000601 10000 100 441 60243756 81756 83591
0b002901 0b004101 10000 100 175 60338951 80966 83378
0b003601 0b006901 10000 100 36398 60543218 113230 113739
0b005a01 0b005b01 10000 100 129 60684309 41062 41741
0b003401 0b006201 10000 100 1041 60646849 83615 84109
0b000301 0b001101 10000 100 203 60793093 80992 83400
0b000801 0b001001 10000 100 2706 60873172 84985 85480
0b007101 0b007e01 10000 100 313 60919466 40672 41888
0b007201 0b005201 10000 100 9603 60942795 97450 91266
0b006d01 0b006001 10000 100 416 61051321 40838 41971
0b006f01 0b003e01 10000 100 86964 61023273 155583 156112
0b002601 0b005f01 10000 100 281 61440807 81244 83463
0b007501 0b002801 10000 100 193 61512543 80960 83392
0b006f01 0b001101 10000 100 3960 61516384 86026 86521
0b005d01 0b007701 10000 100 789 61526516 83168 83869
0b000201 0b004201 10000 100 1844 61885495 84257 84752
0b007201 0b001401 10000 100 657421 61555947 633647 634404
0b004701 0b007501 10000 100 201 62203612 81461 83399
0b007301 0b006201 10001 100 450 62285328 81784 83598
0b001201 0b001301 10000 100 358 62367751 40744 41924
0b001701 0b000001 10000 100 816 62353273 82956 83891
0b003a01 0b002001 10000 100 110 62782863 81316 83326
0b001001 0b004401 10000 100 1576 62792296 84588 84537
0b003301 0b004601 10000 100 10170 62820682 92160 91758
0b000901 0b005501 10000 100 5878 63012046 87636 88132
0b006201 0b003901 10000 100 487 63401350 81904 83628
0b006901 0b000001 10000 100 1667 63440947 84116 84610
0b004701 0b001701 10001 100 7643 63489560 89124 89621
0b004201 0b004101 10000 100 693 63541914 41280 42192
0b005301 0b004501 10000 100 581 64004496 108349 83703
0b003b01 0b005201 10000 100 137 64086900 80784 83348
0b007f01 0b004801 10000 100 556 64360157 83000 83683
0b000b01 0b007701 10000 100 520 64502970 82008 83654
0b003801 0b005801 10000 100 103 64683285 81489 83320
0b000a01 0b006001 10000 100 315 64792179 81352 83490
0b004701 0b005901 10000 100 1065 65021917 83634 84128
0b007d01 0b000401 10000 100 321 65062301 81372 83495
0b006801 0b006a01 10000 100 8161 65135932 47805 48474
0b005601 0b000301 10000 100 279 65306184 81587 83461
0b005f01 0b000001 10000 100 112 65377058 80704 83328
0b004001 0b002901 10000 100 150 65377734 80824 83358
0b003d01 0b001e01 10000 100 7702 65553866 89172 89668
0b006b01 0b001a01 10000 100 44244 65541789 119811 120323
0b005901 0b001501 10000 100 265 65718743 81977 83450
0b006a01 0b002a01 10000 100 146 65852103 81154 83355
0b005301 0b006b01 10000 100 797 66093897 82896 83876
0b006e01 0b005201 10000 100 377 66095882 81552 83540
0b000401 0b006e01 10000 100 151 66182607 80828 83359
0b006401 0b001401 10000 100 540 66190352 82072 83670
0b007001 0b007501 10000 100 906 66281628 41622 42363
0b004301 0b004f01 10000 100 8462 66279526 48046 48715
0b004501 0b006301 10000 100 3175 66613817 85398 85893
0b006701 0b006b01 10000 100 256 66734154 40582 41843
0b001b01 0b007101 10000 100 873 66744143 83136 83936
0b006e01 0b007601 10001 100 54123 66726707 130494 128610
0b000c01 0b002b01 10000 100 2521 66796511 88722 85332
0b007201 0b003501 10000 100 45672 66860497 193293 121504
0b001201 0b003501 10000 100 383 67208861 81613 83544
0b007501 0b004101 10000 100 209 67341092 81012 83405
0b001a01 0b004d01 10000 100 8344 67535488 89723 90220
0b002a01 0b007301 10000 100 446 67872847 82860 83595
0b006801 0b000901 10000 100 452 67914460 81900 83600
0b004301 0b004f01 10001 100 131 68161261 40382 41743
0b007f01 0b001601 10000 100 489 68373369 82228 83629
0b007c01 0b007501 10000 100 655 68509297 41220 42162
0b007101 0b006b01 10000 100 871 68635854 83761 83935
0b005701 0b002101 10000 100 185 68861938 80936 83386
0b006c01 0b002101 10000 100 456 68958810 81804 83603
0b001f01 0b004e01 10000 100 481 69090003 81884 83623
0b003501 0b001901 10000 100 165 69366643 80894 83370
0b007301 0b002201 10000 100 20021 69519746 99521 100023
0b002701 0b001301 10000 100 174 69567553 80900 83377
0b005b01 0b006101 10000 100 1761 69762186 84344 84685
0b007001 0b006b01 10000 100 5344 69904717 87209 87705
0b006b01 0b002101 10000 100 5064 69982518 87081 87481
0b001a01 0b003801 10001 100 581 70177075 82204 83703
0b002601 0b004b01 10000 100 9964 70181762 91460 91555
0b004001 0b005001 10000 100 1594 70191106 84357 84552
0b006c01 0b004c01 10000 100 259759 70027495 300489 300991
0b006401 0b007201 10000 100 8797 70353486 96304 90583
0b005501 0b003f01 10000 100 2855 70378448 85104 85599
0b002f01 0b003901 10000 100 4847 70732311 86774 87269
0b002501 0b007201 10000 100 306 71119709 81324 83483
0b004401 0b003a01 10000 100 5318 71196538 90540 87684
0b002201 0b000f01 10000 100 2857 71357301 89762 85600
0b005101 0b007101 10000 100 497 71487462 81936 83636
0b007901 0b006001 10000 100 780 71581383 82840 83862
0b000a01 0b006f01 10000 100 7624 71920959 89109 89606
0b001101 0b007001 10000 100 269 71715395 409729 83453
0b006801 0b002701 10000 100 504 72038575 87444 83641
0b003301 0b004101 10000 100 837 72099383 83024 83908
0b002101 0b005501 10000 100 1789 72135740 84213 84708
0b004801 0b001901 10000 100 704 71530412 736205 83801
0b002e01 0b001301 10000 100 349 72274481 81460 83517
0b000001 0b000201 10000 100 662 72606607 41232 42168
0b000a01 0b003901 10000 100 6390 72627044 88084 88580
0b000001 0b004e01 10000 100 643 72083241 636554 83752
0b005501 0b000001 10000 100 219 72800506 81044 83413
0b005801 0b007f01 10000 100 838 72802317 84369 83908
0b004a01 0b004401 10000 100 638 72888424 41192 42148
0b001f01 0b003901 10000 100 4294 72929387 86331 86827
0b000501 0b007601 10000 100 312799 72747065 344839 345458
0b004401 0b005a01 10000 100 35786832 27497767 45598598 30086886
0b003301 0b001701 10000 100 142 73220239 81061 83352
0b004501 0b000b01 10000 100 77436 73199392 266394 148144
0b007d01 0b000101 10000 100 8838169 65560328 7955809 7493152
0b004a01 0b003f01 10000 100 6015 73445122 88622 88280
0b001601 0b007701 10001 100 112 73732803 81107 83328
0b005201 0b004a01 10001 100 165 73776359 113004 83370
0b006101 0b002701 10000 100 7750 74739668 90047 89707
0b003301 0b007101 10000 100 13125 74785633 94266 94237
0b004f01 0b001d01 10000 100 6108 74811690 89049 88355
0b000f01 0b007e01 10000 100 1567 74876501 85154 84530
0b001401 0b006001 10000 100 4026 74907752 86117 86612
0b001e01 0b003401 10000 100 1394036 73746762 1250945 1251996
0b004f01 0b002101 10000 100 119 75064312 80724 83333
0b004101 0b004501 10001 100 1440137 73960609 1247802 1249044
0b001401 0b001701 10000 100 2056 75206980 42741 43360
0b004e01 0b005301 10000 100 1329 75238193 83845 84340
0b001001 0b000601 10000 100 632 75290728 82368 83744
0b002901 0b004b01 10000 100 495 75310847 82063 83634
0b001701 0b005001 10000 100 2371849 72011278 3398551 2071764
0b000901 0b001d01 10000 100 8002 75457522 90585 89947
0b004101 0b004001 10000 100 1731 75537798 42395 43061
0b005b01 0b006e01 10000 100 179 75554702 80916 83381
0b006501 0b003301 10000 100 1813 75551584 84629 84727
0b001801 0b000201 10000 100 822 75604237 82976 83896
0b001701 0b000501 10000 100 451 75631182 81788 83599
0b003301 0b001801 10000 100 151 75819195 80828 83359
0b003001 0b000101 10000 100 47676 76141247 123066 123184
0b004801 0b002a01 10000 100 661 76378388 82585 83767
0b004201 0b005f01 10000 100 6555 76779091 129087 88712
0b000c01 0b002f01 10000 100 485 76855979 81896 83626
0b005001 0b003801 10000 100 4765 76888875 86852 87204
0b005001 0b001601 10000 100 1076 76954300 83643 84137
0b001701 0b004501 10000 100 526 77005701 82640 83659
0b003b01 0b006601 10000 100 4874 77136583 86795 87291
0b002101 0b003b01 10000 100 9882 77207111 175092 91489
0b002901 0b001101 10000 100 27033 77291467 105396 105901
0b004401 0b006d01 10000 100 2124 77835478 84615 85014
0b007901 0b004301 10000 100 189 78494088 82887 83389
0b002d01 0b005801 10000 100 2961 78527850 85189 85684
0b004301 0b004601 10000 100 565 78332218 291012 42090
0b003601 0b006201 10000 100 3148 78608668 85376 85872
0b002401 0b004701 10000 100 210 78702870 81606 83406
0b003d01 0b002801 10000 100 737 78757236 82704 83828
0b005001 0b000c01 10000 100 412 78838703 82787 83568
0b002701 0b006d01 10000 100 376 78874482 81548 83539
0b002701 0b002a01 10000 100 129 79095054 40513 41741
0b005501 0b005e01 10000 100 178 79114998 40815 41780
0b001001 0b005b01 10000 100 31049 79219705 108761 109268
0b002401 0b002101 10000 100 342 79354180 40720 41912
0b007f01 0b000f01 10000 100 7655369 72756286 6919950 6501485
0b001401 0b002901 10000 100 5623 79593190 91927 87928
0b003e01 0b000e01 10000 100 1172 79630440 176618 84214
0b005201 0b005001 10001 100 6571 79772038 48219 47125
0b001401 0b004601 10000 100 65970 79441487 432272 138510
0b001501 0b000501 10000 100 527 79976583 88914 83660
0b002701 0b002301 10000 100 868 80340482 42397 42332
0b002501 0b007e01 10001 100 1025402 78389682 2058233 942920
0b004101 0b000f01 10000 100 351010 80070073 401276 377524
0b004c01 0b001b01 10000 100 584 80569934 83747 83705
0b003701 0b004301 10000 100 3846353 76790607 4050945 3308007
0b004601 0b007b01 10000 100 701 81001231 82756 83799
0b005a01 0b001801 10000 100 3368428 78196885 2906023 2907312
0b000401 0b002601 10000 100 224 80699226 457983 83417
0b006101 0b006701 10000 100 367 81330618 40760 41932
0b001e01 0b004b01 10000 100 978 81408979 83472 84020
0b002901 0b003501 10000 100 562 81418413 83414 83688
0b004c01 0b006901 10000 100 1505 81620174 83986 84480
0b001f01 0b006001 10000 100 2653 81693559 87759 85437
0b002a01 0b001201 10000 100 506 81698096 83345 83643
0b007d01 0b001c01 10000 100 1150 81863465 83702 84196
0b000501 0b002601 10000 100 1510 81924847 84422 84484
0b003a01 0b000001 10000 100 661 82023119 82460 83767
0b003a01 0b004001 10000 100 627 82133098 82352 83740
0b004301 0b002b01 10000 100 519 82297334 82004 83653
0b003901 0b005401 10000 100 542 82748932 82080 83672
0b000801 0b002201 10000 100 713 82934752 82624 83808
0b001f01 0b002301 10000 100 8176900 75745733 7327954 6938716
0b005001 0b005401 10000 100 6212 83092817 46266 46838
0b005301 0b007701 10000 100 2996 83219900 85827 85712
0b004f01 0b006401 10000 100 204 83858758 81043 83401
0b003c01 0b003b01 10000 100 519 83870317 109428 42053
0b002101 0b006801 10000 100 77417 83964908 147609 148128
0b005a01 0b000801 10000 100 229 84151824 81838 83421
0b001001 0b005001 10000 100 569 84195963 88803 83693
0b003701 0b005f01 10000 100 1366 84241839 83875 84369
0b002a01 0b005e01 10000 100 8539 84591843 102516 90376
0b007901 0b005101 10000 100 8562 85032803 97780 90395
0b002201 0b005201 10000 100 27368 85148522 106912 106169
0b002901 0b003701 10000 100 83271 85183575 217781 153042
0b005c01 0b006a01 10000 100 459 85475248 81812 83605
0b002601 0b002e01 10000 100 1247 85572885 42008 42674
0b007201 0b001601 10000 100 178 85646607 81196 83380
0b005601 0b007601 10000 100 1671 85733850 84119 84613
0b006101 0b003c01 10000 100 1264 85926269 246894 84288
0b001101 0b000001 10000 100 262 86095791 81610 83448
0b003101 0b001701 10000 100 5274 86299866 95423 87649
0b001b01 0b002601 10001 100 101 86377269 80668 83319
0b002201 0b002801 10000 100 1718 86456339 42384 43051
0b003101 0b000a01 10000 100 1156 86572201 84091 84201
0b000b01 0b003a01 10000 100 1032 87177769 83608 84102
0b004201 0b007001 10000 100 1756297 84432995 3025719 1555706
0b006501 0b007501 10000 100 3352 87699940 85818 86035
0b000d01 0b000f01 10000 100 6975 87788042 46780 47448
0b002001 0b006e01 10000 100 331 87881627 81404 83503
0b004101 0b006f01 10000 100 130 87941584 80760 83342
0b007201 0b006d01 10000 100 1707 87993385 84148 84642
0b007c01 0b004601 10000 100 17448007 71780720 16595922 14711647
0b001f01 0b004301 10000 100 1326 88311109 83843 84337
0b005a01 0b006201 10000 100 610 88356584 82296 83726
0b005a01 0b004301 10000 100 1804 88464572 84225 84720
0b002501 0b002001 10000 100 864 88817734 41554 42329
0b003e01 0b007e01 10001 100 166 88868465 80906 83371
0b000501 0b004e01 10000 100 9831946 79630485 9661265 8326305
0b004301 0b001101 10000 100 388 89287895 81703 83548
0b006c01 0b006501 10000 100 525 89391832 41876 42058
0b005401 0b000601 10000 100 348 89547179 81456 83516
0b004201 0b006501 10000 100 19646995 67997816 22611586 16555240
0b007a01 0b002401 10000 100 9482007 82656824 8028670 8032952
0b007a01 0b003e01 10000 100 467 90717328 81840 83612
0b005201 0b002801 10000 100 1790 90781250 84317 84708
0b005a01 0b007901 10000 100 1058 91227806 149977 84123
0b003d01 0b003001 10000 100 456 91370778 40918 42003
0b007a01 0b000601 10000 100 746342 90811750 708166 708958
0b000c01 0b007f01 10000 100 1833 91500031 85452 84743
0b000901 0b000001 10000 100 325 92198254 40692 41898
0b003b01 0b007e01 10000 100 574 92293030 82180 83697
0b002701 0b000d01 10000 100 15646 92477096 95831 96331
0b004401 0b003101 10000 100 3752 92883048 89132 86355
0b006c01 0b004801 10000 100 24870 93243828 103552 104056
0b004101 0b000501 10000 100 586 93841475 82549 83707
0b001b01 0b002c01 10000 100 132 93853011 81154 83344
0b002901 0b000e01 10000 100 213 94080199 81812 83408
0b004f01 0b000101 10000 100 1270 94325540 83798 84292
0b004e01 0b001201 10000 100 1438 94907213 84320 84427
0b006201 0b001001 10000 100 162 95000010 81394 83368
0b003b01 0b005201 10001 100 1530 95016934 84006 84500
0b004101 0b003901 10000 100 1201 95086546 83743 84237
0b005201 0b001c01 10000 100 7769 95702116 94849 89722
0b003b01 0b003801 10000 100 867 96070553 41560 42332
0b002d01 0b005901 10000 100 1021473 94331434 1852734 939623
0b000b01 0b004801 10000 100 255 96667893 81160 83442
0b005a01 0b000701 10000 100 342 97116425 81440 83512
0b005a01 0b004801 10000 100 2031 97485403 84541 84940
0b001901 0b005e01 10000 100 89845362 17249155 80828167 75409576
0b002d01 0b005a01 10000 100 205 98941079 81000 83402
