0b004f01 0b001801 10000 100 805 52450 82920 83882
0b003c01 0b002401 10000 100 1413 158501 83912 84407
0b000301 0b004801 10000 100 1050 233335 83622 84116
0b003c01 0b006801 10000 100 220 287491 81048 83414
0b001b01 0b003b01 10000 100 514 287534 81988 83649
0b005e01 0b001a01 10000 100 472 605027 81856 83616
0b000601 0b000a01 10000 100 347 656527 40728 41916
0b006001 0b006d01 10000 100 674 677482 41250 42177
0b002801 0b001201 10000 100 171 637850 80892 83375
0b005401 0b007401 10000 100 194 917917 80964 83393
0b000501 0b002501 10000 100 38626 922599 119861 115598
0b001b01 0b000b01 10000 100 113537 889169 177868 178407
0b007601 0b002001 10000 100 5087 1053196 92328 87500
0b007901 0b007601 10000 100 4321 1174081 44581 45248
0b005801 0b000d01 10000 100 2932 1151081 85166 85660
0b003801 0b004101 10000 100 935773 799544 866892 867760
0b005701 0b004d01 10000 100 898 1725984 83216 83956
0b001d01 0b004101 10000 100 1017 1831925 83596 84090
0b001501 0b002c01 10000 100 1601 1834331 84063 84557
0b003501 0b007c01 10000 100 346 1865560 81452 83515
0b002701 0b006901 10000 100 364 1871343 81508 83529
0b007a01 0b005f01 10000 100 122912 1818429 185710 186252
0b005301 0b007501 10000 100 1570 1942496 84430 84532
0b002601 0b006f01 10000 100 1182 2023640 83728 84222
0b006201 0b000501 10000 100 356 2054101 81484 83523
0b003001 0b007501 10000 100 403 2058617 81632 83560
0b004501 0b000401 10000 100 8210 2099004 95338 90113
0b000d01 0b001401 10000 100 137 2121760 80784 83348
0b004a01 0b004301 10000 100 796 2283790 41446 42275
0b007e01 0b001001 10000 100 427 2412274 81712 83580
0b005201 0b001601 10000 100 430 2507150 81720 83582
0b007101 0b007501 10000 100 541 2687166 41038 42071
0b005901 0b005c01 10000 100 418 2719039 40840 41972
0b007001 0b002201 10000 100 154 2724651 84657 83361
0b001d01 0b004801 10000 100 524 2835963 82020 83657
0b005f01 0b006201 10000 100 856 2881238 83084 83923
0b004c01 0b001401 10000 100 943 2924515 83360 83992
0b004301 0b003101 10000 100 380 3068716 81560 83542
0b006101 0b004501 10000 100 289 3108345 81268 83469
0b002b01 0b005c01 10000 100 278075 2846000 344260 316373
0b000f01 0b003201 10000 100 464 3161575 81828 83609
0b003f01 0b006b01 10000 100 486 3267725 81900 83627
0b002601 0b005a01 10000 100 202 3300533 80992 83400
0b001501 0b006a01 10000 100 273 3336387 81775 83456
0b001401 0b006701 10000 100 1662 3396310 84798 84606
0b003d01 0b007b01 10000 100 557 3461897 82128 83684
0b002901 0b000a01 10000 100 168 3463627 80880 83372
0b003101 0b000201 10000 100 82113 3459493 151550 152077
0b004c01 0b003901 10000 100 14423 3538915 94814 95314
0b005d01 0b000401 10000 100 98248 3459824 175170 165600
0b007001 0b003e01 10000 100 167 3757923 80880 83372
0b007b01 0b007c01 10000 100 919 3936988 41642 42373
0b004401 0b000e01 10000 100 144 4047527 80804 83353
0b007c01 0b007e01 10000 100 188 4109565 40472 41788
0b005101 0b005201 10000 100 70147 4123990 99750 100444
0b007601 0b001301 10000 100 1705 4206526 84146 84640
0b001801 0b003e01 10000 100 156086 4104316 213541 214097
0b000401 0b006b01 10000 100 391 4240814 81596 83551
0b003c01 0b005301 10000 100 9947 4257252 98168 91541
0b000001 0b006b01 10000 100 2041 4523780 85002 84948
0b003001 0b005301 10000 100 150 4553684 80981 83358
0b007601 0b006801 10000 100 1713 4591003 84152 84647
0b005f01 0b003901 10000 100 1077 4675939 83644 84138
0b006201 0b001001 10000 100 373 4727012 81536 83536
0b004501 0b002d01 10000 100 732 4798127 86198 83824
0b007501 0b002801 10000 100 966 4807724 83436 84011
0b003801 0b005601 10000 100 225 4866585 81064 83418
0b002a01 0b006b01 10000 100 363 4880237 81504 83528
0b007701 0b005b01 10000 100 69238 4801861 198367 141278
0b002301 0b006801 10000 100 436 4974365 85843 83587
0b003101 0b001701 10000 100 130 5002856 80760 83342
0b005e01 0b005c01 10000 100 175 5060991 40452 41778
0b006401 0b000a01 10000 100 566 5108608 82156 83691
0b000f01 0b002a01 10000 100 284 5117951 81252 83465
0b000401 0b005a01 10000 100 891 5157252 83196 83951
0b006101 0b007901 10000 100 143 5160124 80800 83352
0b001901 0b001c01 10000 100 586 5229732 41110 42107
0b006801 0b001801 10000 100 862 5219092 83104 83928
0b005601 0b002101 10000 100 51200 5177036 125642 126156
0b005301 0b006c01 10000 100 7285 5242924 89912 89335
0b001201 0b007e01 10000 100 648 5253766 82416 83756
0b003301 0b007f01 10000 100 317 5255302 81360 83492
0b000401 0b003601 10000 100 108 5298557 80688 83324
0b001201 0b004101 10000 100 9219 5301431 90461 90959
0b000401 0b006501 10000 100 559 5343926 82132 83685
0b004801 0b005301 10000 100 795 5348950 84066 83874
0b006001 0b002401 10000 100 14995 5356373 118212 95772
0b001001 0b003c01 10000 100 146 5421388 80812 83355
0b005301 0b006e01 10000 100 270 5501333 86239 83454
0b002601 0b006e01 10000 100 3767 5507314 85872 86367
0b003b01 0b005f01 10000 100 5176 5544083 87075 87571
0b000a01 0b003401 10000 100 1450 5719672 84983 84436
0b002501 0b005f01 10000 100 167 5798096 80880 83372
0b007c01 0b004f01 10000 100 196 5869071 80972 83395
0b000601 0b004101 10000 100 170 6068761 80888 83374
0b005901 0b004701 10000 100 842 6096001 83871 83912
0b001a01 0b007d01 10000 100 211 6103997 81020 83407
0b000b01 0b005c01 10000 100 601 6131077 82268 83719
0b004301 0b006b01 10000 100 264 6153820 81188 83449
0b006d01 0b007701 10000 100 2597 6198552 84898 85392
0b007b01 0b002a01 10000 100 16144 6343108 110609 96768
0b003301 0b001c01 10000 100 8941 6469938 90201 90698
0b005201 0b004f01 10000 100 6123 6618512 87870 88367
0b005f01 0b000801 10000 100 540 6665398 82072 83670
0b001c01 0b002101 10000 100 24223 6646360 103034 103538
0b002501 0b003501 10000 100 687 6755504 83339 83788
0b004901 0b001b01 10000 100 7545 6788461 89046 89543
0b001e01 0b002901 10000 100 198 6831133 80976 83396
0b001001 0b003e01 10000 100 4174 6860769 86235 86731
0b002901 0b003401 10000 100 982 6872586 83488 84024
0b007c01 0b000601 10000 100 9504 6885493 90689 91187
0b001601 0b002e01 10000 100 266 6906331 88396 83451
0b007401 0b000901 10000 100 5888 6934197 92050 88140
0b000001 0b006901 10000 100 487 6986976 81904 83628
0b002301 0b005b01 10000 100 765 7015413 83697 83850
0b007c01 0b007901 10000 100 1181 7193460 41955 42621
0b007a01 0b000801 10000 100 985 7273835 83496 84026
0b004201 0b002d01 10000 100 4470 7485885 89543 86968
0b001f01 0b006101 10000 100 3701 7491074 89456 86314
0b003301 0b003c01 10000 100 711 7635146 41310 42207
0b000101 0b004f01 10000 100 111 7823374 80700 83327
0b002001 0b006a01 10000 100 6913 7907598 88502 88999
0b001101 0b004b01 10000 100 5597 7918249 87556 87908
0b003f01 0b001001 10000 100 889 7924052 83188 83949
0b001301 0b006901 10000 100 408 7961106 81648 83564
0b002e01 0b006701 10000 100 9485 7966229 97459 91172
0b003201 0b005b01 10000 100 159 8010900 81374 83365
0b004b01 0b003601 10000 100 1006 8063549 83686 84081
0b000f01 0b006401 10000 100 434 8122157 82168 83585
0b007101 0b004b01 10000 100 66505 8081999 145385 138976
0b006701 0b001601 10000 100 658 8191400 83223 83764
0b005b01 0b001501 10000 100 810 8244650 82936 83886
0b003701 0b000501 10000 100 142 8331430 90323 83352
0b006301 0b003401 10000 100 1433 8343829 83928 84423
0b007001 0b000601 10000 100 1315 8406183 83834 84328
0b003701 0b007701 10000 100 73133 8445009 144024 144548
0b004c01 0b005001 10000 100 493 8550149 82137 83632
0b006401 0b007401 10000 100 4098 8554430 90231 86670
0b006801 0b000601 10000 100 34587 8522144 148645 112213
0b002c01 0b003601 10000 100 935 8628992 88377 83986
0b007901 0b004301 10000 100 670 8701775 82488 83774
0b006e01 0b003b01 10000 100 9926 8691724 99096 91524
0b000801 0b003b01 10000 100 157 8742818 80848 83364
0b006e01 0b003f01 10000 100 62341 8861634 148381 135492
0b007c01 0b005301 10000 100 248 9000753 81683 83436
0b006001 0b002801 10000 100 495 9012548 81928 83634
0b003201 0b005001 10000 100 113 9164226 81350 83328
0b004c01 0b003601 10000 100 338 9228712 82181 83508
0b001601 0b000201 10000 100 124157 9312948 303803 187325
0b000d01 0b003901 10000 100 546 9550910 82092 83675
0b001201 0b006501 10000 100 1842 9583889 84256 84750
0b007701 0b004e01 10000 100 2032 9734238 88842 84940
0b007001 0b004701 10000 100 123 9769769 80736 83336
0b006901 0b007701 10000 100 241 9797614 81116 83431
0b000301 0b005401 10000 100 8377 9842834 90038 90247
0b004d01 0b004901 10000 100 1683 9906031 42356 43023
0b001901 0b007a01 10000 100 930 9968713 83320 83982
0b004f01 0b003201 10000 100 504 10007016 81956 83641
0b005201 0b004f01 10001 100 23755 10025926 109433 103125
0b002201 0b003f01 10000 100 6455 10267557 88708 88632
0b001f01 0b007f01 10000 100 9724 10330426 90865 91363
0b006801 0b003f01 10000 100 2634 10421808 84927 85422
0b002301 0b006d01 10000 100 847 10424442 84388 83916
0b004b01 0b004901 10000 100 1153 10624638 41932 42599
0b007301 0b005401 10000 100 1041 10680931 84124 84109
0b001401 0b000801 10000 100 125 10700993 80744 83338
0b003601 0b002b01 10000 100 336 10731499 81839 83507
0b002401 0b004a01 10000 100 1811 10952898 84720 84725
0b001c01 0b001401 10000 100 1288 11006837 42040 42707
0b004e01 0b003b01 10000 100 221 11049475 81052 83415
0b005401 0b006e01 10000 100 1390 11051056 86172 84388
0b005601 0b006101 10000 100 328 11066079 81392 83500
0b006401 0b005201 10000 100 1293060 10067391 1167478 1167337
0b001c01 0b002201 10000 100 7116 11175936 94686 89200
0b002401 0b002301 10000 100 410 11303483 41529 41966
0b002e01 0b003801 10000 100 269 11445298 81895 83453
0b005601 0b006201 10000 100 300106 11203793 334229 334843
0b002101 0b002a01 10000 100 754 11500152 41378 42241
0b007a01 0b000101 10000 100 3042 11475241 85292 85787
0b001801 0b001a01 10000 100 795 11575547 41444 42274
0b000a01 0b002d01 10000 100 11159 11659597 195487 92588
0b003801 0b000701 10000 100 7332878 5292717 6569060 6231089
0b003e01 0b002001 10000 100 164440 11495585 367090 221088
0b000a01 0b001f01 10000 100 1048 11874325 83620 84115
0b001701 0b000f01 10000 100 311 11912718 81559 83487
0b007701 0b002001 10000 100 7098 11997478 88976 89185
0b001201 0b005201 10000 100 110 12016772 81410 83326
0b005001 0b002d01 10000 100 318 12200218 87090 83492
0b004601 0b005501 10000 100 471 12233739 81852 83615
0b001b01 0b007f01 10000 100 741 12266857 83220 83831
0b006401 0b001801 10000 100 4296 12299015 89340 86828
0b002701 0b003b01 10000 100 187 12337166 85908 83388
0b006e01 0b003901 10000 100 635 12420220 82538 83746
0b003601 0b005201 10000 100 13528 12557033 94636 94560
0b001901 0b002601 10000 100 85004 12386184 283616 154505
0b004901 0b005701 10000 100 270290 12351121 422067 309838
0b006501 0b003d01 10000 100 698849 12123528 671974 669120
0b004d01 0b002701 10000 100 1013739 11712506 1134802 933128
0b006801 0b005001 10000 100 597 12894939 82256 83716
0b001701 0b002301 10000 100 97756 12831846 240617 165168
0b004e01 0b003201 10000 100 371381 12388800 691412 394589
0b007b01 0b000d01 10000 100 28937 13018512 108350 107463
0b000501 0b002801 10000 100 307 13366195 82044 83484
0b001201 0b007a01 10000 100 1572409 11940839 1571971 1401530
0b002701 0b004d01 10000 100 1757664 11751002 1767781 1556838
0b000801 0b005901 10000 100 2750 13522111 86397 85515
0b003c01 0b005b01 10000 100 34030 13550386 111260 111768
0b003101 0b000901 10000 100 273 13756927 82116 83456
0b003e01 0b002601 10000 100 48592 13691762 167182 123955
0b002901 0b007101 10000 100 394 13905927 81604 83553
0b004001 0b006c01 10000 100 71012 13792529 195884 142774
0b002801 0b003801 10000 100 3540 13989983 85882 86185
0b000801 0b006601 10000 100 362 14026299 82214 83528
0b001401 0b000301 10000 100 932 14056920 83328 83984
0b005101 0b000a01 10000 100 1329 14178488 84981 84340
0b006201 0b006e01 10000 100 5309 14272654 45911 46077
0b000c01 0b006c01 10000 100 1845 14317037 85308 84752
0b003001 0b002501 10000 100 639 14326726 82955 83749
0b001001 0b006f01 10000 100 249 14332621 81178 83437
0b005901 0b005301 10000 100 353 14427497 41529 41920
0b006b01 0b002001 10000 100 858 14439764 84263 83924
0b001701 0b001f01 10000 100 6270 14508406 46216 46884
0b000701 0b001701 10000 100 611 14542022 82466 83727
0b000f01 0b006001 10000 100 1816 14545388 85985 84729
0b002f01 0b007c01 10000 100 648 14755982 87973 83756
0b003401 0b004801 10000 100 238 14858848 81104 83428
0b007101 0b007501 10001 100 1862 14936755 42500 43166
0b003d01 0b005f01 10000 100 6550 14900567 91810 88708
0b005201 0b002901 10000 100 3738 14986531 94641 86344
0b000801 0b000301 10000 100 8754 15034297 48279 48948
0b006b01 0b005b01 10000 100 357 15026840 81488 83524
0b005601 0b004701 10000 100 834 15042669 83012 83905
0b007701 0b005101 10000 100 1024 15062764 83601 84096
0b001401 0b004e01 10000 100 3367 15160519 85552 86047
0b001a01 0b001801 10000 100 787 15323790 41432 42268
0b005601 0b006301 10000 100 686 15419657 84005 83787
0b000f01 0b007401 10000 100 8688274 7848068 7706212 7367476
0b005e01 0b005201 10000 100 179 15607506 40458 41781
0b002901 0b003001 10000 100 366 15617405 86168 83531
0b002201 0b002d01 10000 100 546 15764049 41271 42075
0b000201 0b005601 10000 100 79308 15777685 149240 149718
0b000d01 0b003d01 10000 100 1277 15914123 83818 84298
0b004601 0b002801 10000 100 350 15951780 81464 83518
0b006001 0b003b01 10000 100 497 15982321 81936 83636
0b003b01 0b001d01 10000 100 995 16229391 83741 84034
0b004b01 0b000701 10000 100 1750 16282023 84792 84676
0b007401 0b002101 10000 100 1005 16299278 88087 84080
0b005d01 0b005901 10000 100 625 16366642 44776 42138
0b004e01 0b001601 10000 100 2548 16345819 84858 85353
0b002d01 0b007d01 10000 100 77580 16338976 147734 148259
0b007201 0b005101 10000 100 579 16453421 83003 83701
0b004801 0b006e01 10000 100 345 16586062 109828 83514
0b000b01 0b003301 10000 100 185052 16505840 248764 238384
0b006001 0b004e01 10000 100 413 16735633 81664 83568
0b007001 0b002b01 10000 100 836 16953735 83020 83907
0b002b01 0b001401 10000 100 6934 17028772 88519 89016
0b006201 0b007e01 10000 100 690 17120694 82552 83790
0b002501 0b004a01 10000 100 170 17095145 126797 83374
0b001a01 0b005a01 10000 100 1807 17244724 85619 84722
0b001e01 0b001001 10000 100 2060 17310812 42696 43363
0b003201 0b001e01 10000 100 4876 17285913 87804 87292
0b007f01 0b006301 10000 100 203 17381594 80992 83400
0b003001 0b002c01 10000 100 7246 17402214 88807 89304
0b007901 0b001901 10000 100 21103 17426639 104614 100927
0b002001 0b007201 10000 100 224 17446771 84870 83417
0b003001 0b007d01 10000 100 2729 17496689 85003 85498
0b005801 0b002801 10000 100 214 17710601 81028 83409
0b003801 0b003c01 10000 100 291042 17626636 284864 285646
0b005901 0b006801 10000 100 354 17840040 83865 83521
0b006401 0b006001 10000 100 365 17997901 40756 41930
0b001a01 0b007d01 10001 100 55987 17908051 175892 130140
0b005401 0b007301 10000 100 827 18097945 83826 83900
0b005c01 0b000a01 10000 100 5457 18106360 87429 87796
0b000801 0b003301 10000 100 9290 18159551 90902 91016
0b006b01 0b004e01 10000 100 671 18268608 82492 83775
0b000b01 0b007d01 10000 100 386 18616432 81580 83547
0b004801 0b007701 10000 100 685 18633192 82536 83786
0b006901 0b002f01 10000 100 1055 18638648 83626 84120
0b006a01 0b006d01 10000 100 2497 18696751 43046 43712
0b005201 0b007501 10000 100 778 18690275 93965 83860
0b001b01 0b002f01 10000 100 652168 16781372 2102284 630009
0b000701 0b000a01 10000 100 1056 18866125 41855 42521
0b007b01 0b003301 10000 100 703 18827258 88867 83800
0b006c01 0b004f01 10000 100 3570 18878639 88104 86209
0b006b01 0b002501 10000 100 718 18902579 82640 83812
0b007001 0b006e01 10000 100 39350 18892095 118150 116216
0b007d01 0b000601 10000 100 300 19003216 81304 83478
0b004301 0b006601 10000 100 706 19213390 82689 83803
0b004501 0b003c01 10000 100 907 19225005 86385 83964
0b000c01 0b004d01 10000 100 143 19331155 82251 83352
0b000101 0b004901 10000 100 225 19362078 81422 83418
0b004d01 0b006101 10000 100 653 19399275 82432 83760
0b001901 0b006501 10000 100 175 19564602 81685 83378
0b006d01 0b003d01 10000 100 2553 19570708 84862 85357
0b006601 0b006801 10000 100 786 19627939 41430 42267
0b006a01 0b006201 10000 100 301 19681125 40654 41879
0b006801 0b005201 10000 100 601 19762584 82343 83719
0b006801 0b007f01 10000 100 9220 19760983 104981 90960
0b001a01 0b006f01 10000 100 5158555 15492449 4455125 4408149
0b000101 0b007501 10000 100 682 20023686 83011 83784
0b007d01 0b002201 10000 100 1013 20084208 84040 84087
0b003c01 0b002e01 10000 100 235 20177474 89573 83426
0b001701 0b007701 10000 100 7102 20329129 89746 89188
0b001301 0b006201 10000 100 1189 20422351 83733 84228
0b005301 0b000b01 10000 100 2862 20763889 86783 85604
0b005601 0b002201 10000 100 404 20783499 82252 83561
0b001e01 0b005b01 10000 100 6297 20856234 92756 88506
0b000401 0b001201 10000 100 141 20900908 81114 83351
0b003f01 0b001601 10000 100 8987 20882524 103517 90735
0b001901 0b006001 10000 100 9482 20908496 91392 91169
0b004e01 0b005701 10000 100 987 20939067 89516 84028
0b004101 0b005c01 10000 100 178 21014676 81579 83380
0b002d01 0b004c01 10000 100 846 21059844 83052 83915
0b004c01 0b001e01 10000 100 1097 21064035 84126 84154
0b000401 0b004401 10000 100 286 21232200 81260 83467
0b002e01 0b005801 10000 100 2475 21240321 110436 85295
0b002701 0b000801 10000 100 623 21292712 84559 83736
0b005d01 0b006201 10000 100 96211 21142032 248259 163893
0b007c01 0b001f01 10000 100 4738 21419699 86686 87182
0b006f01 0b005301 10000 100 792 21475743 83768 83872
0b000e01 0b005101 10000 100 5969 21508070 88139 88205
0b007a01 0b005d01 10000 100 287 21550824 124623 83468
0b000801 0b002e01 10000 100 1011 21637321 84104 84085
0b003e01 0b004201 10000 100 662 21658924 88217 83768
0b003401 0b005501 10000 100 7382247 15565904 6285000 6272504
0b001001 0b007901 10000 100 932 21853629 84059 83984
0b002601 0b001d01 10000 100 295 21904778 82637 83474
0b002e01 0b005201 10000 100 313 21975055 81882 83488
0b004201 0b003701 10000 100 434 21978392 82372 83585
0b006501 0b005d01 10000 100 490 22003942 128312 83630
0b003c01 0b006e01 10000 100 1406505 20458281 1741360 1262432
0b006701 0b007301 10000 100 175 22204890 80904 83378
0b007601 0b001d01 10000 100 730 22372192 82680 83822
0b005801 0b002d01 10000 100 278632 22147038 322550 316819
0b002001 0b004701 10000 100 46153 22360356 146741 121927
0b004601 0b003401 10000 100 206 22540159 81068 83403
0b003001 0b000f01 10000 100 2950 22542553 85463 85675
0b006501 0b001301 10000 100 591 22557080 82236 83711
0b004e01 0b001301 10000 100 811 22750900 82940 83887
0b001b01 0b000601 10000 100 50140 22754657 182339 125270
0b003901 0b006e01 10000 100 323 22866835 82972 83496
0b000301 0b003801 10000 100 8971 22968487 97142 90722
0b006f01 0b001701 10000 100 423 23154487 81696 83576
0b007d01 0b003e01 10000 100 2420 23139871 98054 85251
0b002901 0b001401 10000 100 427 23161085 91398 83580
0b000901 0b002901 10000 100 246 23216344 134431 83435
0b007701 0b003e01 10000 100 4146 23287168 86213 86708
0b003101 0b003d01 10000 100 123 23339980 40368 41736
0b007201 0b002101 10000 100 1532 23320763 84008 84502
0b007d01 0b006c01 10000 100 1768 23364228 91908 84691
0b002b01 0b003501 10000 100 92086 23532394 223159 160440
0b005501 0b001a01 10000 100 590 23698548 82232 83710
0b005301 0b006a01 10000 100 748 23713775 83290 83836
0b000c01 0b001b01 10000 100 343 23715690 107730 83512
0b007b01 0b003e01 10000 100 469 23871054 81844 83613
0b000501 0b004401 10000 100 1013 23918390 84234 84087
0b001001 0b006601 10000 100 9289 23986394 91384 91015
0b004801 0b000601 10000 100 175 24041371 80904 83378
0b006401 0b002e01 10000 100 47956 24028312 185879 123408
0b005001 0b007801 10000 100 234 24148493 81451 83425
0b006201 0b004e01 10000 100 409 24238965 81652 83565
0b002001 0b003101 10000 100 391 24290268 98068 83551
0b003a01 0b002e01 10000 100 237 24415085 82444 83428
0b006501 0b000c01 10000 100 895 24417293 83263 83954
0b006701 0b005701 10000 100 3657 24450734 88171 86279
0b004701 0b002301 10000 100 22795875 4882728 19739755 19195266
0b000e01 0b001901 10000 100 274 24552235 130815 83457
0b001f01 0b006401 10000 100 438 24602144 81744 83588
0b006d01 0b006c01 10000 100 224 24655776 40530 41817
0b004901 0b002301 10000 100 1725 24614537 140678 84656
0b006901 0b003201 10000 100 106 24694038 80686 83323
0b004101 0b003101 10000 100 1037 24719154 84221 84106
0b000f01 0b005d01 10000 100 541 24634547 179925 83671
0b007a01 0b007f01 10000 100 10970 24853950 50224 50798
0b007e01 0b003c01 10000 100 138 24887099 81514 83348
0b002501 0b007601 10000 100 424 24888346 82974 83577
0b000901 0b006a01 10000 100 742 24992554 82948 83832
0b000b01 0b006d01 10000 100 433 25146432 81834 83584
0b007901 0b002601 10000 100 376 25183198 82729 83539
0b004f01 0b007001 10000 100 872 25212996 83858 83936
0b002901 0b003f01 10000 100 321 25327105 85922 83495
0b007701 0b004401 10000 100 348 25334223 81504 83516
0b007e01 0b001c01 10000 100 646638 24369026 1066475 625355
0b001a01 0b006301 10000 100 5669 25635437 92906 87965
0b004801 0b002e01 10000 100 487 25696250 81904 83628
0b000701 0b007801 10000 100 577 25756627 82192 83700
0b007d01 0b003f01 10000 100 7358 25848806 91410 89393
0b002c01 0b006f01 10000 100 889 25802075 146616 83949
0b000d01 0b007b01 10000 100 873 25880149 83525 83936
0b005301 0b000301 10000 100 185 25917686 81196 83386
0b007f01 0b003d01 10000 100 139 26099185 81761 83349
0b004001 0b003301 10000 100 550 26232270 82660 83678
0b005f01 0b001401 10000 100 546 26370124 170611 83675
0b007201 0b002901 10000 100 120 26657793 80728 83334
0b001e01 0b007b01 10000 100 990 26667647 83512 84030
0b000401 0b002301 10000 100 580 26633495 128914 83702
0b001e01 0b002f01 10000 100 769 26791262 83434 83853
0b002001 0b006f01 10000 100 351 27046104 81468 83519
0b001401 0b007c01 10000 100 887 27171007 83184 83948
0b004401 0b005401 10000 100 1770 27166899 168544 84692
0b005d01 0b000c01 10000 100 340952 26875642 528220 369056
0b005701 0b001a01 10000 100 2207 27349816 86021 85080
0b001a01 0b004f01 10000 100 2890907 24967696 2510101 2506940
0b000801 0b004601 10000 100 320 27437089 81368 83494
0b004f01 0b005101 10000 100 9520 27444697 90702 91200
0b006201 0b001401 10000 100 518 27503916 82000 83652
0b004401 0b005a01 10000 100 1777302 26061514 1573604 1573316
0b007a01 0b004201 10000 100 32961 27562907 157344 110836
0b004a01 0b005501 10000 100 565 27641262 82152 83690
0b006c01 0b005d01 10001 100 1329 27640554 115693 84340
0b007201 0b002b01 10000 100 454 27633044 138473 83601
0b002c01 0b003401 10000 100 6558551 21985778 5801943 5581906
0b005d01 0b007b01 10000 100 1498772 24437452 3653611 1339779
0b000901 0b006301 10000 100 533 28065818 82829 83664
0b000c01 0b002201 10000 100 19915667 7875673 20347509 16780508
0b002801 0b000401 10000 100 1058 28139875 84196 84123
0b002401 0b001901 10000 100 1517 28173516 129803 84490
0b004101 0b007301 10000 100 979 28223617 90202 84021
0b006301 0b004301 10000 100 101 28334716 80856 83319
0b003101 0b002f01 10000 100 672 28429306 82496 83776
0b005201 0b006b01 10000 100 1693 28530805 85450 84631
0b006801 0b007501 10000 100 598 28591359 91302 83716
0b007001 0b002501 10000 100 3583 28597215 97320 86220
0b004201 0b006c01 10000 100 98378 28533666 167657 165704
0b002b01 0b005201 10000 100 40506 28578991 216886 117179
0b003201 0b000c01 10000 100 712 28783958 82944 83808
0b005001 0b002401 10000 100 630 28865075 161787 83742
0b007c01 0b002801 10000 100 506 28953218 81964 83643
0b007f01 0b002401 10000 100 1760007 22040081 7008142 1558828
0b000401 0b000801 10000 100 439 29042785 40874 41989
0b001201 0b003f01 10000 100 1543842 26457683 2647642 1377563
0b002701 0b005501 10000 100 268930 28101948 1155119 308673
0b004b01 0b004301 10000 100 463 29235321 40912 42008
0b002501 0b000301 10000 100 102 29224689 81396 83320
0b005c01 0b000401 10000 100 5470 29249094 90861 87806
0b000001 0b004e01 10000 100 1298 29277270 84385 84315
0b002001 0b007b01 10000 100 1062 29284290 83655 84126
0b005601 0b005f01 10000 100 4850 29398483 49029 45672
0b000f01 0b003301 10000 100 3538 29485719 85688 86184
0b005c01 0b006201 10000 100 68109 29475520 226897 140336
0b004601 0b004801 10000 100 225 29697089 40532 41818
0b004b01 0b005701 10000 100 1094 29735077 83657 84152
0b006a01 0b007f01 10000 100 621647 28744995 1114752 604402
0b002301 0b000901 10000 100 829 29781655 83837 83901
0b006601 0b000e01 10000 100 323 29835970 107713 83496
0b002e01 0b005301 10000 100 29947285 103688 29892055 25191031
0b006701 0b002c01 10000 100 1044 29903324 138461 84112
0b002401 0b000601 10000 100 4923 29956326 87068 87330
0b004001 0b001d01 10000 100 740 29967124 82712 83830
0b005301 0b001c01 10000 100 826 30018212 82988 83899
0b002b01 0b000501 10000 100 1533583 25508307 4685855 1368972
0b004401 0b000a01 10000 100 6239 30325035 87963 88460
0b001f01 0b003801 10000 100 262 30330555 85874 83448
0b003e01 0b006401 10000 100 2838 30361469 85138 85585
0b002801 0b007001 10000 100 466 30535010 81862 83611
0b005f01 0b002601 10000 100 185 30597563 87854 83386
0b006d01 0b000101 10000 100 7786 30591329 95586 89736
0b007c01 0b002201 10000 100 287 30665099 81264 83468
0b000401 0b001301 10000 100 814 30796723 83463 83889
0b005501 0b007b01 10000 100 1765 30801010 84892 84688
0b005201 0b007e01 10000 100 2769 30814061 85083 85530
0b006b01 0b004801 10000 100 1612 31046795 84072 84566
0b004f01 0b005501 10000 100 7295 31094545 122111 89343
0b006d01 0b000701 10000 100 2149 31155275 84539 85034
0b004301 0b006e01 10000 100 7428176 21069488 10451911 6311014
0b000e01 0b000401 10000 100 728 31542523 41913 42220
0b000b01 0b003c01 10000 100 262 31565351 85092 83448
0b004901 0b002201 10000 100 505 31631700 81960 83642
0b005701 0b004101 10000 100 261 31634940 81312 83447
0b000601 0b001d01 10000 100 1322 31672359 83840 84334
0b000e01 0b006801 10000 100 744 31745059 83390 83833
0b002301 0b006e01 10000 100 57184 31696677 135890 131174
0b000901 0b002b01 10000 100 740 31852009 84446 83830
0b003201 0b003501 10000 100 292 31909496 40640 41872
0b006001 0b007001 10000 100 151 31946354 80828 83359
0b005601 0b007901 10001 100 338425 31447222 637995 366957
0b002e01 0b005401 10000 100 9567 32014011 102067 91237
0b005201 0b003901 10000 100 9357 32101327 97556 91069
0b006201 0b003601 10000 100 1211 32126501 83751 84245
0b000001 0b005301 10000 100 205 32250074 119257 83402
0b007d01 0b002901 10000 100 7276 32378390 89510 89328
0b007201 0b001601 10000 100 437 32412458 89289 83588
0b000301 0b003a01 10000 100 609 32435823 82292 83725
0b007f01 0b005b01 10000 100 18783 32420871 99174 98956
0b006301 0b002101 10000 100 866 32507219 83116 83931
0b007301 0b004201 10000 100 934 32552732 83332 83985
0b005601 0b007901 10000 100 1409241 29326907 3479812 1264736
0b006d01 0b005001 10000 100 754 32770655 102634 83841
0b003001 0b006f01 10000 100 1019 32878673 83597 84092
0b001901 0b005d01 10000 100 375 32987286 150717 83538
0b004801 0b007401 10000 100 243 33064915 81628 83432
0b002a01 0b000f01 10000 100 5313 33074752 89615 87680
0b002a01 0b004d01 10000 100 550 33206666 82478 83678
0b006701 0b005501 10000 100 180 33291232 101665 83382
0b000801 0b004101 10000 100 254 33329410 81830 83441
0b004201 0b006301 10000 100 588834 32909610 576203 576884
0b005601 0b001e01 10000 100 457 33425306 82609 83604
0b002e01 0b006f01 10000 100 265 33488375 81192 83450
0b003f01 0b002d01 10000 100 9158 33456652 113935 90910
0b004f01 0b000f01 10000 100 9978 33500347 99261 91566
0b004c01 0b003d01 10000 100 266 33537435 111416 83451
0b003601 0b002601 10000 100 495 33633762 82847 83634
0b004701 0b004d01 10000 100 148 33833091 40408 41756
0b003101 0b005d01 10000 100 24689 33673272 214492 103911
0b001901 0b005301 10000 100 771 33881119 94188 83855
0b002f01 0b007101 10000 100 392 33967202 82423 83552
0b005001 0b002601 10000 100 2918 34245529 86170 85649
0b000701 0b001701 10001 100 1681 34296696 84706 84621
0b003601 0b001d01 10000 100 167 34345639 80880 83372
0b007e01 0b002601 10000 100 7485 34357696 95107 89495
0b004b01 0b004701 10000 100 7940 34418554 47590 48259
0b001f01 0b005a01 10000 100 2600 34545256 85452 85395
0b003301 0b003b01 10000 100 1346 34612074 42087 42753
0b003101 0b002701 10000 100 658 34582540 83004 83764
0b003901 0b005001 10000 100 522 34603729 82515 83656
0b004101 0b001201 10000 100 558 34716981 91370 83684
0b002e01 0b000b01 10000 100 961 34836628 83982 84007
0b002001 0b007f01 10000 100 866 34916446 84357 83931
0b005c01 0b001701 10000 100 531 34939683 82525 83663
0b003801 0b006401 10000 100 218 34920809 142083 83412
0b002c01 0b003701 10000 100 773 35092378 85532 83856
0b007001 0b004101 10000 100 375 35105299 81544 83538
0b001601 0b006801 10000 100 5008 35372052 87694 87436
0b001a01 0b000401 10000 100 379468 34813583 659852 401366
0b006801 0b004601 10000 100 3674 35390853 85797 86292
0b005801 0b002f01 10000 100 679 35399413 166825 83781
0b007201 0b001701 10000 100 710 35617443 83492 83806
0b001f01 0b006001 10000 100 438 35788602 81790 83588
0b001601 0b004201 10000 100 402 35914295 81632 83560
0b000e01 0b007b01 10000 100 2771 35956250 88767 85532
0b001701 0b000801 10000 100 841 35980537 83036 83911
0b004a01 0b006701 10000 100 246 36020212 81535 83435
0b005601 0b007c01 10000 100 543 36080940 83037 83672
0b003601 0b001c01 10000 100 773 36151802 83514 83856
0b006601 0b000501 10000 100 1755 36205327 84186 84680
0b003c01 0b007201 10000 100 444136 35913367 498992 455596
0b005a01 0b002501 10000 100 397 36514674 81875 83556
0b001b01 0b007001 10000 100 1847 36510117 104420 84754
0b003401 0b006001 10000 100 3640 36624029 93354 86265
0b002501 0b006901 10000 100 233 36729413 81180 83424
0b006601 0b005701 10000 100 143 37129681 81990 83352
0b003a01 0b004601 10000 100 552 37170816 82112 83680
0b003d01 0b006301 10000 100 112 37173436 80717 83328
0b006d01 0b002401 10000 100 431 37207656 81838 83583
0b005f01 0b000d01 10000 100 431 37304738 111216 83583
0b003901 0b005801 10000 100 46122 37342730 125859 121902
0b001b01 0b002d01 10000 100 1624 37379041 94542 84576
0b000f01 0b006001 10001 100 43314 37393736 121525 119540
0b002501 0b003801 10000 100 1023 37641133 132725 84095
0b004d01 0b003501 10000 100 9372 37690407 92215 91081
0b000d01 0b000401 10000 100 1385 37756657 42118 42784
0b007401 0b005a01 10000 100 8922 37708335 97664 90683
0b004c01 0b007001 10000 100 985 37841092 83496 84026
0b005201 0b003f01 10000 100 4353612 30906329 7090520 3733283
0b003601 0b004b01 10000 100 607 37961335 82288 83724
0b005701 0b000101 10000 100 2512 38018340 87259 85324
0b001601 0b007c01 10000 100 207 38127572 81008 83404
0b004e01 0b003a01 10000 100 277 38135706 81325 83460
0b004a01 0b002201 10000 100 7445203 31894540 6331007 6325288
0b001001 0b005f01 10000 100 87700 38214601 163216 156739
0b004601 0b003001 10000 100 1011 38336385 83592 84085
0b006201 0b006901 10000 100 7579 38493859 47301 47970
0b001a01 0b002f01 10000 100 174 38555213 80900 83377
0b003101 0b005601 10000 100 1391 38517294 130390 84389
0b006601 0b004101 10000 100 134 38890879 80772 83345
0b006f01 0b003101 10000 100 1085 38865900 134953 84144
0b000301 0b002201 10000 100 43074 38889145 120072 119348
0b003001 0b001c01 10000 100 684 38967028 87399 83785
0b001601 0b004c01 10000 100 744 38973784 82724 83833
0b003501 0b007301 10000 100 4676334 34842022 4231187 4003864
0b007401 0b007501 10000 100 1762 39043060 43519 43086
0b001201 0b006801 10000 100 614 39023639 82898 83729
0b002b01 0b007701 10000 100 203 39567235 80992 83400
0b004901 0b007601 10000 100 4566 39581925 89688 87044
0b004801 0b001d01 10000 100 668 39588705 90944 83772
0b002801 0b003b01 10000 100 482 39814291 82418 83624
0b004801 0b007001 10000 100 580 39847137 82200 83702
0b003401 0b001a01 10000 100 1080064 39016249 1017858 988761
0b000001 0b003601 10000 100 22762 39967968 103085 102292
0b006f01 0b006b01 10000 100 400 39969521 123294 41958
0b004401 0b006601 10000 100 4225 40462873 86608 86772
0b002301 0b000f01 10000 100 108 40494589 81537 83324
0b000f01 0b003f01 10000 100 157 40521969 85779 83364
0b000601 0b000a01 10001 100 922 40615919 41648 42376
0b004801 0b006c01 10000 100 787 40572076 117808 83868
0b004101 0b003d01 10000 100 537 40617035 82864 83668
0b000a01 0b005501 10000 100 49472 40563226 202819 124697
0b002e01 0b000101 10000 100 633 40706874 83667 83744
0b005d01 0b005401 10000 100 141 40830813 57666 41751
0b001a01 0b002301 10000 100 1440505 39576394 1312727 1290938
0b006601 0b003d01 10000 100 13690 40875506 94190 94689
0b004301 0b001f01 10000 100 679 41092628 83077 83781
0b007001 0b007401 10000 100 5303 41223196 45548 46072
0b003201 0b005401 10000 100 885 41208729 87068 83946
0b005201 0b000e01 10000 100 821 41361803 84230 83895
0b004401 0b007801 10000 100 2022 41447116 85943 84932
0b004901 0b002a01 10000 100 79329 41441917 151526 149735
0b002401 0b005e01 10000 100 951 41547451 107218 83999
0b000501 0b004301 10000 100 73999 41591801 154194 145240
0b000b01 0b002801 10000 100 644 41697737 83864 83753
0b005e01 0b000f01 10000 100 691 41938458 127479 83791
0b002f01 0b005d01 10000 100 128 42013814 108405 83340
0b005d01 0b003501 10000 100 81995 41961093 270586 151944
0b004501 0b005301 10000 100 1453 42207052 85225 84439
0b002f01 0b007601 10000 100 1334 42310059 119828 84344
0b000e01 0b003c01 10000 100 12890728 31355388 11111999 10890796
0b003d01 0b000401 10000 100 1099 42449636 83661 84156
0b007f01 0b003401 10000 100 1109110 39102919 3453520 1013112
0b003301 0b000f01 10000 100 328 42556795 81442 83500
0b001001 0b001201 10000 100 204 42728864 41257 41801
0b004901 0b001f01 10000 100 359674 42165398 617052 384763
0b001401 0b006401 10000 100 1036 42822752 215079 84105
0b003e01 0b005c01 10000 100 460 43147642 88347 83606
0b006c01 0b000401 10000 100 906 43250864 88458 83963
0b004301 0b002f01 10000 100 1403 43308714 83904 84399
0b006301 0b003001 10000 100 941 43310220 95356 83991
0b007301 0b003c01 10000 100 980 43424643 83938 84022
0b007301 0b006101 10000 100 272709 43202057 317823 311850
0b000801 0b000901 10000 100 142 43593466 40400 41752
0b007901 0b006401 10000 100 592 43554181 88482 83712
0b002a01 0b001301 10000 100 807 43575497 83042 83884
0b001b01 0b000801 10000 100 802 43646005 86528 83880
0b007901 0b006201 10000 100 185 43673563 86389 83386
0b006501 0b005501 10000 100 3369 43662939 132426 86048
0b004b01 0b002001 10000 100 1584 43760281 84049 84544
0b007201 0b007901 10000 100 1053 43937303 41852 42519
0b005d01 0b007a01 10000 100 1081 43982539 86647 84141
0b003d01 0b005501 10000 100 220 43993630 81048 83414
0b006a01 0b002101 10000 100 6677 44037112 93944 88810
0b004e01 0b006f01 10000 100 1207107 39499444 4665305 1095272
0b005d01 0b005901 10001 100 499 44124573 42611 42037
0b005e01 0b002401 10000 100 199 43984380 228942 83397
0b000101 0b001d01 10000 100 238 44285042 81104 83428
0b006001 0b004a01 10000 100 5912 44429760 93574 88160
0b005d01 0b002b01 10000 100 215 44472650 99336 83410
0b005e01 0b000301 10000 100 907 44643055 83248 83964
0b002a01 0b007e01 10000 100 524 44862902 83890 83657
0b000201 0b007501 10000 100 732 44939937 83846 83824
0b005f01 0b001a01 10000 100 1203 45007091 161595 84239
0b004801 0b004201 10000 100 431 45322237 41288 41983
0b006801 0b007c01 10000 100 154 45603376 82362 83361
0b000701 0b003101 10000 100 844391 44870324 831639 791160
0b007201 0b000201 10000 100 2009 45709468 84430 84922
0b002e01 0b002401 10000 100 1313550 42341131 3530840 1142897
0b001d01 0b007001 10000 100 238 46055185 102568 83428
0b004201 0b005201 10000 100 172 46314956 101506 83376
0b005f01 0b000e01 10000 100 621 46372329 83690 83735
0b002401 0b004801 10000 100 186 46340893 116661 83387
0b003801 0b001301 10000 100 42326 46534220 118969 118712
0b000801 0b007b01 10000 100 538 46764838 82720 83668
0b006c01 0b005d01 10000 100 31079000 3050152 43901380 26139833
0b004601 0b004001 10000 100 917 46971724 41640 42372
0b006e01 0b005d01 10000 100 20844376 8143297 38949386 17559148
0b004801 0b005801 10000 100 1024 47009554 84650 84096
0b000f01 0b004601 10000 100 393 47104493 81614 83552
0b004d01 0b005e01 10000 100 1467 47220598 83956 84450
0b006f01 0b007901 10000 100 134 47225748 81804 83345
0b006c01 0b001801 10000 100 1051812 45810171 1742414 965046
0b003501 0b006701 10000 100 470 47539148 97602 83614
0b003e01 0b005001 10000 100 379 47589095 81799 83541
0b000501 0b006001 10000 100 723 47993784 83078 83816
0b006f01 0b005401 10000 100 888 47989812 154950 83948
0b000501 0b001f01 10000 100 561 48116142 83482 83687
0b003801 0b003e01 10000 100 204 48171651 40498 41801
0b006a01 0b003201 10000 100 36127 48299175 113014 113522
0b000d01 0b004b01 10000 100 3447 48345105 85694 86111
0b005d01 0b000d01 10000 100 1590226 44587752 3915458 1416475
0b004e01 0b001701 10000 100 288 48442490 81513 83468
0b005d01 0b004101 10000 100 912 49396627 91457 83968
0b001d01 0b007f01 10000 100 47488 49359635 155774 123033
0b002a01 0b005201 10000 100 493 49498811 174153 83632
0b006601 0b006d01 10000 100 736 49651664 41350 42227
