0b004001 0b004401 10000 100 147 13 40408 41756
0b003e01 0b003701 10000 100 2 542 40715 41640
0b007001 0b007701 10000 100 120 923 40364 41734
0b006801 0b006501 10000 100 45 1524 40244 41674
0b006101 0b006c01 10000 100 10 1659 40188 41646
0b006601 0b006f01 10000 100 2 1686 40176 41640
0b006001 0b006f01 10000 100 4 1777 40178 41641
0b000901 0b000401 10000 100 1 1906 40174 41639
0b006d01 0b006e01 10000 100 684 828 41266 42185
0b005701 0b005801 10000 100 37 2006 40281 41668
0b002601 0b002701 10000 100 32 1679 40618 41664
0b004301 0b004801 10000 100 263 1715 40592 41848
0b003201 0b003b01 10000 100 1 2182 40197 41639
0b007b01 0b007801 10000 100 316 1755 40678 41891
0b004f01 0b004801 10000 100 111 2062 40372 41727
0b003c01 0b003201 10000 100 2 2261 40176 41640
0b006501 0b006201 10000 100 143 2038 40400 41752
0b004301 0b004d01 10000 100 1 2291 40174 41639
0b006a01 0b006f01 10000 100 2 2106 40483 41640
0b005f01 0b005001 10000 100 642 1427 41200 42152
0b003801 0b003401 10000 100 2 2496 40200 41640
0b001701 0b001801 10000 100 133 2235 40563 41744
0b007e01 0b007001 10000 100 2 2636 40176 41640
0b004e01 0b004201 10000 100 2 2712 40176 41640
0b001301 0b001c01 10000 100 1 2856 40174 41639
0b007a01 0b007501 10000 100 2 2664 40452 41640
0b003201 0b003d01 10000 100 135 2779 40388 41746
0b006d01 0b006701 10000 100 4 3131 40178 41641
0b000401 0b000e01 10000 100 13 3211 40192 41648
0b001401 0b001e01 10000 100 10 3363 40210 41646
0b005801 0b005601 10000 100 29 3446 40218 41661
0b002801 0b002a01 10000 100 1614 1498 42301 42968
0b003701 0b003d01 10000 100 58 3565 40271 41684
0b001801 0b001501 10000 100 10 3604 40322 41646
0b004601 0b004101 10000 100 5 3321 40634 41642
0b003601 0b003001 10000 100 1 3904 40174 41639
0b004c01 0b004201 10000 100 1497 1938 42247 42874
0b000901 0b000601 10000 100 38 4160 40232 41668
0b001d01 0b001b01 10000 100 1 4229 40174 41639
0b001a01 0b001f01 10000 100 1 3796 40619 41639
0b006501 0b006101 10000 100 10 4231 40188 41646
0b003901 0b003101 10000 100 351 3834 40734 41919
0b004c01 0b004501 10000 100 605 3404 41205 42122
0b002501 0b002d01 10000 100 245 4127 40564 41834
0b004e01 0b004301 10000 100 36 4292 40410 41667
0b006301 0b006f01 10000 100 1 4782 40205 41639
0b001001 0b001f01 10000 100 1 4789 40282 41639
0b006501 0b006a01 10000 100 209 4655 40506 41805
0b006501 0b006901 10000 100 4 5175 40178 41641
0b001601 0b001301 10000 100 1279 3418 42033 42700
0b000b01 0b000e01 10000 100 99 4541 41070 41717
0b007901 0b007801 10000 100 53 5385 40256 41680
0b004901 0b004c01 10000 100 176 5200 40454 41779
0b000c01 0b000601 10000 100 83 5372 40304 41704
0b002c01 0b002001 10000 100 123 5410 40368 41736
0b007b01 0b007001 10000 100 473 4542 41276 42016
0b001c01 0b001e01 10000 100 83 5547 40304 41704
0b001a01 0b001b01 10000 100 1 5856 40174 41639
0b003501 0b003901 10000 100 314 5520 40703 41889
0b005301 0b005501 10000 100 82 5946 40304 41704
0b005901 0b005701 10000 100 1 6106 40174 41639
0b003d01 0b003601 10000 100 47 6080 40260 41676
0b000e01 0b000d01 10000 100 324 5551 40795 41897
0b004d01 0b004f01 10000 100 2 6217 40176 41640
0b007e01 0b007a01 10000 100 25 5552 40985 41658
0b003101 0b003c01 10000 100 2 6371 40176 41640
0b007e01 0b007601 10000 100 37 6070 40554 41668
0b000b01 0b000d01 10000 100 122 6427 40368 41736
0b004801 0b004901 10000 100 2 6556 40253 41640
0b003101 0b003f01 10000 100 672 5624 41248 42176
0b006601 0b006901 10000 100 1 6546 40372 41639
0b001c01 0b001a01 10000 100 53 6721 40356 41680
0b004701 0b004501 10000 100 1 7034 40174 41639
0b004901 0b004401 10000 100 26 7068 40214 41659
0b003701 0b003f01 10000 100 90 7034 40316 41710
0b000701 0b000101 10000 100 1 7053 40474 41639
0b003501 0b003901 10001 100 653 6356 41216 42160
0b007901 0b007c01 10000 100 28 7447 40216 41660
0b007e01 0b007801 10000 100 2 7715 40176 41640
0b005101 0b005701 10000 100 20 7695 40204 41654
0b002801 0b002f01 10000 100 4 7056 40909 41641
0b003a01 0b003401 10000 100 319 7665 40682 41893
0b005801 0b005a01 10000 100 686 7131 41270 42187
0b004801 0b004901 10001 100 10 7645 40888 41646
0b003001 0b003b01 10000 100 10 8485 40188 41646
0b006601 0b006101 10000 100 341 8066 40718 41911
0b000e01 0b000f01 10000 100 478 7794 41031 42020
0b002301 0b002801 10000 100 175 8422 40452 41778
0b001701 0b001c01 10000 100 132 8266 40653 41744
0b007e01 0b007401 10000 100 12 8545 40602 41648
0b003101 0b003a01 10000 100 120 8876 40364 41734
0b005901 0b005c01 10000 100 1 9159 40174 41639
0b006801 0b006f01 10000 100 2 9200 40176 41640
0b004c01 0b004a01 10000 100 13 8971 40611 41648
0b002b01 0b002e01 10000 100 1 9498 40184 41639
0b004301 0b004201 10000 100 368 9050 40760 41932
0b007101 0b007c01 10000 100 27 9609 40216 41660
0b002301 0b002401 10000 100 1 9705 40174 41639
0b006e01 0b006601 10000 100 89 8800 41106 41709
0b004301 0b004201 10001 100 10 9813 40188 41646
0b006a01 0b006501 10000 100 24 9814 40210 41657
0b004701 0b004c01 10000 100 251 9600 40574 41839
0b001801 0b001501 10001 100 163 10352 40440 41768
0b005e01 0b005901 10000 100 271 10393 40606 41855
0b004e01 0b004f01 10000 100 16 10858 40198 41651
0b007701 0b007a01 10000 100 13 11315 40192 41648
0b000001 0b000901 10000 100 2 11493 40176 41640
0b005301 0b005c01 10000 100 1 10966 40856 41639
0b001b01 0b001601 10000 100 2 11648 40176 41640
0b005801 0b005f01 10000 100 202 10706 41461 41800
0b006901 0b006501 10000 100 2 11958 40269 41640
0b004801 0b004201 10000 100 2 12438 40176 41640
0b000601 0b000a01 10000 100 491 11701 40958 42031
0b000c01 0b000901 10000 100 1 12771 40174 41639
0b005601 0b005501 10000 100 1 12741 40630 41639
0b004501 0b004f01 10000 100 2 13228 40176 41640
0b003901 0b003101 10001 100 908 11883 41624 42364
0b006d01 0b006601 10000 100 178 13134 40456 41780
0b003301 0b003101 10000 100 85 12770 40843 41706
0b006401 0b006601 10000 100 2 13466 40176 41640
0b006101 0b006901 10000 100 10 13046 40887 41646
0b006901 0b006e01 10000 100 188 13588 40472 41788
0b002901 0b002601 10000 100 6 13976 40182 41643
0b007401 0b007c01 10000 100 234 12896 41286 41825
0b002701 0b002f01 10000 100 1 13534 40877 41639
0b000d01 0b000201 10000 100 2 14249 40176 41640
0b007801 0b007f01 10000 100 160 13420 41033 41766
0b004001 0b004b01 10000 100 1 14285 40174 41639
0b003201 0b003a01 10000 100 552 13322 41141 42080
0b005c01 0b005601 10000 100 349 13808 40827 41917
0b006801 0b006101 10000 100 39 14411 40234 41669
0b006301 0b006a01 10000 100 10 13320 41356 41646
0b007401 0b007a01 10000 100 13 14675 40192 41648
0b001f01 0b001901 10000 100 1 14204 40701 41639
0b005401 0b005c01 10000 100 296 13832 41194 41875
0b006401 0b006201 10000 100 271 14580 40606 41855
0b005b01 0b005001 10000 100 248 14805 40568 41836
0b002101 0b002501 10000 100 22 15170 40208 41656
0b000a01 0b000201 10000 100 439 14265 41233 41989
0b004501 0b004101 10000 100 34 15300 40226 41665
0b004b01 0b004101 10000 100 2 15469 40176 41640
0b007901 0b007d01 10000 100 79 15473 40298 41701
0b004c01 0b004501 10001 100 1 15453 40339 41639
0b003901 0b003e01 10000 100 163 15492 40432 41768
0b007501 0b007101 10000 100 573 14709 41298 42096
0b003a01 0b003901 10000 100 188 15580 40472 41788
0b006e01 0b006901 10000 100 1 15851 40216 41639
0b004401 0b004701 10000 100 326 15305 40780 41899
0b000d01 0b000401 10000 100 105 15772 40340 41722
0b002b01 0b002501 10000 100 206 14894 41417 41803
0b004001 0b004f01 10000 100 21 16141 40206 41655
0b000f01 0b000e01 10000 100 89 16098 40314 41709
0b006601 0b006501 10000 100 1439 14266 42161 42828
0b007a01 0b007301 10000 100 279 15845 40618 41861
0b003f01 0b003101 10000 100 454 15049 41425 42001
0b002401 0b002f01 10000 100 4 16389 40178 41641
0b006101 0b006801 10000 100 40 16337 40236 41670
0b001701 0b001e01 10000 100 119 16327 40362 41733
0b004501 0b004401 10000 100 1 16577 40217 41639
0b002801 0b002201 10000 100 4 16661 40178 41641
0b007f01 0b007c01 10000 100 653 16081 41216 42160
0b000501 0b000701 10000 100 10 17341 40188 41646
0b006801 0b006e01 10000 100 352 16503 41119 41920
0b004301 0b004901 10000 100 2 17526 40210 41640
0b001601 0b001101 10000 100 90 17689 40316 41710
0b007b01 0b007e01 10000 100 1 17938 40174 41639
0b003c01 0b003501 10000 100 248 17653 40568 41836
0b006001 0b006801 10000 100 10 18076 40314 41646
0b005a01 0b005b01 10000 100 409 17589 40826 41965
0b001c01 0b001101 10000 100 79 18350 40298 41701
0b007e01 0b007101 10000 100 1 18517 40174 41639
0b004e01 0b004501 10000 100 2 18416 40408 41640
0b004501 0b004001 10000 100 228 18015 40934 41820
0b003901 0b003701 10000 100 146 18475 40520 41755
0b003b01 0b003301 10000 100 194 18521 40482 41793
0b006d01 0b006001 10000 100 2 19006 40176 41640
0b005101 0b005501 10000 100 2 19070 40209 41640
0b006f01 0b006901 10000 100 126 19228 40374 41739
0b003d01 0b003c01 10000 100 2 19536 40176 41640
0b005001 0b005f01 10000 100 8 19540 40184 41644
0b007001 0b007601 10000 100 1 19700 40174 41639
0b004901 0b004301 10000 100 1 19764 40174 41639
0b007501 0b007901 10000 100 1204 17985 41973 42640
0b001c01 0b001401 10000 100 1 19866 40351 41639
0b001101 0b001001 10000 100 311 19609 40670 41887
0b004501 0b004c01 10000 100 10 20253 40188 41646
0b001001 0b001101 10000 100 508 19475 40984 42044
0b001701 0b001101 10000 100 2 20287 40220 41640
0b000f01 0b000501 10000 100 66 20439 40278 41691
0b001001 0b001801 10000 100 1 20532 40295 41639
0b006601 0b006201 10000 100 1 21009 40174 41639
0b001c01 0b001401 10001 100 9 21064 40201 41645
0b006201 0b006401 10000 100 716 20004 41318 42211
0b007e01 0b007f01 10000 100 206 20122 41270 41803
0b007401 0b007601 10000 100 10 21261 40188 41646
0b003701 0b003101 10000 100 1 20342 41115 41639
0b001201 0b001a01 10000 100 8 21302 40184 41644
0b001801 0b001701 10000 100 50 21564 40258 41678
0b006601 0b006401 10000 100 404 20630 41221 41961
0b003701 0b003c01 10000 100 10 21687 40218 41646
0b004201 0b004801 10000 100 66 20789 41132 41691
0b001101 0b001d01 10000 100 1 21860 40174 41639
0b002901 0b002a01 10000 100 10 21945 40188 41646
0b000d01 0b000501 10000 100 1 21704 40502 41639
0b005f01 0b005501 10000 100 1 22078 40248 41639
0b002801 0b002401 10000 100 78 21722 40655 41700
0b001a01 0b001301 10000 100 474 21525 41005 42017
0b006b01 0b006801 10000 100 68 22261 40280 41692
0b007c01 0b007801 10000 100 9 22087 40682 41645
0b007701 0b007b01 10000 100 4 22602 40235 41641
0b003701 0b003801 10000 100 1 22703 40174 41639
0b005501 0b005601 10000 100 10 22748 40188 41646
0b001101 0b001a01 10000 100 72 22716 40309 41696
0b005001 0b005201 10000 100 2 22188 40855 41640
0b003401 0b003901 10000 100 602 22080 41136 42120
0b007e01 0b007801 10001 100 185 22817 40468 41786
0b005701 0b005b01 10000 100 1 23133 40174 41639
0b005501 0b005001 10000 100 1 23151 40174 41639
0b004501 0b004001 10001 100 1 23175 40174 41639
0b000b01 0b000e01 10001 100 170 23283 40444 41774
0b004f01 0b004201 10000 100 256 23148 40582 41843
0b006e01 0b006301 10000 100 1 23861 40375 41639
0b003801 0b003701 10000 100 786 22219 42129 42267
0b005e01 0b005401 10000 100 4 23749 40642 41641
0b003501 0b003f01 10000 100 316 23738 40678 41891
0b001201 0b001401 10000 100 57 24205 40264 41684
0b005101 0b005c01 10000 100 48 24258 40284 41676
0b000201 0b000101 10000 100 81 24459 40302 41703
0b005201 0b005101 10000 100 4 24550 40268 41641
0b001d01 0b001001 10000 100 1 24690 40174 41639
0b003a01 0b003b01 10000 100 1 24723 40174 41639
0b005a01 0b005301 10000 100 408 24163 40878 41964
0b007201 0b007e01 10000 100 4 24720 40342 41641
0b001a01 0b001801 10000 100 223 24449 40629 41816
0b007201 0b007d01 10000 100 9 24883 40227 41645
0b002c01 0b002801 10000 100 57 24868 40264 41684
0b001b01 0b001a01 10000 100 479 24366 40938 42021
0b003b01 0b003401 10000 100 255 24450 40870 41842
0b005101 0b005301 10000 100 2 25001 40496 41640
0b000901 0b000601 10001 100 183 25159 40464 41784
0b000c01 0b000001 10000 100 10 25129 40593 41646
0b003501 0b003d01 10000 100 866 24168 41558 42331
0b007201 0b007901 10000 100 84 25313 40415 41705
0b000701 0b000901 10000 100 561 24807 41070 42087
0b003301 0b003801 10000 100 1 25843 40174 41639
0b007401 0b007001 10000 100 94 25841 40322 41713
0b007001 0b007301 10000 100 75 25537 40691 41698
0b004b01 0b004f01 10000 100 264 25802 40594 41849
0b005201 0b005f01 10000 100 1 26281 40174 41639
0b001201 0b001d01 10000 100 2 26294 40176 41640
0b004301 0b004101 10000 100 10 26504 40188 41646
0b006501 0b006c01 10000 100 141 26605 40434 41751
0b001201 0b001d01 10001 100 1 26926 40174 41639
0b001801 0b001c01 10000 100 117 26730 40395 41732
0b000b01 0b000601 10000 100 1 26674 40556 41639
0b003c01 0b003a01 10000 100 1 26999 40250 41639
0b001d01 0b001701 10000 100 2 26627 40653 41640
0b006e01 0b006601 10001 100 1 27185 40197 41639
0b005b01 0b005401 10000 100 8 27093 40291 41644
0b001b01 0b001701 10000 100 179 27134 40458 41781
0b002201 0b002801 10000 100 80 27227 40420 41702
0b006101 0b006001 10000 100 1121 25763 41907 42573
0b003501 0b003401 10000 100 4 27254 40438 41641
0b007701 0b007b01 10001 100 24 27471 40243 41657
0b003201 0b003401 10000 100 173 27409 40448 41776
0b004301 0b004701 10000 100 1 27738 40254 41639
0b005501 0b005d01 10000 100 1 27823 40174 41639
0b005d01 0b005601 10000 100 124 27765 40370 41737
0b003601 0b003a01 10000 100 2 27966 40176 41640
0b003201 0b003f01 10000 100 110 27653 40529 41726
0b007c01 0b007f01 10000 100 3676 24101 44148 44694
0b002f01 0b002d01 10000 100 105 27302 40955 41722
0b004f01 0b004701 10000 100 190 27878 40476 41790
0b000e01 0b000501 10000 100 24 28179 40210 41657
0b003901 0b003601 10000 100 425 27685 40852 41978
0b006701 0b006501 10000 100 1 28415 40174 41639
0b007901 0b007f01 10000 100 106 28272 40342 41723
0b001901 0b001501 10000 100 117 28547 40360 41732
0b003101 0b003301 10000 100 1 28847 40257 41639
0b000801 0b000d01 10000 100 49 28855 40250 41677
0b001a01 0b001c01 10000 100 165 28261 40846 41770
0b000a01 0b000401 10000 100 25 28962 40411 41658
0b003301 0b003701 10000 100 10 29193 40188 41646
0b002301 0b002d01 10000 100 81 29151 40302 41703
0b005e01 0b005d01 10000 100 153 29059 40416 41760
0b007501 0b007c01 10000 100 205 28993 40500 41802
0b004101 0b004d01 10000 100 2 29463 40176 41640
0b002101 0b002601 10000 100 13 29499 40192 41648
0b007301 0b007d01 10000 100 2 29546 40176 41640
0b001a01 0b001c01 10001 100 2 29065 40744 41640
0b001201 0b001001 10000 100 31 29626 40222 41663
0b004601 0b004101 10001 100 505 28887 40980 42042
0b007401 0b007901 10000 100 983 28227 41744 42424
0b001e01 0b001c01 10000 100 202 29313 40688 41800
0b007f01 0b007a01 10000 100 247 29532 40568 41836
0b004201 0b004f01 10000 100 10 29138 40967 41646
0b001701 0b001801 10001 100 27 29930 40216 41660
0b002101 0b002901 10000 100 10 30383 40188 41646
0b007901 0b007e01 10000 100 90 30506 40360 41710
0b005801 0b005201 10000 100 2 30538 40340 41640
0b005701 0b005101 10000 100 1 30433 40461 41639
0b006b01 0b006201 10000 100 1 30730 40174 41639
0b005501 0b005101 10000 100 1 29938 41033 41639
0b007301 0b007001 10000 100 8 30924 40184 41644
0b005001 0b005a01 10000 100 1 30800 40335 41639
0b004f01 0b004301 10000 100 543 30257 41040 42072
0b003701 0b003d01 10001 100 303 30651 40656 41880
0b007c01 0b007301 10000 100 81 31010 40302 41703
0b001001 0b001301 10000 100 1 31276 40174 41639
0b007301 0b007901 10000 100 33 31049 40416 41664
0b006101 0b006601 10000 100 2 31439 40176 41640
0b003701 0b003901 10000 100 110 31344 40348 41726
0b005601 0b005d01 10000 100 80 31501 40300 41702
0b005501 0b005401 10000 100 1 31627 40174 41639
0b000401 0b000f01 10000 100 179 31355 40458 41781
0b002001 0b002701 10000 100 10 31633 40188 41646
0b005e01 0b005301 10000 100 393 31070 40800 41952
0b000e01 0b000401 10000 100 17 31670 40200 41652
0b004401 0b004f01 10000 100 1 32062 40174 41639
0b000401 0b000501 10000 100 1 32198 40174 41639
0b002e01 0b002f01 10000 100 26 32358 40214 41659
0b000c01 0b000a01 10000 100 1 32022 40634 41639
0b005401 0b005501 10000 100 1 32052 40631 41639
0b005a01 0b005c01 10000 100 413 31862 40832 41968
0b003101 0b003701 10000 100 458 31846 40904 42004
0b006501 0b006901 10001 100 86 31517 41490 41707
0b007701 0b007301 10000 100 1 32866 40174 41639
0b006401 0b006501 10000 100 1 32979 40174 41639
0b004401 0b004501 10000 100 53 32970 40256 41680
0b003501 0b003401 10001 100 10 33081 40188 41646
0b005201 0b005b01 10000 100 10 33114 40271 41646
0b006b01 0b006001 10000 100 25 33176 40242 41658
0b002c01 0b002901 10000 100 537 32504 41032 42068
0b007401 0b007501 10000 100 10 33370 40188 41646
0b003e01 0b003f01 10000 100 563 32627 41072 42088
0b006401 0b006701 10000 100 1 33368 40480 41639
0b006101 0b006a01 10000 100 44 33659 40242 41673
0b001e01 0b001301 10000 100 1 33969 40237 41639
0b001401 0b001a01 10000 100 2 34073 40176 41640
0b004d01 0b004e01 10000 100 237 33731 40552 41828
0b006201 0b006501 10000 100 19 34318 40202 41653
0b005901 0b005501 10000 100 78 33421 41226 41700
0b000901 0b000201 10000 100 2 34649 40176 41640
0b002101 0b002501 10001 100 10 34946 40188 41646
0b003a01 0b003101 10000 100 931 33558 41662 42383
0b006001 0b006201 10000 100 13 35090 40192 41648
0b002201 0b002b01 10000 100 324 34666 40690 41897
0b000f01 0b000301 10000 100 158 35117 40505 41764
0b002d01 0b002f01 10000 100 1 35546 40174 41639
0b006101 0b006601 10001 100 1 35580 40174 41639
0b001201 0b001101 10000 100 11 35722 40276 41647
0b002901 0b002601 10001 100 1 35958 40174 41639
0b007801 0b007c01 10000 100 2 36243 40539 41640
0b005801 0b005201 10001 100 171 36658 40446 41775
0b002e01 0b002401 10000 100 2 36925 40198 41640
0b002d01 0b002701 10000 100 1 36905 40228 41639
0b002901 0b002701 10000 100 310 36417 40793 41886
0b003001 0b003101 10000 100 4 36933 40413 41641
0b004a01 0b004c01 10000 100 1 37169 40194 41639
0b003201 0b003b01 10001 100 1246 35648 42007 42673
0b002701 0b002101 10000 100 162 37436 40432 41768
0b003c01 0b003a01 10001 100 179 37270 40643 41781
0b000c01 0b000501 10000 100 1 37768 40174 41639
0b006601 0b006401 10001 100 2 37756 40203 41640
0b002601 0b002f01 10000 100 11 37941 40190 41647
0b003701 0b003901 10001 100 263 37540 40592 41848
0b000301 0b000901 10000 100 169 37740 40442 41773
0b000a01 0b000301 10000 100 31 37697 40805 41663
0b002601 0b002a01 10000 100 1 38366 40174 41639
0b001301 0b001701 10000 100 154 38415 40418 41761
0b001401 0b001201 10000 100 1 38154 40679 41639
0b007501 0b007701 10000 100 10 38692 40188 41646
0b005401 0b005b01 10000 100 1 38859 40174 41639
0b007801 0b007701 10000 100 4 39274 40178 41641
0b000b01 0b000401 10000 100 82 39160 40304 41704
0b001f01 0b001201 10000 100 2 39294 40176 41640
0b003701 0b003601 10000 100 13 39290 40192 41648
0b003401 0b003201 10000 100 10 39476 40188 41646
0b004901 0b004c01 10001 100 675 38436 41252 42178
0b006501 0b006e01 10000 100 10 39287 40496 41646
0b001c01 0b001901 10000 100 1 39668 40174 41639
0b003d01 0b003c01 10001 100 1 39693 40183 41639
0b005d01 0b005601 10001 100 228 39218 40659 41820
0b006501 0b006801 10000 100 10 39703 40188 41646
0b000601 0b000901 10000 100 1 39476 40459 41639
0b002901 0b002a01 10001 100 1139 38037 41935 42588
0b006001 0b006b01 10000 100 4 39864 40178 41641
0b007301 0b005a01 10000 100 1 12 80348 83239
0b001c01 0b006801 10000 100 25 50 80433 83258
0b007701 0b000f01 10000 100 1 13 80511 83239
0b000e01 0b005201 10000 100 1 188 80348 83239
0b006601 0b006101 10001 100 1 40383 40174 41639
0b006c01 0b003501 10000 100 2 234 80352 83240
0b000101 0b004801 10000 100 13 209 80418 83248
0b002801 0b004801 10000 100 12 328 80384 83248
0b002101 0b003201 10000 100 1 326 80416 83239
0b006801 0b003701 10000 100 10 301 80444 83246
0b001e01 0b007501 10000 100 10 379 80376 83246
0b006301 0b004601 10000 100 4 389 80374 83241
0b001901 0b003601 10000 100 1 432 80348 83239
0b006c01 0b005701 10000 100 1 346 80447 83239
0b000a01 0b001c01 10000 100 1 472 80348 83239
0b000901 0b006801 10000 100 1 57 80785 83239
0b002901 0b004901 10000 100 1 495 80348 83239
0b007b01 0b005a01 10000 100 10 371 80474 83246
0b005901 0b004901 10000 100 57 87 80759 83284
0b006f01 0b000701 10000 100 1 535 80348 83239
0b006d01 0b001d01 10000 100 2 538 80352 83240
0b001e01 0b003501 10000 100 10 117 80778 83246
0b002c01 0b006501 10000 100 2 578 80375 83240
0b007501 0b006d01 10000 100 2 628 80352 83240
0b007f01 0b007601 10000 100 519 40005 41002 42053
0b005a01 0b004b01 10000 100 186 74 80940 83387
0b006e01 0b005a01 10000 100 105 181 80841 83322
0b005601 0b006301 10000 100 2 707 80352 83240
0b006e01 0b003901 10000 100 4 163 80907 83241
0b000d01 0b006001 10000 100 4 762 80356 83241
0b002b01 0b000f01 10000 100 92 490 80640 83312
0b001c01 0b000401 10000 100 1 786 80348 83239
0b001b01 0b007801 10000 100 24 717 80420 83257
0b000201 0b002101 10000 100 4 810 80356 83241
0b000501 0b001e01 10000 100 16 799 80396 83251
0b004201 0b007d01 10000 100 146 409 80812 83355
0b007a01 0b002c01 10000 100 70 623 80615 83294
0b005001 0b003601 10000 100 2 38 81240 83240
0b000901 0b002c01 10000 100 233 56 81238 83424
0b000301 0b003701 10000 100 177 384 80912 83380
0b001a01 0b007801 10000 100 20 894 80408 83254
0b003801 0b003601 10000 100 88 40879 40497 41708
0b000901 0b000301 10000 100 242 40677 40704 41832
0b002a01 0b003601 10000 100 1 1035 80348 83239
0b001701 0b007b01 10000 100 30 339 81067 83262
0b003a01 0b000d01 10000 100 1 938 80472 83239
0b002c01 0b007801 10000 100 37 704 80750 83268
0b003a01 0b007b01 10000 100 1 148 81310 83239
0b001b01 0b003a01 10000 100 231 314 81145 83423
0b004b01 0b006401 10000 100 4 821 80645 83241
0b005f01 0b005501 10001 100 215 40724 40765 41810
0b006601 0b003101 10000 100 91 830 80675 83311
0b003001 0b000c01 10000 100 4 1158 80356 83241
0b007b01 0b001101 10000 100 2 850 80676 83240
0b006a01 0b002f01 10000 100 12 1037 80493 83248
0b005201 0b005b01 10001 100 31 41121 40414 41663
0b007301 0b003701 10000 100 257 271 81269 83444
0b002701 0b001101 10000 100 10 1151 80408 83246
0b005401 0b005801 10000 100 2 41193 40405 41640
0b002701 0b001401 10000 100 4 1283 80370 83241
0b004401 0b000501 10000 100 1 1311 80348 83239
0b006401 0b004801 10000 100 82 1057 80608 83304
0b000301 0b007101 10000 100 1 1329 80348 83239
0b003701 0b002a01 10000 100 134 853 80824 83345
0b004001 0b001101 10000 100 33 1242 80448 83264
0b002301 0b002b01 10000 100 4 41515 40178 41641
0b001201 0b001701 10000 100 13 41539 40192 41648
0b001c01 0b006601 10000 100 57 1253 80528 83284
0b000501 0b006d01 10000 100 1 1439 80348 83239
0b002e01 0b007601 10000 100 1 1442 80348 83239
0b007301 0b001701 10000 100 1 1447 80348 83239
0b004f01 0b001c01 10000 100 34 81 81763 83265
0b007001 0b002a01 10000 100 10 1225 80630 83246
0b004501 0b005c01 10000 100 20 1455 80408 83254
0b001901 0b001801 10000 100 1 41674 40196 41639
0b004d01 0b000201 10000 100 2 1607 80352 83240
0b001801 0b007d01 10000 100 1 1623 80348 83239
0b005201 0b003701 10000 100 1 1643 80348 83239
0b004801 0b007201 10000 100 114 288 81729 83329
0b002601 0b007501 10000 100 301 712 81308 83479
0b001301 0b006501 10000 100 85 1412 80616 83306
0b004801 0b006901 10000 100 10 826 81239 83246
0b000801 0b006301 10000 100 43 1594 80485 83272
0b004101 0b000001 10000 100 1 950 81130 83239
0b000601 0b005d01 10000 100 273 894 81216 83456
0b004201 0b007b01 10000 100 50 479 81649 83278
0b003401 0b000101 10000 100 253 989 81152 83440
0b006501 0b001401 10000 100 179 833 81335 83381
0b002c01 0b007b01 10000 100 95 1531 80648 83314
0b006f01 0b001001 10000 100 54 1519 80674 83281
0b003201 0b005c01 10000 100 139 530 81671 83349
0b000f01 0b002001 10000 100 2 939 81271 83240
0b006a01 0b007301 10000 100 244 1072 81144 83433
0b002801 0b005501 10000 100 10 746 81471 83246
0b007401 0b002c01 10000 100 111 1532 80700 83327
0b007d01 0b007801 10000 100 171 41794 40479 41775
0b000101 0b006901 10000 100 10 1908 80376 83246
0b005001 0b004101 10000 100 1 1939 80348 83239
0b006f01 0b001601 10000 100 27 1849 80449 83260
0b003a01 0b004f01 10000 100 292 394 81912 83472
0b000c01 0b002a01 10000 100 180 1185 81121 83382
0b006001 0b000601 10000 100 4 1830 80527 83241
0b004f01 0b004201 10001 100 2 40856 41535 41640
0b000e01 0b002601 10000 100 10 1951 80443 83246
0b006e01 0b007b01 10000 100 1 2049 80348 83239
0b000601 0b004201 10000 100 2 1902 80528 83240
0b001801 0b007701 10000 100 1 1739 80697 83239
0b003401 0b001401 10000 100 10 1171 81278 83246
0b000e01 0b005401 10000 100 239 1321 81159 83429
0b004a01 0b004b01 10000 100 315 41738 40753 41890
0b000401 0b001901 10000 100 82 1858 80646 83304
0b004d01 0b004801 10000 100 467 41588 40920 42012
0b007c01 0b002501 10000 100 10 834 81679 83246
0b004101 0b000301 10000 100 247 1331 81189 83436
0b002201 0b006b01 10000 100 181 1618 80924 83383
0b003c01 0b001501 10000 100 221 1463 81089 83415
0b000801 0b002f01 10000 100 133 1761 80791 83344
0b004301 0b001301 10000 100 2 1541 81037 83240
0b002401 0b004d01 10000 100 1 2053 80532 83239
0b007e01 0b006001 10000 100 10 2194 80396 83246
0b007001 0b004301 10000 100 63 932 81694 83288
0b001801 0b001c01 10001 100 10 42473 40188 41646
0b002601 0b005001 10000 100 86 1696 80971 83307
0b000301 0b003001 10000 100 69 1816 80873 83293
0b000701 0b006a01 10000 100 346 1281 81452 83515
0b007301 0b002401 10000 100 10 2081 80652 83246
0b003101 0b005501 10000 100 230 1294 81468 83422
0b002c01 0b001001 10000 100 1 1905 80870 83239
0b002301 0b003701 10000 100 148 1967 80816 83356
0b001001 0b003601 10000 100 358 1319 81488 83524
0b004d01 0b001c01 10000 100 38 1685 81155 83268
0b007901 0b000601 10000 100 344 1360 81515 83513
0b000f01 0b004f01 10000 100 1 2568 80348 83239
0b002a01 0b001701 10000 100 2 2511 80409 83240
0b004001 0b000001 10000 100 10 1933 80989 83246
0b003d01 0b006101 10000 100 6 2237 80689 83243
0b004801 0b006301 10000 100 23 2520 80416 83256
0b006901 0b001001 10000 100 10 2285 80669 83246
0b001501 0b004801 10000 100 30 2517 80440 83262
0b004c01 0b003c01 10000 100 357 1365 81605 83524
0b004101 0b002c01 10000 100 1 2607 80377 83239
0b003201 0b007f01 10000 100 1 2296 80697 83239
0b003201 0b003301 10000 100 29 42778 40263 41661
0b005301 0b006c01 10000 100 93 2223 80850 83312
0b000401 0b001f01 10000 100 367 1554 81520 83532
0b002701 0b005201 10000 100 668 611 82481 83772
0b006601 0b005d01 10000 100 1 2236 80892 83239
0b004b01 0b007301 10000 100 10 2723 80411 83246
0b004c01 0b002a01 10000 100 10 1981 81171 83246
0b000901 0b005b01 10000 100 103 2414 80744 83320
0b004e01 0b006c01 10000 100 1 2730 80432 83239
0b006d01 0b004801 10000 100 220 2104 81067 83414
0b000501 0b005d01 10000 100 2 2671 80505 83240
0b005001 0b001701 10000 100 10 2307 80873 83246
0b000001 0b004201 10000 100 1 2720 80513 83239
0b007001 0b006301 10000 100 10 2579 80661 83246
0b004801 0b000901 10000 100 2 2890 80352 83240
0b004c01 0b001801 10000 100 1 2151 81098 83239
0b007601 0b000901 10000 100 688 598 82665 83788
0b006101 0b006f01 10000 100 130 42003 41263 41742
0b007401 0b007301 10000 100 2 42722 40619 41640
0b004401 0b000801 10000 100 203 2058 81292 83400
0b006001 0b002c01 10000 100 190 1378 81983 83390
0b005201 0b002501 10000 100 78 2639 80736 83300
0b006101 0b006901 10001 100 309 42449 40944 41885
0b002501 0b000a01 10000 100 334 1746 81663 83505
0b006001 0b002b01 10000 100 13 1972 81437 83248
0b006f01 0b000e01 10000 100 2 2622 80791 83240
0b001501 0b006201 10001 100 1 2653 80784 83239
0b004101 0b004f01 10000 100 10 43211 40228 41646
0b003a01 0b004901 10000 100 2 2192 81263 83240
0b002c01 0b000b01 10000 100 2 2882 80575 83240
0b006001 0b006e01 10000 100 1 42943 40514 41639
0b006701 0b002901 10000 100 178 2540 80926 83380
0b000201 0b000b01 10000 100 10 43291 40188 41646
0b001501 0b006201 10000 100 624 1049 82439 83737
0b003e01 0b007a01 10000 100 352 1788 81700 83520
0b001901 0b001501 10001 100 2 43323 40176 41640
0b007e01 0b004c01 10000 100 25 2893 80615 83258
0b006e01 0b001901 10000 100 1 2637 80918 83239
0b004701 0b005f01 10000 100 1 2662 80920 83239
0b002901 0b005201 10000 100 172 2720 80896 83376
0b007a01 0b002501 10000 100 6 2054 81565 83243
0b001d01 0b003901 10000 100 184 2277 81358 83385
0b001e01 0b003401 10000 100 416 1960 81676 83571
0b007201 0b004101 10000 100 109 2888 80752 83325
0b006301 0b006d01 10000 100 57 43391 40264 41684
0b004701 0b004e01 10000 100 1 43437 40232 41639
0b005c01 0b001c01 10000 100 162 2636 81044 83368
0b004d01 0b003901 10000 100 1 3187 80496 83239
0b001d01 0b005c01 10000 100 49 3153 80530 83277
0b004e01 0b007901 10000 100 1 3356 80348 83239
0b003f01 0b003a01 10000 100 13 43508 40234 41648
0b001301 0b005001 10000 100 120 2301 81442 83334
0b000701 0b006901 10000 100 2 3396 80352 83240
0b004a01 0b005601 10000 100 4 3146 80605 83241
0b006a01 0b007001 10000 100 110 2891 80864 83326
0b002101 0b007f01 10000 100 313 2418 81344 83488
0b001101 0b007601 10000 100 93 1774 81989 83312
0b006501 0b004f01 10000 100 2 2523 81253 83240
0b006b01 0b000201 10000 100 123 1539 82257 83336
0b005201 0b003601 10000 100 91 3187 80636 83311
0b006001 0b002901 10000 100 252 2677 81152 83440
0b007601 0b003001 10000 100 33 3156 80679 83264
0b002601 0b000d01 10000 100 1 3473 80391 83239
0b000101 0b004001 10000 100 10 3133 80739 83246
0b003b01 0b002401 10000 100 717 1022 82851 83812
0b006901 0b003801 10000 100 208 2885 81008 83404
0b007b01 0b006901 10000 100 2 3247 80652 83240
0b000d01 0b003901 10000 100 1 3324 80596 83239
0b007f01 0b000d01 10000 100 1 3593 80354 83239
0b004b01 0b000501 10000 100 1 3604 80348 83239
0b003401 0b004f01 10000 100 1 3424 80544 83239
0b001f01 0b000c01 10000 100 486 1486 82492 83627
0b005701 0b004701 10000 100 457 2176 81808 83604
0b006c01 0b005a01 10000 100 111 3286 80726 83327
0b006001 0b004901 10000 100 66 3418 80604 83291
0b001f01 0b004901 10000 100 143 1809 82217 83352
0b007d01 0b000901 10000 100 1 3161 80868 83239
0b004901 0b001801 10000 100 4 3595 80442 83241
0b004301 0b003001 10000 100 96 3412 80652 83315
0b005a01 0b004001 10000 100 176 3149 80923 83379
0b007d01 0b002501 10000 100 339 2279 81798 83509
0b002401 0b002501 10000 100 340 43371 40716 41910
0b005e01 0b006801 10000 100 5 3749 80360 83242
0b005501 0b002301 10000 100 31 3690 80444 83263
0b002b01 0b007901 10000 100 2 3794 80352 83240
0b001401 0b006701 10000 100 2 3795 80352 83240
0b002901 0b005401 10000 100 1 3252 80898 83239
0b004601 0b002601 10000 100 2 3580 80589 83240
0b004a01 0b007a01 10000 100 906 620 83550 83963
0b007601 0b007701 10000 100 13 43973 40202 41648
0b003801 0b006901 10000 100 127 3425 80752 83340
0b002e01 0b006a01 10000 100 274 2959 81220 83457
0b003901 0b000401 10000 100 108 3519 80688 83324
0b001d01 0b007901 10000 100 37 3583 80631 83268
0b000201 0b001701 10000 100 10 3903 80376 83246
0b000d01 0b003d01 10000 100 1 3879 80405 83239
0b000701 0b007c01 10000 100 285 3060 81256 83466
0b002801 0b003c01 10000 100 119 3615 80724 83333
0b003f01 0b000c01 10000 100 774 926 83436 83857
0b001501 0b004f01 10000 100 121 3654 80732 83335
0b004b01 0b003501 10000 100 1 3995 80392 83239
0b002001 0b002901 10000 100 26 44178 40214 41659
0b001b01 0b006801 10000 100 142 3042 81351 83352
0b000901 0b004c01 10000 100 1 3981 80413 83239
0b001f01 0b000f01 10000 100 597 1675 82735 83716
0b004201 0b001501 10000 100 118 3648 80770 83332
0b006901 0b001701 10000 100 23 3794 80625 83256
0b002901 0b002f01 10000 100 10 44240 40188 41646
0b000d01 0b003b01 10000 100 1 3998 80437 83239
0b005b01 0b000a01 10000 100 336 2755 81682 83507
0b001b01 0b001901 10000 100 4 44061 40380 41641
0b003e01 0b000b01 10000 100 1 887 83559 83239
0b004b01 0b002e01 10000 100 134 2879 81606 83345
0b003b01 0b000901 10000 100 193 3049 81455 83392
0b002801 0b000401 10000 100 1 4166 80348 83239
0b000801 0b002901 10000 100 1 3456 81062 83239
0b000201 0b000e01 10000 100 10 44337 40188 41646
0b007101 0b007001 10000 100 440 43655 40876 41990
0b004301 0b000c01 10000 100 10 4079 80454 83246
0b001f01 0b004e01 10000 100 2 3704 80843 83240
0b002c01 0b005901 10000 100 746 1792 82770 83835
0b006e01 0b007101 10000 100 1 4193 80372 83239
0b005f01 0b004a01 10000 100 19 3795 80777 83253
0b002701 0b007a01 10000 100 12 2471 82113 83248
0b005301 0b004901 10000 100 241 3440 81147 83431
0b007501 0b000901 10000 100 1 3906 80694 83239
0b003e01 0b001701 10000 100 2 3626 80979 83240
0b005901 0b000e01 10000 100 589 2401 82228 83709
0b003e01 0b000901 10000 100 4 2542 82111 83241
0b006d01 0b000201 10000 100 67 4103 80560 83292
0b001a01 0b004801 10000 100 10 4008 80665 83246
0b002801 0b004f01 10000 100 1 4333 80373 83239
0b007401 0b002801 10000 100 850 1654 83069 83918
0b001001 0b006501 10000 100 102 3613 81118 83320
0b001501 0b004b01 10000 100 73 4158 80576 83296
0b005f01 0b000f01 10000 100 53 4164 80573 83280
0b002401 0b001001 10000 100 34 3375 81373 83265
0b003701 0b004101 10000 100 2 4319 80435 83240
0b000601 0b000a01 10001 100 277 44156 40616 41860
0b002d01 0b002301 10000 100 138 42893 41900 41748
0b003601 0b001901 10000 100 2 4171 80628 83240
0b000601 0b000a01 10002 100 1 44179 40641 41639
0b003301 0b002301 10000 100 1 4414 80415 83239
0b005201 0b000b01 10000 100 284 2684 82158 83465
0b002101 0b004a01 10000 100 1 4262 80585 83239
0b000e01 0b006001 10000 100 9 4033 80816 83245
0b002c01 0b006f01 10000 100 1 4514 80348 83239
0b005801 0b005a01 10001 100 121 44516 40366 41735
0b002801 0b002a01 10001 100 10 44695 40188 41646
0b002601 0b003801 10000 100 212 3735 81153 83408
0b001101 0b006701 10000 100 39 4429 80468 83269
0b004b01 0b006e01 10000 100 1 4125 80772 83239
0b005f01 0b007301 10000 100 76 3223 81690 83299
0b007901 0b002c01 10000 100 89 2932 82008 83309
0b002401 0b004b01 10000 100 1 4558 80396 83239
0b005b01 0b004c01 10000 100 311 3403 81558 83487
0b000d01 0b004701 10000 100 2 3805 81164 83240
0b000901 0b000f01 10000 100 89 44658 40314 41709
0b003a01 0b000801 10000 100 217 3935 81040 83412
0b007101 0b006101 10000 100 2 4078 80910 83240
0b001501 0b004701 10000 100 1 3709 81282 83239
0b001b01 0b006601 10000 100 4 4382 80657 83241
0b007501 0b003e01 10000 100 1 4694 80348 83239
0b003a01 0b003c01 10000 100 160 44549 40502 41766
0b005c01 0b002101 10000 100 4 4705 80356 83241
0b005b01 0b002801 10000 100 391 3039 82035 83551
0b006401 0b002d01 10000 100 2 4626 80456 83240
0b003201 0b007601 10000 100 62 4272 80819 83288
0b007301 0b005201 10000 100 359 3619 81492 83525
0b003701 0b002201 10000 100 1 4763 80348 83239
0b004501 0b004f01 10001 100 1 44263 40860 41639
0b005401 0b005801 10001 100 875 43557 41572 42338
0b006401 0b007901 10000 100 305 3451 81679 83482
0b006c01 0b007401 10000 100 2 4698 80452 83240
0b001701 0b007f01 10000 100 871 1679 83480 83935
0b004801 0b004101 10000 100 2 44944 40220 41640
0b000b01 0b006101 10000 100 2 4831 80352 83240
0b007c01 0b001201 10000 100 163 4143 81044 83368
0b006c01 0b001501 10000 100 271 3744 81454 83455
0b007401 0b004d01 10000 100 42 4096 81108 83272
0b006301 0b003201 10000 100 41 4742 80476 83271
0b004501 0b007d01 10000 100 341 3132 82087 83511
0b006201 0b005201 10000 100 102 4526 80705 83320
0b004501 0b004601 10000 100 1205 42944 42323 42640
0b005501 0b002e01 10000 100 2461 336 84934 85284
0b003601 0b004601 10000 100 1112 1582 83723 84166
0b000a01 0b001701 10000 100 110 4612 80696 83326
0b003801 0b002101 10000 100 10 4604 80713 83246
0b000c01 0b002701 10000 100 4 4035 81286 83241
0b003101 0b004f01 10000 100 10 4950 80403 83246
0b005701 0b000301 10000 100 10 4682 80673 83246
0b007601 0b001101 10000 100 2 4515 80908 83240
0b004d01 0b001a01 10000 100 10 4645 80825 83246
0b007301 0b001001 10000 100 1 4864 80617 83239
0b001801 0b002e01 10000 100 225 3907 81581 83418
0b005801 0b001901 10000 100 1845 1207 84298 84752
0b000501 0b001b01 10000 100 87 4888 80624 83308
0b005a01 0b003901 10000 100 2 4672 80867 83240
0b003401 0b003701 10000 100 2 45379 40176 41640
0b004301 0b000001 10000 100 2 5214 80352 83240
0b001c01 0b002d01 10000 100 32 5134 80448 83264
0b000001 0b007201 10000 100 103 3204 82390 83320
0b005501 0b006a01 10000 100 847 2315 83279 83916
0b006d01 0b003a01 10000 100 8 5242 80368 83244
0b006201 0b004901 10000 100 644 2947 82666 83753
0b007901 0b004101 10000 100 264 4191 81506 83449
0b001601 0b003001 10000 100 1 5350 80348 83239
0b001901 0b002201 10000 100 63 4947 80769 83288
0b002901 0b004a01 10000 100 1 5083 80662 83239
0b004801 0b007901 10000 100 85 4151 81625 83306
0b003801 0b002a01 10000 100 233 3796 81987 83424
0b006201 0b002801 10000 100 10 4883 80903 83246
0b005301 0b005801 10000 100 25 45593 40212 41658
0b006e01 0b002201 10000 100 347 4268 81539 83516
0b001b01 0b004501 10000 100 10 5441 80376 83246
0b002401 0b007c01 10000 100 2 5061 80762 83240
0b001001 0b002a01 10000 100 82 4707 81127 83304
0b004e01 0b007301 10000 100 213 4819 81024 83408
0b002601 0b006801 10000 100 255 4611 81248 83442
0b000101 0b002a01 10000 100 2 4517 81354 83240
0b001c01 0b001f01 10000 100 652 44657 41216 42160
0b002f01 0b005101 10000 100 389 4218 81691 83549
0b006601 0b001601 10000 100 106 5241 80684 83323
0b003d01 0b006301 10000 100 12 5416 80521 83248
0b005601 0b001e01 10000 100 674 3455 82500 83777
0b006201 0b007b01 10000 100 404 3062 82911 83561
0b003101 0b007c01 10000 100 1 4896 81089 83239
0b007e01 0b006801 10000 100 115 4741 81248 83330
0b005f01 0b006701 10000 100 131 4677 81324 83343
0b003201 0b004701 10000 100 2 5304 80716 83240
0b005a01 0b003701 10000 100 185 5103 80936 83386
0b006601 0b007501 10000 100 18 4092 81956 83252
0b000b01 0b007801 10000 100 85 5139 80915 83306
0b006101 0b004501 10000 100 1 4564 81504 83239
0b006301 0b000101 10000 100 1333 2169 83928 84343
0b001e01 0b004b01 10000 100 203 4555 81564 83400
0b001401 0b002601 10000 100 8 5762 80368 83244
0b002a01 0b000b01 10000 100 1 5377 80757 83239
0b006c01 0b000501 10000 100 1 4917 81219 83239
0b006901 0b002101 10000 100 306 4830 81324 83483
0b001401 0b000101 10000 100 91 5528 80650 83311
0b000e01 0b003701 10000 100 37 5551 80632 83268
0b007c01 0b004801 10000 100 676 3418 82800 83779
0b004601 0b005401 10000 100 849 3058 83162 83917
0b002901 0b002a01 10002 100 544 45086 41135 42073
0b001e01 0b004101 10000 100 115 4289 81932 83330
0b000501 0b007301 10000 100 431 4374 81852 83583
0b005601 0b000a01 10000 100 196 5255 80972 83395
0b002f01 0b004b01 10000 100 15 5798 80437 83250
0b004001 0b001e01 10000 100 1 5855 80390 83239
0b004e01 0b000201 10000 100 67 5568 80707 83292
0b001101 0b000901 10000 100 211 4891 81399 83407
0b004001 0b000e01 10000 100 10 5751 80542 83246
0b002501 0b000901 10000 100 10 5786 80511 83246
0b006701 0b001b01 10000 100 49 4384 81928 83277
0b006201 0b007801 10000 100 30 3400 82918 83262
0b005e01 0b001801 10000 100 2 5205 81118 83240
0b004401 0b007901 10000 100 48 5275 81056 83276
0b000f01 0b002701 10000 100 10 5761 80575 83246
0b001101 0b004a01 10000 100 41 5655 80683 83271
0b006701 0b004e01 10000 100 1 4653 81707 83239
0b001701 0b000e01 10000 100 10 5995 80376 83246
0b007901 0b001101 10000 100 16 5980 80396 83251
0b004101 0b006a01 10000 100 2 5457 80922 83240
0b007201 0b000701 10000 100 572 4207 82176 83696
0b006f01 0b002c01 10000 100 2 5622 80773 83240
0b001001 0b004101 10000 100 597 4029 82377 83716
0b006c01 0b006001 10000 100 2 46042 40373 41640
0b006601 0b004401 10000 100 359 4474 81969 83525
0b003d01 0b006001 10000 100 13 5794 80649 83248
0b001201 0b000701 10000 100 36 5078 81376 83267
0b006e01 0b004b01 10000 100 10 4883 81584 83246
0b004301 0b005401 10000 100 141 4851 81634 83351
0b004b01 0b002a01 10000 100 1 6152 80348 83239
0b007401 0b000201 10000 100 1 6159 80348 83239
0b004a01 0b006e01 10000 100 391 4906 81633 83551
0b001301 0b004001 10000 100 412 3956 82592 83568
0b001e01 0b001901 10000 100 10 46183 40389 41646
0b001301 0b005d01 10000 100 10 5702 80894 83246
0b006701 0b003601 10000 100 129 4877 81746 83341
0b003701 0b001201 10000 100 106 5944 80684 83323
0b004001 0b000601 10000 100 8 6260 80368 83244
0b004501 0b003b01 10000 100 10 5955 80678 83246
0b000e01 0b000501 10001 100 80 46308 40338 41702
0b001e01 0b000001 10000 100 776 3820 82828 83859
0b001901 0b001701 10000 100 2 46394 40264 41640
0b007e01 0b000e01 10000 100 2 6128 80530 83240
0b003d01 0b002201 10000 100 4 6051 80628 83241
0b006301 0b004b01 10000 100 190 4913 81776 83390
0b004201 0b004101 10000 100 153 46278 40416 41760
0b006d01 0b000001 10000 100 2 5889 80807 83240
0b000301 0b007c01 10000 100 2 6345 80356 83240
0b006001 0b004c01 10000 100 4 6253 80454 83241
0b002001 0b007e01 10000 100 10 4320 82390 83246
0b000801 0b002501 10000 100 1 5295 81444 83239
0b000901 0b007701 10000 100 1104 2527 84229 84160
0b003b01 0b007b01 10000 100 9 6380 80378 83245
0b007101 0b003201 10000 100 62 6233 80544 83288
0b007d01 0b002a01 10000 100 1 6440 80348 83239
0b002201 0b000101 10000 100 2 6490 80352 83240
0b002501 0b004d01 10000 100 1 6509 80348 83239
0b000801 0b005e01 10000 100 44 5916 80944 83273
0b001001 0b005c01 10000 100 1111 3192 83671 84165
0b005e01 0b002201 10000 100 190 5917 80952 83390
0b005801 0b001f01 10000 100 224 5851 81060 83417
0b001601 0b005a01 10000 100 202 5434 81489 83400
0b003901 0b006c01 10000 100 186 5966 81018 83387
0b004f01 0b005901 10000 100 10 6523 80462 83246
0b001b01 0b003b01 10000 100 1 6621 80369 83239
0b004501 0b005c01 10001 100 53 6487 80512 83280
0b007b01 0b004901 10000 100 476 4657 82345 83619
0b006f01 0b005e01 10000 100 575 4262 82759 83698
0b001701 0b002801 10000 100 10 6364 80657 83246
0b003701 0b000001 10000 100 10 6654 80378 83246
0b003b01 0b004701 10000 100 2 6676 80382 83240
0b005701 0b001c01 10000 100 29 6653 80436 83261
0b002b01 0b001801 10000 100 100 5942 81149 83318
0b000201 0b005e01 10000 100 1 6281 80813 83239
0b007201 0b006e01 10000 100 1 6767 80348 83239
0b007001 0b000101 10000 100 10 6519 80596 83246
0b004601 0b000701 10000 100 1 6739 80378 83239
0b004701 0b004b01 10000 100 1 46940 40186 41639
0b004101 0b006401 10000 100 61 6481 80661 83287
0b007901 0b007101 10000 100 1 46971 40174 41639
0b007801 0b006201 10000 100 10 5858 81313 83246
0b001101 0b000d01 10000 100 8 6404 80780 83244
0b004301 0b005d01 10000 100 95 6518 80672 83314
0b007401 0b003401 10000 100 152 5452 81746 83360
0b006b01 0b001f01 10000 100 210 5497 81704 83406
0b003a01 0b000301 10000 100 1 6885 80348 83239
0b003101 0b005f01 10000 100 4 6572 80684 83241
0b000c01 0b006c01 10000 100 1 6806 80471 83239
0b006601 0b004301 10000 100 146 5864 81416 83355
0b007b01 0b000b01 10000 100 1 6767 80514 83239
0b000401 0b007701 10000 100 643 3593 83688 83752
0b001901 0b000901 10000 100 303 5938 81349 83480
0b003c01 0b004501 10000 100 136 6508 80780 83347
0b007d01 0b003a01 10000 100 1 6566 80751 83239
0b005601 0b005301 10000 100 1 47143 40174 41639
0b006601 0b000501 10000 100 135 6284 81044 83346
0b004101 0b001701 10000 100 492 5375 81956 83632
0b001401 0b000901 10000 100 1 6952 80383 83239
0b007701 0b003501 10000 100 286 6084 81260 83467
0b001b01 0b000a01 10000 100 165 6472 80872 83370
0b004501 0b006f01 10000 100 6 5088 82286 83243
0b003901 0b000701 10000 100 105 6540 80837 83322
0b005a01 0b003c01 10000 100 4 6421 80975 83241
0b004601 0b001b01 10000 100 163 6456 80956 83368
0b005901 0b004d01 10000 100 141 6523 80903 83351
0b005d01 0b007e01 10000 100 1001 3091 84339 84077
0b004f01 0b003601 10000 100 1 6664 80814 83239
0b003801 0b007d01 10000 100 2 7095 80396 83240
0b000e01 0b004101 10000 100 2 6740 80792 83240
0b003401 0b006601 10000 100 83 6822 80755 83304
0b000601 0b000b01 10000 100 141 46901 40679 41751
0b001801 0b002e01 10001 100 27 7097 80483 83260
0b004b01 0b007701 10000 100 1 7262 80348 83239
0b000901 0b004501 10000 100 2 7259 80352 83240
0b007301 0b007701 10000 100 1 47446 40174 41639
0b005101 0b006a01 10000 100 193 5676 81975 83392
0b000d01 0b007b01 10000 100 4 7260 80394 83241
0b007701 0b000501 10000 100 66 7027 80633 83291
0b001001 0b000a01 10000 100 56 6328 81339 83283
0b002c01 0b000201 10000 100 299 6249 81421 83477
0b002f01 0b007101 10000 100 39 7135 80547 83269
0b007b01 0b005901 10000 100 10 6775 80908 83246
0b005d01 0b001401 10000 100 182 6409 81290 83384
0b002501 0b002101 10000 100 10 47519 40188 41646
0b007701 0b002001 10000 100 116 6267 81441 83331
0b001a01 0b002b01 10000 100 2566 2565 85157 85368
0b005201 0b001301 10000 100 400 6103 81624 83558
0b000801 0b000e01 10000 100 2 47421 40312 41640
0b001e01 0b005601 10000 100 10 7349 80421 83246
0b007d01 0b004801 10000 100 2 7421 80352 83240
0b003801 0b004e01 10000 100 16 6916 80860 83251
0b004101 0b002301 10000 100 10 5240 82554 83246
0b003501 0b000b01 10000 100 111 6712 81112 83327
0b001a01 0b007501 10000 100 18 7501 80400 83252
0b001701 0b007901 10000 100 2 5334 82579 83240
0b006601 0b003601 10000 100 1 7189 80733 83239
0b000b01 0b005601 10000 100 564 3137 84786 83689
0b001e01 0b000701 10000 100 445 5903 82037 83594
0b006a01 0b002a01 10000 100 1 7591 80356 83239
0b001001 0b006801 10000 100 81 6880 81069 83303
0b003601 0b001501 10000 100 231 6733 81229 83423
0b002101 0b003701 10000 100 1276 3576 84404 84297
0b007b01 0b002401 10000 100 429 5889 82099 83581
0b005e01 0b003d01 10000 100 159 6786 81222 83365
0b005d01 0b007701 10000 100 501 3224 84807 83639
0b005f01 0b003a01 10000 100 237 5600 82439 83428
0b007b01 0b006d01 10000 100 639 5657 82388 83749
0b007f01 0b005001 10000 100 238 6879 81168 83428
0b000e01 0b004401 10000 100 1 7676 80422 83239
0b004f01 0b006b01 10000 100 579 5054 83082 83701
0b002e01 0b000a01 10000 100 65 7273 80889 83290
0b001701 0b006d01 10000 100 115 7083 81092 83330
0b001001 0b005101 10000 100 13 7413 80763 83248
0b007f01 0b003101 10000 100 2 7620 80561 83240
0b000901 0b002601 10000 100 8 6363 81824 83244
0b004b01 0b003f01 10000 100 1508 4127 84069 84483
0b007701 0b002201 10000 100 2 7566 80642 83240
0b007f01 0b005201 10000 100 205 7037 81192 83402
0b003601 0b003701 10000 100 313 47241 41015 41888
0b004701 0b001901 10000 100 10 7881 80376 83246
0b006b01 0b006f01 10000 100 1 48095 40174 41639
0b007101 0b005b01 10000 100 499 6278 81995 83637
0b005f01 0b005e01 10000 100 32 47726 40549 41664
0b007f01 0b004d01 10000 100 1 7165 81112 83239
0b007801 0b003701 10000 100 108 7531 80757 83324
0b004901 0b001901 10000 100 1 7962 80348 83239
0b007801 0b005801 10000 100 177 7420 80916 83380
0b001801 0b002a01 10000 100 196 7371 80972 83395
0b001b01 0b006f01 10000 100 93 7655 80692 83312
0b005901 0b002901 10000 100 2 7211 81136 83240
0b005801 0b007b01 10000 100 10 7405 80957 83246
0b003d01 0b005a01 10000 100 256 7209 81164 83443
0b006601 0b000001 10000 100 65 7604 80770 83290
0b005f01 0b004a01 10001 100 102 7705 80672 83320
0b005b01 0b001e01 10000 100 10 7882 80506 83246
0b006f01 0b007f01 10000 100 9 6340 82053 83245
0b000301 0b002901 10000 100 10 8029 80376 83246
0b004f01 0b003601 10001 100 1 7687 80749 83239
0b005401 0b003201 10000 100 1294 4604 83849 84312
0b003b01 0b003301 10001 100 565 46937 41525 42090
0b002a01 0b004301 10000 100 89 7829 80639 83309
0b005801 0b002c01 10000 100 10 8034 80471 83246
0b005b01 0b007001 10000 100 10 6927 81589 83246
0b002d01 0b003c01 10000 100 2 7920 80596 83240
0b003701 0b004101 10001 100 1 8202 80348 83239
0b004601 0b007701 10000 100 96 7706 80858 83315
0b005801 0b003b01 10000 100 13 8140 80424 83248
0b000301 0b002501 10000 100 2 7608 80980 83240
0b007401 0b006b01 10000 100 2 8096 80492 83240
0b007501 0b001001 10000 100 6 7929 80707 83243
0b001201 0b007e01 10000 100 2 8288 80352 83240
0b002f01 0b001201 10000 100 43 8165 80480 83272
0b006501 0b002301 10000 100 36 6349 82313 83267
0b003901 0b001001 10000 100 10 8204 80469 83246
0b005601 0b005a01 10000 100 36 48453 40230 41667
0b002c01 0b000301 10000 100 872 5582 83136 83936
0b001201 0b004201 10000 100 1 8408 80348 83239
0b004801 0b001e01 10000 100 8 8420 80368 83244
0b006101 0b001601 10000 100 1452 3741 85072 84438
0b004d01 0b001401 10000 100 118 7401 81424 83332
0b003e01 0b006901 10000 100 125 7494 81350 83338
0b007b01 0b004d01 10000 100 1 7835 81024 83239
0b006201 0b007a01 10000 100 716 5534 83327 83811
0b002d01 0b003e01 10000 100 24 8134 80745 83257
0b005401 0b006a01 10000 100 10 8187 80705 83246
0b001c01 0b006401 10000 100 165 7704 81201 83370
0b002f01 0b003701 10000 100 626 6395 82533 83739
0b007301 0b002501 10000 100 1391 3647 85284 84389
0b007c01 0b006b01 10000 100 2 8377 80563 83240
0b001801 0b005401 10000 100 124 8211 80742 83337
0b002401 0b000e01 10000 100 438 6948 82021 83588
0b001101 0b006301 10000 100 85 8362 80616 83306
0b007a01 0b001301 10000 100 13 8605 80384 83248
0b001301 0b000701 10000 100 10 8633 80376 83246
0b006501 0b006b01 10000 100 62 48747 40272 41688
0b005301 0b005701 10000 100 472 48111 40928 42016
0b003601 0b001701 10000 100 456 7181 81882 83603
0b004201 0b001b01 10000 100 104 8271 80792 83321
0b006801 0b000301 10000 100 64 7773 81325 83289
0b000801 0b003c01 10000 100 10 8459 80664 83246
0b004b01 0b005501 10000 100 1 8788 80348 83239
0b007701 0b001c01 10000 100 713 6170 82985 83808
0b005e01 0b000401 10000 100 223 8123 81056 83416
0b004f01 0b004b01 10000 100 1 49009 40174 41639
0b001201 0b006101 10000 100 2 8426 80760 83240
0b002501 0b004e01 10000 100 2 8752 80452 83240
0b007501 0b006501 10000 100 1 8875 80348 83239
0b006301 0b003e01 10000 100 73 8323 80911 83296
0b006501 0b002b01 10000 100 641 6675 82575 83751
0b001001 0b006901 10000 100 10 8131 81122 83246
0b002401 0b001201 10000 100 2 8902 80352 83240
0b003601 0b003301 10000 100 13 48966 40289 41648
0b007601 0b003601 10000 100 1 8697 80573 83239
0b006901 0b000e01 10000 100 595 6333 82949 83714
0b007e01 0b003001 10000 100 10 8631 80687 83246
0b003501 0b005c01 10000 100 2 8303 81033 83240
0b006701 0b000801 10000 100 324 7882 81454 83497
0b005801 0b003b01 10001 100 6 9008 80364 83243
0b005101 0b005701 10001 100 2 49196 40176 41640
0b002401 0b007701 10000 100 1 9042 80350 83239
0b005a01 0b000901 10000 100 139 8449 80952 83349
0b002e01 0b000801 10000 100 131 8338 81074 83343
0b005701 0b004601 10000 100 698 6840 82576 83796
0b004001 0b006001 10000 100 149 8537 80879 83357
0b004c01 0b006301 10000 100 2 8447 80977 83240
0b003201 0b003801 10000 100 417 48620 40840 41972
0b005c01 0b006201 10000 100 1 9088 80376 83239
0b004901 0b005201 10000 100 1 9031 80446 83239
0b003601 0b006601 10000 100 27 8970 80519 83260
0b005b01 0b004401 10000 100 539 7237 82266 83669
0b003b01 0b003801 10000 100 1 49310 40198 41639
0b000001 0b000101 10000 100 97 49195 40328 41716
0b003001 0b006601 10000 100 113 6085 83438 83328
0b003301 0b003701 10001 100 371 48414 41114 41935
0b007401 0b007e01 10000 100 254 48954 40578 41841
0b007c01 0b003c01 10000 100 340 7643 81906 83510
0b002201 0b001f01 10000 100 10 9102 80454 83246
0b001101 0b004701 10000 100 113 8609 80953 83328
0b001d01 0b002701 10000 100 10 8033 81570 83246
0b003301 0b002f01 10000 100 137 8707 80900 83348
0b002d01 0b000501 10000 100 174 8729 80900 83377
0b005301 0b004401 10000 100 325 8208 81433 83498
0b001d01 0b006d01 10000 100 771 5550 84101 83855
0b004901 0b004601 10000 100 10 48877 40780 41646
0b000801 0b005201 10000 100 10 8508 81166 83246
0b000701 0b001f01 10000 100 135 8732 80943 83346
0b002a01 0b003001 10000 100 222 7624 82073 83416
0b004901 0b000a01 10000 100 9 9113 80592 83245
0b002101 0b006a01 10000 100 10 9257 80455 83246
0b000f01 0b004501 10000 100 192 8480 81247 83392
0b007401 0b007d01 10000 100 962 48017 41712 42408
0b003701 0b001101 10000 100 568 7579 82160 83692
0b002b01 0b006a01 10000 100 36 9160 80585 83267
0b007b01 0b002101 10000 100 2 9208 80548 83240
0b002201 0b005501 10000 100 390 8129 81634 83550
0b000d01 0b007b01 10001 100 227 8134 81641 83420
0b007101 0b006001 10000 100 51 8985 80793 83279
0b002e01 0b006f01 10000 100 1 8724 81075 83239
0b001501 0b002101 10000 100 10 9396 80408 83246
0b000c01 0b001301 10000 100 1 9458 80348 83239
0b004501 0b003f01 10000 100 188 8828 80982 83388
0b004f01 0b000201 10000 100 370 8297 81528 83534
0b003d01 0b002b01 10000 100 2 9474 80352 83240
0b001601 0b000f01 10000 100 16 8996 80846 83251
0b002501 0b004f01 10000 100 737 7153 82704 83828
0b005301 0b003501 10000 100 243 8749 81120 83432
0b004101 0b005501 10000 100 98 9108 80765 83316
0b003901 0b001c01 10000 100 522 7841 82033 83656
0b001d01 0b005601 10000 100 2 8486 81404 83240
0b003501 0b004c01 10000 100 32 8689 81223 83264
0b004101 0b002c01 10001 100 184 8156 81765 83385
0b000801 0b001001 10000 100 39 6667 83288 83269
0b000301 0b005601 10000 100 1 8691 81264 83239
0b001c01 0b004701 10000 100 2 9548 80462 83240
0b007d01 0b005901 10000 100 499 8089 81940 83637
0b007201 0b003f01 10000 100 4 9704 80356 83241
0b007501 0b006001 10000 100 130 8922 81144 83342
0b006b01 0b003d01 10000 100 707 7465 82630 83804
0b007701 0b007c01 10000 100 13 49903 40192 41648
0b000f01 0b000401 10000 100 4 49899 40202 41641
0b007b01 0b002401 10001 100 151 9299 80828 83359
0b007f01 0b001c01 10000 100 2 9263 80882 83240
0b000701 0b006701 10000 100 152 9058 81092 83360
0b006f01 0b004f01 10000 100 323 8541 81624 83496
0b003b01 0b001101 10000 100 295 8539 81635 83474
0b005d01 0b002501 10000 100 2 8385 81821 83240
0b001401 0b004101 10000 100 10 9195 81029 83246
0b006b01 0b000a01 10000 100 454 8028 82217 83601
0b000801 0b000501 10000 100 13 50062 40192 41648
0b006401 0b006501 10001 100 307 49618 40664 41884
0b001501 0b002d01 10000 100 2 9816 80469 83240
0b007a01 0b005001 10000 100 47 9539 80761 83276
0b003c01 0b004101 10000 100 1 9960 80348 83239
0b000d01 0b000701 10000 100 498 49342 40968 42036
0b000801 0b004d01 10000 100 61 9225 81089 83287
0b001001 0b003801 10000 100 1614 6239 84132 84568
0b005b01 0b002501 10000 100 43 8020 82359 83272
0b007301 0b001001 10001 100 224 9259 81141 83417
0b006801 0b007001 10000 100 2 8884 81517 83240
0b004c01 0b006301 10001 100 147 9587 80816 83356
0b005901 0b004501 10000 100 259 8185 82225 83445
0b007401 0b004f01 10000 100 249 8970 81466 83437
0b007101 0b001d01 10000 100 461 8553 81883 83607
0b006601 0b007901 10000 100 252 9280 81169 83440
0b004401 0b004901 10000 100 2 50014 40441 41640
0b002501 0b005d01 10000 100 117 9738 80720 83332
0b000901 0b000001 10000 100 21 50155 40316 41655
0b001a01 0b002d01 10000 100 206 9475 81013 83403
0b000801 0b006101 10000 100 666 7816 82673 83771
0b004b01 0b002001 10000 100 2 9923 80574 83240
0b004c01 0b003701 10000 100 2 8774 81739 83240
0b001301 0b000201 10000 100 176 9615 80908 83379
0b007e01 0b000a01 10000 100 34 10064 80478 83265
0b003201 0b004901 10000 100 92 9102 81443 83312
0b002d01 0b005a01 10000 100 1668 5598 84954 84611
0b006e01 0b002901 10000 100 159 9303 81250 83365
0b002801 0b003101 10000 100 2 8469 82084 83240
0b001901 0b001a01 10000 100 144 49387 41168 41753
0b000c01 0b006a01 10000 100 1 10039 80522 83239
0b000501 0b007e01 10000 100 518 8254 82333 83652
0b001601 0b006001 10000 100 428 8737 81855 83580
0b004801 0b002301 10000 100 4 9432 81165 83241
0b004601 0b004001 10000 100 1 50426 40174 41639
0b006601 0b003f01 10000 100 2 8976 81625 83240
0b003701 0b003301 10000 100 1 50427 40174 41639
0b001901 0b005c01 10000 100 522 7345 83258 83656
0b006201 0b001401 10000 100 48 10118 80496 83276
0b005c01 0b002701 10000 100 13 10243 80384 83248
0b002c01 0b003c01 10000 100 219 7997 82649 83413
0b001301 0b007d01 10000 100 60 10056 80625 83286
0b002101 0b003601 10000 100 544 7632 83062 83673
0b000301 0b004401 10000 100 2 10345 80352 83240
0b002a01 0b004901 10000 100 1 9837 80892 83239
0b004601 0b001101 10000 100 1 10321 80430 83239
0b007d01 0b000701 10000 100 2 8869 81887 83240
0b006401 0b006e01 10000 100 210 50274 40508 41806
0b001e01 0b006301 10000 100 25 10357 80427 83258
0b000701 0b000001 10000 100 513 49769 41040 42048
0b007101 0b006301 10000 100 78 9272 81561 83300
0b007401 0b004e01 10000 100 118 10127 80720 83332
0b004a01 0b002301 10000 100 10 10496 80376 83246
0b001a01 0b004b01 10000 100 1 9488 81445 83239
0b005001 0b005b01 10000 100 558 49568 41376 42084
0b007901 0b007201 10000 100 28 50628 40321 41660
0b007801 0b003501 10000 100 2 10562 80392 83240
0b003e01 0b005e01 10000 100 89 10286 80674 83309
0b003c01 0b004b01 10000 100 10 10434 80547 83246
0b002401 0b007201 10000 100 30 9793 81198 83262
0b002d01 0b003901 10000 100 6 9864 81127 83243
0b006c01 0b007401 10001 100 307 9227 81775 83484
0b007001 0b000601 10000 100 10 10550 80452 83246
0b002601 0b001f01 10000 100 10 10638 80376 83246
0b000801 0b001b01 10000 100 556 8742 82277 83683
0b004001 0b002601 10000 100 891 7831 83196 83951
0b001501 0b000f01 10000 100 166 10151 80876 83371
0b001201 0b002101 10000 100 281 9436 81594 83463
0b007901 0b003f01 10000 100 15 10507 80538 83250
0b002601 0b006d01 10000 100 191 9761 81301 83391
0b000a01 0b007601 10000 100 351 9477 81610 83519
0b002e01 0b004001 10000 100 542 8611 82483 83672
0b002a01 0b004501 10000 100 1 10741 80353 83239
0b006f01 0b002701 10000 100 2 10688 80427 83240
0b001b01 0b002901 10000 100 2 10735 80386 83240
0b005401 0b007f01 10000 100 1213 7133 84002 84247
0b006001 0b002201 10000 100 10 10635 80504 83246
0b003901 0b003501 10000 100 108 50805 40344 41724
0b007301 0b004101 10000 100 1 10126 81058 83239
0b003b01 0b003d01 10000 100 38 50905 40287 41668
0b000f01 0b007e01 10000 100 1 10860 80348 83239
0b006401 0b002501 10000 100 942 7850 83360 83992
0b006901 0b006001 10000 100 100 50924 40332 41718
0b004601 0b005a01 10000 100 198 10207 81052 83396
0b005c01 0b003801 10000 100 10 10860 80410 83246
0b007c01 0b001601 10000 100 1 10902 80368 83239
0b004c01 0b007101 10000 100 1045 7498 83809 84112
0b003101 0b005201 10000 100 61 10773 80540 83287
0b006d01 0b000b01 10000 100 190 10143 81180 83390
0b001601 0b002501 10000 100 104 9978 81353 83321
0b003901 0b002e01 10000 100 2 10978 80383 83240
0b002301 0b002f01 10000 100 2 51191 40176 41640
0b005901 0b004c01 10000 100 2 8738 82640 83240
0b001601 0b002501 10001 100 9 10791 80588 83245
0b003801 0b004b01 10000 100 319 9711 81685 83493
0b000c01 0b000501 10001 100 1 51234 40174 41639
0b002401 0b002901 10000 100 1 51181 40230 41639
0b000501 0b004f01 10000 100 160 9682 81735 83366
0b007401 0b006c01 10000 100 16 11035 80396 83251
0b003b01 0b004601 10000 100 224 10362 81082 83417
0b002001 0b003501 10000 100 10 11069 80376 83246
0b006301 0b002a01 10000 100 26 10365 81082 83259
0b001801 0b003901 10000 100 107 10589 80859 83324
0b003301 0b000d01 10000 100 680 8929 82520 83782
0b004101 0b005b01 10000 100 191 10501 80956 83391
0b005101 0b004401 10000 100 10 10869 80592 83246
0b007601 0b004401 10000 100 177 10265 81227 83380
0b005a01 0b007101 10000 100 128 10742 80752 83340
0b006f01 0b000701 10001 100 529 8820 82675 83661
0b003b01 0b001b01 10000 100 10 11075 80434 83246
0b005501 0b007301 10000 100 74 10895 80614 83297
0b007001 0b006901 10000 100 503 9567 81952 83640
0b006c01 0b003201 10000 100 4 9574 81969 83241
0b003d01 0b003f01 10000 100 1 51357 40202 41639
0b006a01 0b002c01 10000 100 451 8868 82723 83599
0b003401 0b002801 10000 100 47 11102 80496 83276
0b003a01 0b000901 10000 100 2 10847 80774 83240
0b003201 0b003101 10000 100 10 51438 40188 41646
0b002001 0b005001 10000 100 18 10675 80952 83252
0b003c01 0b001901 10000 100 49 10832 80814 83277
0b006a01 0b004a01 10000 100 897 8449 83216 83956
0b002001 0b006b01 10000 100 306 10335 81340 83483
0b007b01 0b002b01 10000 100 26 10994 80682 83259
0b001801 0b007401 10000 100 12 11295 80384 83248
0b006c01 0b001501 10001 100 107 9569 82118 83324
0b004c01 0b006601 10000 100 45 10689 81008 83274
0b005001 0b004301 10000 100 80 10585 81114 83302
0b004901 0b006b01 10000 100 10 11262 80445 83246
0b000501 0b000201 10000 100 2 51533 40176 41640
0b007a01 0b003d01 10000 100 189 10521 81195 83389
0b000401 0b000701 10000 100 340 50749 40969 41910
0b003c01 0b002001 10000 100 10 10869 80855 83246
0b001b01 0b005301 10000 100 32 10803 80937 83264
0b002001 0b002601 10000 100 123 51122 40643 41736
0b003001 0b000501 10000 100 13 11254 80511 83248
0b006501 0b001a01 10000 100 60 11253 80536 83286
0b002101 0b006e01 10000 100 198 10726 81063 83396
0b005c01 0b005301 10000 100 391 50993 40798 41951
0b005601 0b005a01 10001 100 15 51607 40196 41650
0b004b01 0b004a01 10000 100 2131 49024 42794 43420
0b002c01 0b005901 10001 100 487 9796 82047 83628
0b000601 0b000101 10000 100 10 51670 40188 41646
0b007301 0b001c01 10000 100 90 11237 80632 83310
0b000501 0b006c01 10000 100 29 10231 81641 83261
0b005e01 0b002501 10000 100 118 10548 81328 83332
0b006e01 0b006101 10000 100 1 51709 40174 41639
0b004101 0b005201 10000 100 88 10388 81511 83308
0b000101 0b000201 10000 100 55 51641 40260 41682
0b000c01 0b001701 10000 100 572 9512 82408 83696
0b005101 0b000b01 10000 100 202 10932 80992 83400
0b007001 0b001c01 10000 100 27 11476 80453 83260
0b003e01 0b006801 10000 100 1086 8184 83769 84145
0b006c01 0b002701 10000 100 99 11094 80870 83317
0b000f01 0b001101 10000 100 2 11384 80584 83240
0b005301 0b000f01 10000 100 2 11426 80546 83240
0b003101 0b007801 10000 100 179 11078 80918 83381
0b007001 0b006701 10000 100 10 11623 80376 83246
0b003801 0b004701 10000 100 641 9452 82559 83751
0b001701 0b004501 10000 100 477 10133 81906 83620
0b003901 0b003701 10001 100 2733 47402 44644 43901
0b002b01 0b003201 10000 100 1 10936 81129 83239
0b002e01 0b000801 10001 100 1 11716 80360 83239
0b006c01 0b002d01 10000 100 10 11707 80376 83246
0b003b01 0b003f01 10000 100 8 51591 40523 41644
0b007b01 0b005f01 10000 100 1745 7673 84446 84672
0b007501 0b004701 10000 100 10 11757 80376 83246
0b004e01 0b007b01 10000 100 1 11555 80592 83239
0b003701 0b003401 10000 100 4 52001 40178 41641
0b002e01 0b003d01 10000 100 390 10610 81592 83550
0b007101 0b006b01 10000 100 1 11058 81159 83239
0b000401 0b006501 10000 100 1070 8586 83638 84132
0b003b01 0b005101 10000 100 1 11873 80353 83239
0b007501 0b007201 10000 100 1507 49885 42346 42882
0b003d01 0b001401 10000 100 84 11611 80624 83305
0b006b01 0b001201 10000 100 1 10318 81919 83239
0b004b01 0b007801 10000 100 233 11129 81132 83424
0b002401 0b002701 10000 100 1075 50399 41870 42536
0b007d01 0b004201 10000 100 2 11914 80364 83240
0b005001 0b001201 10000 100 1889 7906 84372 84788
0b002d01 0b004f01 10000 100 25 11470 80809 83258
0b004d01 0b004201 10000 100 2 52010 40335 41640
0b007a01 0b004001 10000 100 355 9755 82602 83522
0b002401 0b003d01 10000 100 165 11391 80981 83370
0b004701 0b006f01 10000 100 87 9388 83006 83308
0b007d01 0b004001 10000 100 10 11424 80981 83246
0b001d01 0b004601 10000 100 129 11577 80828 83341
0b001801 0b004701 10000 100 8 12067 80368 83244
0b005501 0b001e01 10000 100 299 10386 82049 83477
0b006001 0b001601 10000 100 1 11682 80756 83239
0b002401 0b003b01 10000 100 819 9099 83361 83893
0b000401 0b003b01 10000 100 1 11435 81073 83239
0b001801 0b001701 10001 100 10 52322 40188 41646
0b004701 0b000a01 10000 100 1 11513 81001 83239
0b005401 0b004501 10000 100 1 11882 80648 83239
0b000201 0b004401 10000 100 119 11811 80724 83333
0b003e01 0b002e01 10000 100 366 11096 81516 83531
0b004401 0b000101 10000 100 1 11761 80863 83239
0b001801 0b001701 10002 100 10 52491 40188 41646
0b001501 0b003c01 10000 100 1 11623 81061 83239
0b004401 0b003001 10000 100 437 9894 82790 83588
0b002c01 0b005d01 10000 100 27 12265 80432 83260
0b006e01 0b000a01 10000 100 1201 8662 84042 84237
0b003001 0b003101 10001 100 2 52213 40503 41640
0b007401 0b006101 10000 100 146 11953 80812 83355
0b002d01 0b005201 10000 100 288 10855 81915 83468
0b000c01 0b007801 10000 100 32 12339 80448 83264
0b002201 0b000601 10000 100 23 12381 80416 83256
0b002301 0b006301 10000 100 460 9801 83007 83606
0b007d01 0b003601 10000 100 179 11390 81427 83381
0b003d01 0b001d01 10000 100 112 11428 81399 83328
0b005d01 0b001901 10000 100 10 11175 81668 83246
0b004d01 0b006b01 10000 100 257 11179 81677 83444
0b002301 0b006e01 10000 100 35 11152 81704 83266
0b000101 0b003401 10000 100 1 12516 80348 83239
0b007801 0b005a01 10000 100 1 12534 80348 83239
0b000801 0b002a01 10000 100 90 12253 80632 83310
0b001a01 0b003b01 10000 100 62 12150 80739 83288
0b003a01 0b007e01 10000 100 67 12332 80560 83292
0b004201 0b003501 10000 100 2 12021 80893 83240
0b003201 0b007801 10000 100 1 12160 80785 83239
0b002701 0b003901 10000 100 163 11567 81400 83368
0b006901 0b004101 10000 100 2 10548 82421 83240
0b003b01 0b006501 10000 100 96 11018 81956 83315
0b001d01 0b000701 10000 100 725 9556 83428 83818
0b007701 0b002001 10001 100 104 12237 80780 83321
0b003b01 0b005001 10000 100 1 12188 80834 83239
0b001101 0b003201 10000 100 160 12177 80856 83366
0b003e01 0b003301 10000 100 107 52708 40344 41724
0b001501 0b003101 10000 100 158 11601 81453 83364
0b000001 0b001b01 10000 100 21 12484 80579 83255
0b005201 0b003601 10001 100 733 10327 82773 83824
0b007d01 0b006a01 10000 100 1014 8815 84304 84088
0b003701 0b006401 10000 100 120 12406 80728 83334
0b001d01 0b004401 10000 100 235 10608 82570 83426
0b006701 0b006301 10000 100 174 52737 40450 41777
0b001501 0b000501 10000 100 1 12774 80451 83239
0b004901 0b005801 10000 100 1 12880 80348 83239
0b000901 0b003201 10000 100 41 12756 80476 83271
0b006e01 0b000401 10000 100 100 12545 80720 83318
0b007701 0b007e01 10000 100 10 53082 40188 41646
0b002001 0b002e01 10000 100 94 52951 40322 41713
0b005501 0b006201 10000 100 10 11299 82002 83246
0b001401 0b002801 10000 100 63 12542 80763 83288
0b007e01 0b007401 10001 100 1 53131 40174 41639
0b003301 0b006e01 10000 100 2 12966 80352 83240
0b005301 0b003501 10001 100 10 12127 81198 83246
0b000401 0b000801 10000 100 2 52926 40417 41640
0b005401 0b003701 10000 100 585 10880 82472 83706
0b002001 0b003901 10000 100 1 13010 80351 83239
0b006a01 0b000601 10000 100 54 12644 80719 83281
0b000901 0b001e01 10000 100 245 12271 81128 83434
0b002801 0b004b01 10000 100 1 13028 80381 83239
0b005301 0b005e01 10000 100 199 52906 40506 41797
0b001701 0b001e01 10001 100 2 52537 40879 41640
0b005d01 0b005f01 10000 100 34 53192 40226 41665
0b005701 0b002301 10000 100 10 12482 80937 83246
0b007b01 0b001601 10000 100 317 11893 81548 83492
0b007701 0b004d01 10000 100 54 12932 80516 83281
0b005801 0b006001 10000 100 597 10638 82818 83716
0b000701 0b006501 10000 100 120 12735 80728 83334
0b006101 0b006601 10002 100 165 53043 40436 41770
0b006e01 0b004001 10000 100 2712 7078 86403 85484
0b007a01 0b000c01 10000 100 30 13018 80478 83262
0b004801 0b003601 10000 100 1 10250 83247 83239
0b007801 0b007401 10000 100 1 53335 40174 41639
0b000601 0b001e01 10000 100 111 12421 81105 83327
0b006101 0b003101 10000 100 10 12830 80699 83246
0b004e01 0b000501 10000 100 195 12074 81475 83394
0b003a01 0b006f01 10000 100 88 12346 81203 83308
0b000101 0b003201 10000 100 1 13215 80348 83239
0b000301 0b004c01 10000 100 9 13199 80372 83245
0b003201 0b000301 10000 100 17 13006 80591 83252
0b002501 0b006d01 10000 100 6 12858 80743 83243
0b005f01 0b006201 10000 100 1 12635 80977 83239
0b001501 0b002d01 10001 100 10 11716 81911 83246
0b001001 0b002601 10000 100 393 11236 82395 83552
0b006501 0b004a01 10000 100 1 12348 81291 83239
0b003301 0b000b01 10000 100 283 12114 81549 83464
0b001401 0b003001 10000 100 2 12889 80811 83240
0b005001 0b005801 10000 100 43 53464 40240 41672
0b003301 0b002801 10000 100 206 12215 81496 83403
0b006b01 0b003801 10000 100 2 12087 81672 83240
0b007901 0b004a01 10000 100 25 13326 80450 83258
0b002b01 0b003401 10000 100 196 10778 83003 83395
0b003401 0b001201 10000 100 2 13186 80613 83240
0b001b01 0b005301 10001 100 10 13297 80530 83246
0b002701 0b006c01 10000 100 429 12117 81716 83581
0b006b01 0b000101 10000 100 10 12369 81479 83246
0b002201 0b007e01 10000 100 154 12604 81248 83361
0b001901 0b003d01 10000 100 10 13430 80445 83246
0b002701 0b002201 10000 100 353 52914 40967 41920
0b000901 0b001701 10000 100 223 12789 81094 83416
0b007501 0b006001 10001 100 2 13531 80352 83240
0b006a01 0b004001 10000 100 1 13546 80348 83239
0b006b01 0b005301 10000 100 195 11744 82152 83394
0b001a01 0b007e01 10000 100 2 12393 81507 83240
0b007101 0b007701 10000 100 8 53717 40184 41644
0b001101 0b000a01 10000 100 178 12912 81011 83380
0b002b01 0b000701 10000 100 1 13496 80431 83239
0b005501 0b001601 10000 100 4 13375 80578 83241
0b004b01 0b006601 10000 100 1 13468 80498 83239
0b006901 0b004b01 10000 100 34 10147 83836 83265
0b002701 0b001d01 10000 100 150 13162 80824 83358
0b004801 0b003801 10000 100 1 13638 80367 83239
0b004a01 0b001401 10000 100 444 12223 81791 83593
0b004e01 0b002801 10000 100 1 12052 81978 83239
0b006201 0b003601 10000 100 130 12060 81971 83342
0b003d01 0b002201 10001 100 216 12997 81036 83411
0b003001 0b002601 10000 100 148 12595 81438 83356
0b006501 0b004b01 10000 100 569 9575 84459 83693
0b001f01 0b004a01 10000 100 102 13311 80724 83320
0b006101 0b001d01 10000 100 1 13146 80914 83239
0b006a01 0b003f01 10000 100 94 13271 80791 83313
0b003801 0b007101 10000 100 2 13447 80633 83240
0b003001 0b003201 10000 100 1 52707 41374 41639
0b007f01 0b001201 10000 100 270 12871 81235 83454
0b006701 0b002301 10000 100 51 13032 81075 83279
0b001601 0b003a01 10000 100 790 11250 82872 83870
0b007201 0b001b01 10000 100 1 13569 80559 83239
0b005101 0b005501 10001 100 9 53972 40186 41645
0b005901 0b001501 10000 100 10 13761 80426 83246
0b002f01 0b006301 10000 100 755 10629 83564 83842
0b001501 0b007101 10000 100 106 13528 80684 83323
0b006501 0b003501 10000 100 1 13649 80581 83239
0b005801 0b000001 10000 100 10 13210 81025 83246
0b005701 0b007101 10000 100 1 13116 81144 83239
0b003501 0b003e01 10000 100 4 54044 40220 41641
0b006501 0b002a01 10000 100 252 12735 81543 83440
0b001001 0b000801 10000 100 1 13952 80348 83239
0b003601 0b004101 10000 100 551 12218 82108 83679
0b005801 0b006801 10000 100 1 13704 80633 83239
0b004f01 0b004401 10000 100 130 53959 40380 41742
0b002901 0b003301 10000 100 1 13996 80371 83239
0b003001 0b007c01 10000 100 335 12232 82139 83506
0b000e01 0b001701 10000 100 44 13392 81025 83273
0b002901 0b005f01 10000 100 13 14006 80436 83248
0b002601 0b000001 10000 100 29 14000 80456 83261
0b000401 0b007101 10000 100 155 13339 81125 83362
0b000601 0b005601 10000 100 1 13880 80585 83239
0b000201 0b007e01 10000 100 541 12210 82261 83671
0b003d01 0b007701 10000 100 1 14076 80407 83239
0b007301 0b003e01 10000 100 1 13393 81097 83239
0b003301 0b007301 10000 100 231 13419 81084 83423
0b001e01 0b001301 10001 100 10 54321 40188 41646
0b000c01 0b004601 10000 100 1 13299 81220 83239
0b002501 0b001501 10000 100 135 13363 81175 83346
0b005601 0b005d01 10001 100 2 54363 40176 41640
0b001301 0b001601 10000 100 22 53995 40575 41656
0b002501 0b007a01 10000 100 550 12133 82453 83678
0b000c01 0b006801 10000 100 289 12894 81710 83469
0b006301 0b003201 10001 100 10 14231 80376 83246
0b007d01 0b000601 10000 100 10 14232 80376 83246
0b004d01 0b005501 10000 100 2810 9187 85456 85563
0b006701 0b006801 10000 100 405 53723 40922 41962
0b006601 0b007001 10000 100 1198 10628 84025 84235
0b000201 0b007a01 10000 100 93 13259 81395 83312
0b005101 0b006101 10000 100 1 14004 80655 83239
0b006e01 0b006a01 10000 100 171 54240 40446 41775
0b007101 0b000d01 10000 100 41 14170 80518 83271
0b005801 0b001e01 10000 100 10 13349 81353 83246
0b006301 0b007601 10000 100 11 14173 80566 83247
0b004001 0b000101 10000 100 221 13640 81100 83415
0b007c01 0b006a01 10000 100 165 13256 81495 83370
0b007201 0b001801 10000 100 278 13520 81232 83460
0b004701 0b004e01 10001 100 10 54578 40188 41646
0b005301 0b003001 10000 100 46 14286 80492 83275
0b004b01 0b001901 10000 100 4 14319 80469 83241
0b005d01 0b007101 10000 100 119 13780 81022 83333
0b000801 0b004401 10000 100 589 12587 82237 83709
0b000401 0b002e01 10000 100 4 13737 81112 83241
0b000d01 0b004501 10000 100 130 13847 81016 83342
0b006401 0b004d01 10000 100 10 13811 81056 83246
0b000801 0b005e01 10001 100 13 14490 80393 83248
0b006d01 0b005f01 10000 100 2 13023 81869 83240
0b004001 0b003f01 10000 100 137 14128 80784 83348
0b004c01 0b005301 10000 100 482 13055 81888 83624
0b004d01 0b004001 10000 100 2 54776 40176 41640
0b001701 0b004501 10001 100 72 13510 81446 83296
0b007701 0b007101 10000 100 1 54784 40174 41639
0b001e01 0b001f01 10000 100 117 54600 40360 41732
0b006601 0b001201 10000 100 176 13950 81030 83379
0b007601 0b004d01 10000 100 36 13119 81895 83267
0b006b01 0b003b01 10000 100 48 12024 83016 83276
0b005c01 0b001f01 10000 100 649 12629 82420 83757
0b000c01 0b004a01 10000 100 53 13688 81374 83280
0b004701 0b002601 10000 100 10 14062 81001 83246
0b003f01 0b003601 10000 100 98 54721 40375 41716
0b000a01 0b004301 10000 100 30 13784 81326 83262
0b007e01 0b002601 10000 100 1 14677 80434 83239
0b003701 0b006301 10000 100 1736 9718 85398 84665
0b004e01 0b005801 10000 100 880 11783 83345 83942
0b006e01 0b002201 10001 100 424 13454 81700 83577
0b003f01 0b004c01 10000 100 188 12904 82254 83388
0b004b01 0b006501 10000 100 658 12187 82993 83764
0b005901 0b004201 10000 100 61 14132 81063 83287
0b005501 0b000401 10000 100 66 14478 80722 83291
0b005701 0b000b01 10000 100 10 14617 80584 83246
0b002601 0b004501 10000 100 21 14097 81109 83255
0b001501 0b007401 10000 100 770 11518 83693 83854
0b004201 0b007201 10000 100 4 14795 80424 83241
0b004b01 0b007701 10001 100 200 14224 81004 83398
0b002101 0b002e01 10000 100 146 54538 40697 41755
0b000501 0b004501 10000 100 1 13963 81280 83239
0b005201 0b001901 10000 100 1 14853 80390 83239
0b000101 0b006a01 10000 100 25 14471 80804 83258
0b005701 0b007e01 10000 100 483 12637 82643 83624
0b007201 0b000401 10000 100 37 14733 80548 83268
0b006701 0b004901 10000 100 347 13177 82114 83516
0b004801 0b006101 10000 100 1321 8732 86560 84333
0b000001 0b006301 10000 100 1 14506 80825 83239
0b005f01 0b005601 10000 100 15 55125 40225 41650
0b002101 0b001201 10000 100 135 14493 80872 83346
0b005801 0b005901 10000 100 64 55097 40274 41689
0b005001 0b000101 10000 100 286 13881 81513 83467
0b002601 0b003e01 10000 100 1 14393 81020 83239
0b006701 0b007801 10000 100 1806 11053 84378 84721
0b007901 0b006301 10000 100 18 14777 80672 83252
0b001801 0b005801 10000 100 1 15129 80348 83239
0b006f01 0b002501 10000 100 10 13713 81766 83246
0b006801 0b007d01 10000 100 1013 11300 84183 84087
0b007601 0b004f01 10000 100 197 14524 81008 83396
0b000c01 0b007e01 10000 100 55 15016 80520 83282
0b004501 0b004201 10000 100 318 54874 40680 41892
0b002201 0b004401 10000 100 235 14394 81163 83426
0b001201 0b000c01 10000 100 309 13724 81870 83485
0b004d01 0b002f01 10000 100 346 13806 81794 83515
0b002f01 0b006f01 10000 100 273 13325 82280 83456
0b002e01 0b006b01 10000 100 2 15235 80394 83240
0b002901 0b004a01 10001 100 224 14194 81459 83417
0b007e01 0b004d01 10000 100 1919 11241 84421 84812
0b001a01 0b003d01 10000 100 375 13974 81690 83538
0b002601 0b004901 10000 100 1 13878 81790 83239
0b005f01 0b005b01 10000 100 1 55115 40553 41639
0b001401 0b005801 10000 100 24 15130 80542 83257
0b001201 0b000c01 10001 100 2 15245 80433 83240
0b006d01 0b001601 10000 100 1 15332 80381 83239
0b001a01 0b007601 10000 100 2 15233 80483 83240
0b002001 0b003801 10000 100 10 14402 81314 83246
0b003b01 0b007101 10000 100 1 15381 80348 83239
0b004f01 0b000501 10000 100 10 15356 80376 83246
0b006901 0b005801 10000 100 1 15404 80360 83239
0b002401 0b004901 10000 100 19 14962 80802 83253
0b004f01 0b007c01 10000 100 917 9829 85951 83972
0b005101 0b000a01 10000 100 732 12954 82850 83824
0b005e01 0b003501 10000 100 8 15314 80496 83244
0b007201 0b006001 10000 100 53 14880 80939 83280
0b002401 0b000501 10000 100 1 15057 80798 83239
0b000a01 0b003501 10000 100 219 14718 81163 83413
0b003001 0b007b01 10000 100 10 14748 81134 83246
0b002301 0b000601 10000 100 2 15535 80352 83240
0b006e01 0b001801 10000 100 1 14875 81019 83239
0b005b01 0b002c01 10000 100 117 14640 81289 83332
0b003501 0b000301 10000 100 161 14720 81210 83367
0b006e01 0b006201 10000 100 152 55496 40446 41760
0b002601 0b002701 10001 100 2 55772 40176 41640
0b000301 0b000901 10001 100 133 54892 41066 41744
0b001301 0b007a01 10000 100 2 14819 81148 83240
0b007601 0b004e01 10000 100 17 14679 81288 83252
0b002501 0b006301 10000 100 197 14649 81328 83396
0b007801 0b005f01 10000 100 606 13697 82284 83723
0b006401 0b005401 10000 100 763 12079 83911 83848
0b005101 0b003201 10000 100 1 14550 81455 83239
0b006b01 0b005401 10000 100 985 11505 84502 84026
0b001301 0b005901 10000 100 1 14877 81138 83239
0b007601 0b001d01 10000 100 72 15242 80773 83296
0b007b01 0b006101 10000 100 10 15642 80376 83246
0b005701 0b001301 10000 100 1 14728 81300 83239
0b006c01 0b002801 10000 100 10 15597 80437 83246
0b000201 0b006e01 10000 100 458 14227 81808 83604
0b007a01 0b004601 10000 100 2 15039 81005 83240
0b006b01 0b003c01 10000 100 1 15326 80729 83239
0b003901 0b006301 10000 100 72 13679 82377 83296
0b004201 0b002d01 10000 100 10 15518 80558 83246
0b005701 0b007b01 10000 100 410 13985 82091 83566
0b005f01 0b000501 10000 100 10 15703 80386 83246
0b004101 0b001501 10000 100 10 15579 80515 83246
0b003d01 0b000901 10000 100 447 14260 81838 83596
0b001a01 0b001701 10000 100 30 55819 40280 41662
0b005701 0b001f01 10000 100 10 15396 80728 83246
0b001501 0b002101 10001 100 146 13906 82223 83355
0b006201 0b004301 10000 100 1 15329 80811 83239
0b004f01 0b005601 10000 100 1 15823 80348 83239
0b002701 0b003501 10000 100 359 14700 81492 83525
0b003801 0b002001 10000 100 32 15516 80689 83264
0b007701 0b005f01 10000 100 90 15243 80967 83310
0b005501 0b006e01 10000 100 172 14962 81249 83376
0b006601 0b005c01 10000 100 1 15520 80692 83239
0b006201 0b002601 10000 100 1259 11226 84989 84284
0b000001 0b006a01 10000 100 348 13777 82440 83516
0b004f01 0b004501 10000 100 946 54497 41722 42395
0b007e01 0b007201 10000 100 93 55504 40735 41712
0b001001 0b006d01 10000 100 89 14981 81267 83309
0b006101 0b000801 10000 100 10 14327 81936 83246
0b001d01 0b001901 10000 100 54 56022 40258 41681
0b005d01 0b006201 10000 100 216 14435 81854 83411
0b002d01 0b002801 10000 100 406 55473 40822 41963
0b000b01 0b007501 10000 100 268 14144 82166 83452
0b000801 0b004801 10000 100 2 15076 81238 83240
0b007401 0b001101 10000 100 628 12659 83655 83740
0b003401 0b005101 10000 100 29 15056 81265 83261
0b005401 0b000001 10000 100 1 15461 80863 83239
0b003601 0b004101 10001 100 263 14855 81481 83448
0b006001 0b002501 10000 100 223 14585 81772 83416
0b000501 0b006b01 10000 100 10 15519 80843 83246
0b007401 0b003d01 10000 100 61 14771 81591 83287
0b006201 0b006901 10000 100 164 54932 41437 41769
0b005401 0b000f01 10000 100 2 15689 80683 83240
0b000b01 0b007101 10000 100 10 15965 80415 83246
0b001001 0b002001 10000 100 495 14190 82212 83634
0b006401 0b002e01 10000 100 10 15265 81140 83246
0b000001 0b004001 10000 100 371 14389 82021 83535
0b005801 0b007301 10000 100 236 15311 81101 83427
0b004001 0b001701 10000 100 1 16031 80383 83239
0b001b01 0b000501 10000 100 1 15309 81106 83239
0b005501 0b001c01 10000 100 395 14833 81608 83554
0b003d01 0b004101 10000 100 340 14442 82010 83510
0b002b01 0b000401 10000 100 76 14263 82195 83299
0b002001 0b004501 10000 100 174 15430 81030 83377
0b007201 0b005801 10000 100 10 14108 82353 83246
0b003601 0b003501 10000 100 4 56301 40178 41641
0b006801 0b005c01 10000 100 1402 10875 85617 84398
0b000701 0b007101 10000 100 10 15861 80636 83246
0b005c01 0b004101 10000 100 10 15624 80876 83246
0b002b01 0b002a01 10000 100 10 56284 40222 41646
0b007101 0b004501 10000 100 10 15880 80650 83246
0b006e01 0b004201 10000 100 548 14319 82219 83676
0b000a01 0b000601 10000 100 1 56369 40174 41639
0b001e01 0b007201 10000 100 2 16194 80352 83240
0b000601 0b000a01 10003 100 261 55960 40590 41847
0b000c01 0b000501 10002 100 2 56388 40176 41640
0b002901 0b001301 10000 100 13 15345 81225 83248
0b006601 0b004a01 10000 100 102 15889 80681 83320
0b002401 0b000601 10000 100 10 16201 80376 83246
0b003e01 0b002d01 10000 100 10 15414 81194 83246
0b006601 0b004601 10000 100 2 15187 81431 83240
0b007a01 0b003701 10000 100 487 14785 81904 83628
0b006701 0b005801 10000 100 13 15528 81179 83248
0b005401 0b003701 10001 100 27 15810 80898 83260
0b005001 0b005b01 10001 100 2151 53848 42863 43436
0b003e01 0b002501 10000 100 10 15963 80748 83246
0b004c01 0b003801 10000 100 2 15201 81512 83240
0b001601 0b002e01 10000 100 9 15764 80983 83245
0b007701 0b001501 10000 100 45 16260 80488 83274
0b004401 0b000801 10001 100 2 15614 81147 83240
0b001001 0b000201 10000 100 4 15550 81245 83241
0b004301 0b005c01 10000 100 1 15300 81544 83239
0b002401 0b002701 10001 100 10 56668 40188 41646
0b003801 0b006c01 10000 100 211 15854 81020 83407
0b001401 0b001801 10000 100 1 56714 40174 41639
0b002501 0b000d01 10000 100 10 16200 80693 83246
0b006501 0b004801 10000 100 1 16545 80355 83239
0b006401 0b005b01 10000 100 260 15585 81341 83446
0b000701 0b004501 10000 100 387 15354 81584 83548
0b001701 0b004f01 10000 100 13 14325 82626 83248
0b002a01 0b005f01 10000 100 101 14990 81966 83319
0b007101 0b005b01 10001 100 10 16215 80772 83246
0b002201 0b001c01 10000 100 1 16179 80825 83239
0b000e01 0b003501 10000 100 1 16330 80674 83239
0b006b01 0b007b01 10000 100 128 15100 81905 83340
0b007201 0b001f01 10000 100 2 16110 80925 83240
0b003301 0b003701 10002 100 131 56531 40513 41743
0b003b01 0b002701 10000 100 1 15602 81444 83239
0b001701 0b007801 10000 100 1263 12130 84917 84287
0b006901 0b005201 10000 100 2 15028 82042 83240
0b004101 0b002801 10000 100 2 16650 80421 83240
0b005101 0b001401 10000 100 31 16496 80615 83263
0b002c01 0b004401 10000 100 272 15076 82035 83456
0b001a01 0b000e01 10000 100 180 14997 82120 83382
0b002501 0b000101 10000 100 166 16219 80903 83371
0b000801 0b002201 10000 100 10 16759 80376 83246
0b000f01 0b005901 10000 100 1 16790 80348 83239
0b006501 0b001d01 10000 100 10 16769 80376 83246
0b003f01 0b002301 10000 100 1 16043 81108 83239
0b007301 0b006901 10000 100 68 16600 80560 83292
0b006e01 0b007001 10000 100 1 16832 80362 83239
0b005101 0b000001 10000 100 91 16565 80636 83311
0b005901 0b002901 10001 100 10 16501 80710 83246
0b002301 0b005101 10000 100 1986 11604 85687 84865
0b002901 0b002c01 10000 100 713 55805 41491 42208
0b004001 0b002f01 10000 100 167 16413 80884 83372
0b002801 0b005101 10000 100 2 16965 80352 83240
0b004701 0b004101 10000 100 1 57162 40174 41639
0b004c01 0b002801 10000 100 4 15353 82007 83241
0b004401 0b002c01 10000 100 139 16582 80788 83349
0b006301 0b007201 10000 100 271 16159 81212 83455
0b002c01 0b003301 10000 100 366 15315 82072 83531
0b004f01 0b002601 10000 100 152 15986 81422 83360
0b003001 0b006a01 10000 100 145 16636 80808 83354
0b002301 0b003601 10000 100 144 16065 81387 83353
0b004901 0b002301 10000 100 77 16776 80683 83300
0b003e01 0b005201 10000 100 1115 13247 84214 84168
0b005b01 0b006001 10000 100 273 15531 81958 83456
0b003201 0b004101 10000 100 470 15553 81945 83614
0b006b01 0b004201 10000 100 10 16434 81068 83246
0b003f01 0b006101 10000 100 26 17081 80428 83259
0b004401 0b007501 10000 100 10 16621 80911 83246
0b007101 0b003801 10000 100 4 17177 80356 83241
0b004901 0b005a01 10000 100 812 14292 83260 83888
0b003601 0b006101 10000 100 1 17166 80391 83239
0b003001 0b007401 10000 100 30 17069 80488 83262
0b003d01 0b004601 10000 100 1 17181 80403 83239
0b002d01 0b006701 10000 100 683 14689 82898 83784
0b003001 0b000801 10000 100 43 17074 80537 83272
0b001201 0b007901 10000 100 135 16664 80961 83346
0b002001 0b005001 10001 100 53 16812 80818 83280
0b000c01 0b001301 10001 100 1 17275 80368 83239
0b004601 0b000401 10000 100 215 16614 81032 83410
0b005601 0b001001 10000 100 306 16344 81327 83483
0b003101 0b003e01 10000 100 382 56906 40784 41944
0b005401 0b006a01 10001 100 2 17338 80352 83240
0b000c01 0b007b01 10000 100 2 17161 80530 83240
0b005f01 0b006001 10000 100 684 14701 82999 83785
0b004601 0b001a01 10000 100 23 17295 80416 83256
0b004101 0b006a01 10001 100 10 12298 85418 83246
0b006601 0b007801 10000 100 155 16896 80840 83362
0b001301 0b004501 10000 100 10 16911 80830 83246
0b005901 0b005b01 10000 100 1 57212 40533 41639
0b002b01 0b003a01 10000 100 2 16031 81715 83240
0b007a01 0b002901 10000 100 101 16719 81029 83319
0b006201 0b000801 10000 100 2 16691 81058 83240
0b007f01 0b007301 10000 100 165 57310 40441 41770
0b006501 0b006901 10002 100 15 56621 41146 41650
0b000c01 0b004201 10000 100 4 17415 80356 83241
0b007501 0b003301 10000 100 94 16153 81623 83313
0b005201 0b006d01 10000 100 2 15979 81824 83240
0b000701 0b001201 10000 100 2 17147 80664 83240
0b006501 0b001101 10000 100 594 14970 82845 83713
0b007401 0b006801 10000 100 188 15357 82468 83388
0b001a01 0b007a01 10000 100 10 16887 80938 83246
0b002b01 0b007301 10000 100 303 14755 83087 83480
0b003201 0b000101 10000 100 42 16969 80876 83272
0b003301 0b001d01 10000 100 2 17498 80352 83240
0b001501 0b002d01 10002 100 147 16204 81665 83356
0b007401 0b007d01 10001 100 10 57320 40553 41646
0b002101 0b007601 10000 100 1 17019 80861 83239
0b005601 0b003401 10000 100 202 16899 80992 83400
0b000d01 0b007801 10000 100 18 17433 80463 83252
0b005f01 0b002b01 10000 100 115 17187 80712 83330
0b005a01 0b000701 10000 100 117 16807 81103 83332
0b003101 0b002201 10000 100 455 16112 81800 83602
0b001c01 0b003a01 10000 100 55 17162 80795 83282
0b006501 0b004501 10000 100 44 17480 80484 83273
0b004b01 0b003b01 10000 100 2 17503 80462 83240
0b000901 0b004d01 10000 100 1 16698 81267 83239
0b004001 0b000a01 10000 100 1 17323 80647 83239
0b006201 0b006301 10000 100 38 57765 40232 41668
0b003f01 0b006101 10001 100 2 17182 80817 83240
0b003e01 0b004401 10000 100 2 17650 80352 83240
0b005e01 0b000d01 10000 100 4 17651 80356 83241
0b007501 0b000c01 10000 100 1 16720 81290 83239
0b004501 0b006c01 10000 100 1 12785 85238 83239
0b007001 0b004901 10000 100 762 15242 82784 83848
0b002401 0b006201 10000 100 40 17094 80939 83270
0b004901 0b005e01 10001 100 1 17005 81047 83239
0b007d01 0b003a01 10001 100 22 17402 80655 83256
0b001501 0b000901 10000 100 10 17519 80553 83246
0b002b01 0b000801 10000 100 1 17169 80907 83239
0b002e01 0b007b01 10000 100 13 17518 80563 83248
0b004c01 0b001a01 10000 100 10 17719 80396 83246
0b002701 0b001201 10000 100 2 17571 80558 83240
0b000001 0b007901 10000 100 13 17471 80665 83248
0b001201 0b000a01 10000 100 165 17050 81093 83370
0b006201 0b007a01 10001 100 136 17396 80780 83347
0b004801 0b001f01 10000 100 1 17192 80984 83239
0b007f01 0b003401 10000 100 310 16745 81432 83486
0b002201 0b000401 10000 100 10 17538 80639 83246
0b006601 0b004d01 10000 100 13 17796 80384 83248
0b007301 0b002001 10000 100 10 17793 80387 83246
0b006901 0b006a01 10000 100 529 57171 41018 42061
0b007d01 0b000001 10000 100 1 17820 80374 83239
0b004f01 0b000f01 10000 100 17 17556 80650 83252
0b004a01 0b007701 10000 100 573 15780 82444 83696
0b004d01 0b006301 10000 100 79 12581 85652 83301
0b001c01 0b001801 10000 100 77 57947 40296 41700
0b003601 0b000e01 10000 100 1 17357 80904 83239
0b004701 0b007b01 10000 100 89 15805 82467 83309
0b000501 0b005801 10000 100 133 17451 80825 83344
0b001c01 0b000701 10000 100 297 16880 81411 83476
0b004901 0b005e01 10000 100 649 15333 82987 83757
0b002601 0b007c01 10000 100 10 17835 80507 83246
0b006e01 0b001201 10000 100 2 17997 80352 83240
0b003f01 0b000201 10000 100 1 17970 80387 83239
0b004c01 0b005f01 10000 100 514 15088 83280 83649
0b002a01 0b005701 10000 100 9 18010 80372 83245
0b001001 0b002401 10000 100 267 17109 81277 83452
0b004f01 0b006301 10000 100 328 16250 82166 83500
0b002b01 0b004301 10000 100 2 17304 81134 83240
0b005d01 0b001901 10001 100 82 16266 82176 83304
0b005a01 0b001e01 10000 100 35 17672 80775 83266
0b001501 0b006301 10000 100 2 17510 80973 83240
0b005101 0b002501 10000 100 13 17377 81134 83248
0b004f01 0b000201 10001 100 10 18137 80376 83246
0b005c01 0b000c01 10000 100 10 18139 80376 83246
0b003f01 0b007d01 10000 100 1247 14738 83780 84274
0b000701 0b004901 10000 100 111 16828 81697 83327
0b004201 0b006d01 10000 100 5769 7508 91020 88045
0b004f01 0b007201 10000 100 1 18180 80381 83239
0b003101 0b006801 10000 100 2 17384 81194 83240
0b007a01 0b001d01 10000 100 10 18051 80541 83246
0b004c01 0b001501 10000 100 4 18261 80356 83241
0b006901 0b005f01 10000 100 1 18005 80665 83239
0b000601 0b001101 10000 100 2 17644 81041 83240
0b000401 0b006e01 10000 100 2 17856 80884 83240
0b007001 0b001801 10000 100 10 17046 81705 83246
0b007101 0b007b01 10000 100 37 58527 40232 41668
0b004701 0b006701 10000 100 85 18021 80747 83306
0b006a01 0b003101 10000 100 24 17565 81204 83257
0b003301 0b006501 10000 100 38 18236 80534 83268
0b002e01 0b002c01 10000 100 447 57895 40888 41996
0b005601 0b003501 10000 100 10 18440 80376 83246
0b002b01 0b003f01 10000 100 987 14680 84137 84028
0b000001 0b006b01 10000 100 312 17192 81659 83488
0b005201 0b007401 10000 100 10 18444 80420 83246
0b006601 0b003801 10000 100 6 17996 80869 83243
0b006b01 0b001e01 10000 100 10 18450 80418 83246
0b000b01 0b003101 10000 100 2 18285 80628 83240
0b006a01 0b004701 10000 100 46 16843 82108 83275
0b004101 0b003101 10000 100 1 18571 80383 83239
0b001301 0b001501 10000 100 726 57469 41519 42219
0b000d01 0b001d01 10000 100 223 17936 81056 83416
0b007101 0b002501 10000 100 1 18460 80536 83239
0b004601 0b007f01 10000 100 4 18660 80356 83241
0b002e01 0b007701 10000 100 9 18613 80411 83245
0b000001 0b002301 10000 100 1 18092 80952 83239
0b002801 0b001601 10000 100 35 18633 80456 83266
0b002101 0b007001 10000 100 283 17204 81898 83464
0b001901 0b007901 10000 100 212 18096 81024 83408
0b003f01 0b007d01 10001 100 44 18652 80484 83273
0b001f01 0b003901 10000 100 500 15749 83390 83638
0b002d01 0b005201 10001 100 62 18005 81145 83288
0b002b01 0b000101 10000 100 314 17783 81372 83489
0b004701 0b004301 10000 100 301 58480 40677 41879
0b003901 0b004001 10000 100 10 18032 81144 83246
0b006701 0b004001 10000 100 1 18356 80824 83239
0b000c01 0b000001 10001 100 41 58950 40238 41671
0b006601 0b006001 10000 100 10 59012 40188 41646
0b007601 0b007201 10000 100 13 58872 40340 41648
0b004901 0b006d01 10000 100 10 18840 80376 83246
0b003e01 0b004301 10000 100 33 18581 80643 83264
0b005701 0b003a01 10000 100 1 18877 80357 83239
0b002301 0b005401 10000 100 492 16344 82925 83632
0b003c01 0b006e01 10000 100 477 16590 82682 83620
0b000801 0b007c01 10000 100 1 18930 80348 83239
0b001301 0b000c01 10000 100 297 17416 81867 83476
0b006301 0b004a01 10000 100 19 18909 80404 83253
0b002301 0b000901 10000 100 297 17174 82143 83476
0b007401 0b003701 10000 100 1 18316 81009 83239
0b003501 0b001201 10000 100 133 17445 81885 83344
0b004101 0b002801 10001 100 235 17721 81610 83426
0b004e01 0b007101 10000 100 9 18959 80372 83245
0b004301 0b000c01 10001 100 1 18962 80369 83239
0b000d01 0b005801 10000 100 10 17983 81384 83246
0b007d01 0b001f01 10000 100 10 17985 81384 83246
0b003a01 0b005c01 10000 100 41 18443 80935 83271
0b001501 0b005901 10000 100 594 17143 82244 83713
0b003f01 0b007001 10000 100 2 19038 80352 83240
0b000a01 0b004901 10000 100 70 18837 80568 83294
0b000201 0b005c01 10000 100 269 18119 81297 83453
0b007d01 0b004101 10000 100 2 18915 80502 83240
0b002501 0b000e01 10000 100 189 18345 81096 83389
0b007201 0b007d01 10001 100 10 59253 40188 41646
0b000c01 0b005b01 10000 100 35 18548 80905 83266
0b000501 0b007301 10001 100 19 18117 81351 83253
0b003f01 0b007901 10000 100 1 18764 80758 83239
0b001c01 0b003a01 10001 100 46 19045 80492 83275
0b004e01 0b003b01 10000 100 1013 14776 84770 84087
0b007901 0b001d01 10000 100 53 18132 81415 83280
0b000f01 0b002b01 10000 100 4 18686 80876 83241
0b001c01 0b006c01 10000 100 10 19169 80416 83246
0b006d01 0b000d01 10000 100 2 18930 80668 83240
0b004a01 0b007c01 10000 100 10 18795 80805 83246
0b001401 0b006901 10000 100 509 17254 82349 83645
0b002e01 0b003d01 10001 100 420 16673 82946 83574
0b003601 0b001301 10000 100 1171 15406 84213 84213
0b006201 0b005c01 10000 100 4 19070 80572 83241
0b002901 0b002301 10000 100 13 58409 41247 41648
0b005301 0b006001 10000 100 10 19152 80527 83246
0b002901 0b002601 10002 100 4 59359 40345 41641
0b000501 0b005901 10000 100 56 18459 81292 83283
0b000101 0b003201 10001 100 906 15516 84250 83963
0b005301 0b001f01 10000 100 52 19134 80638 83280
0b006d01 0b000f01 10000 100 200 18603 81207 83398
0b005a01 0b003101 10000 100 2 19376 80454 83240
0b006301 0b006501 10000 100 8 59647 40184 41644
0b006d01 0b004901 10000 100 2 18643 81215 83240
0b006501 0b000b01 10000 100 40 19405 80472 83270
0b002d01 0b007301 10000 100 62 19351 80544 83288
0b007201 0b003301 10000 100 901 16687 83228 83959
0b001f01 0b000201 10000 100 1 19588 80375 83239
0b002801 0b001001 10000 100 64 19025 80955 83289
0b000501 0b000601 10000 100 554 58925 41058 42081
