0b005801 0b002e01 10000 100 2450 76701 84780 85275
0b006b01 0b001a01 10000 100 46836 61464 121961 122473
0b004001 0b000a01 10000 100 23640 154399 102530 103033
0b003101 0b000401 10000 100 64056 121680 136421 136940
0b004f01 0b004101 10000 100 20521 189073 74860 58823
0b001301 0b000f01 10000 100 5600 234720 87414 87910
0b003801 0b001c01 10000 100 16345 257868 96428 96928
0b003a01 0b006f01 10000 100 110569 337405 180966 175917
0b003201 0b001e01 10000 100 39878 455885 116128 116638
0b003d01 0b005e01 10000 100 53367 544689 127452 127967
0b002201 0b006e01 10000 100 3472 629998 103425 86131
0b006701 0b007701 10000 100 4151 684046 94136 86712
0b007401 0b003401 10000 100 38850 685747 115268 115777
0b003f01 0b006d01 10000 100 19658 749606 99192 99694
0b001f01 0b002701 10000 100 57466 862759 130883 131400
0b003101 0b004101 10000 100 47926 841801 182123 123384
0b005901 0b003701 10000 100 92607 903595 160326 160856
0b007901 0b006201 10000 100 703904 356165 708727 673356
0b007201 0b004d01 10000 100 4208 1014844 89205 86758
0b001f01 0b003701 10000 100 1057 1161967 83896 84122
0b001701 0b000e01 10000 100 476400 793515 493429 482636
0b003401 0b002401 10000 100 19001 1190362 105641 99168
0b004601 0b001f01 10000 100 173345 983797 399663 228557
0b001c01 0b004f01 10000 100 42746 1327821 141163 119048
0b007301 0b006601 10000 100 6357 1375987 103427 88554
0b004a01 0b000c01 10000 100 57412 1340414 201691 131356
0b002501 0b006601 10000 100 4718 1542159 86670 87166
0b007c01 0b003001 10000 100 122833 1447707 185646 186189
0b005c01 0b000c01 10000 100 364933 1202603 436656 389162
0b004f01 0b007b01 10000 100 52140 1491220 162758 126947
0b003d01 0b007301 10000 100 37781 1760932 129947 114884
0b004f01 0b007701 10000 100 145807 1629506 265705 205452
0b000c01 0b007a01 10000 100 75037 1754469 145624 146148
0b004d01 0b000101 10000 100 77312 1928021 158264 148044
0b002c01 0b000701 10000 100 7076 2003240 88688 89168
0b004201 0b004d01 10000 100 16143 2053283 61630 55167
0b000601 0b005201 10000 100 8005 2030874 89602 89949
0b000e01 0b001901 10000 100 747064 754621 1401641 709574
0b001101 0b001501 10000 100 24794 2249155 61719 62395
0b004b01 0b000601 10000 100 24913 2232446 109361 104090
0b003501 0b006a01 10000 100 57716 2237432 156662 131600
0b007b01 0b007f01 10000 100 1415329 1165938 1256621 1228237
0b006101 0b007001 10000 100 5491 2349504 98208 87823
0b003601 0b004a01 10000 100 4260 2391355 88028 86800
0b007901 0b007b01 10000 100 13078 2430299 58949 52600
0b001d01 0b002d01 10000 100 1358 2481559 86615 84363
0b000d01 0b004101 10000 100 55265 2386503 232641 129562
0b007001 0b003101 10000 100 14215 2536388 100701 95148
0b002301 0b001001 10000 100 1315729 1488209 1185297 1186317
0b003301 0b007c01 10000 100 36600 2591277 132112 113900
0b004601 0b002901 10000 100 1983825 156457 2598712 1746445
0b001b01 0b004601 10000 100 39522 2624130 144697 116353
0b005d01 0b004701 10000 100 34246 2441091 355469 111940
0b002601 0b001a01 10000 100 1419235 597717 2326380 1273116
0b004301 0b002f01 10000 100 29076 2834042 107587 107612
0b005f01 0b001a01 10000 100 52319 2754760 193051 127090
0b003701 0b007c01 10000 100 21468 2864729 119776 101219
0b001201 0b000e01 10000 100 7366 2884904 100081 89400
0b003b01 0b005501 10000 100 39134 2804802 225533 116043
0b004e01 0b001a01 10000 100 13546 2996445 94884 94574
0b006d01 0b001801 10000 100 58175 2994405 133504 132005
0b002801 0b002d01 10000 100 3592289 251229 3052461 3053402
0b007c01 0b005b01 10000 100 986537 2400787 925986 910330
0b002a01 0b007e01 10000 100 38614 3201152 212672 115588
0b004601 0b006401 10000 100 27442 3283600 133735 106228
0b003401 0b006001 10000 100 4741 3279889 211732 87184
0b006201 0b003701 10000 100 120209 3300521 263127 184013
0b003d01 0b004901 10000 100 31168 3509550 108856 109363
0b007201 0b004601 10000 100 12355 3490593 146008 93583
0b007401 0b000001 10000 100 22910 3536624 102340 102411
0b004001 0b002901 10000 100 1253 3522597 139836 84279
0b003501 0b007601 10000 100 770288 2923429 756234 729036
0b001e01 0b001d01 10000 100 2199372 1764548 1936429 1885577
0b007201 0b001c01 10000 100 28181 3571485 130322 106858
0b002501 0b001401 10000 100 34586 3793455 119328 112212
0b000b01 0b002701 10000 100 5874 3885700 87633 88129
0b002001 0b004201 10000 100 1704379 1497716 2495148 1512175
0b007901 0b005a01 10000 100 46552 3733884 303816 122246
0b004701 0b006c01 10000 100 2569157 1466330 2621792 2237213
0b000e01 0b001801 10000 100 50449 3991462 145307 125517
0b003901 0b001601 10000 100 6414 4098954 92952 88600
0b005101 0b006201 10000 100 584937 3539579 661714 573613
0b006301 0b004501 10000 100 523898 3265673 997759 522440
0b005801 0b004901 10000 100 64916 4113540 159735 137628
0b007901 0b004101 10000 100 73333 4061529 222052 144708
0b001b01 0b001d01 10000 100 20187 4266669 58122 58556
0b000e01 0b000a01 10000 100 9908 4301313 52592 49910
0b006601 0b000801 10000 100 37639 4270543 117004 114770
0b005801 0b003b01 10000 100 652 4320853 82548 83760
0b004f01 0b003401 10000 100 1362 4406066 84272 84366
0b007c01 0b003f01 10000 100 406135 3700676 852085 423736
0b006101 0b000e01 10000 100 3279 4482293 88823 85976
0b004201 0b005501 10000 100 620054 3701684 897282 603089
0b005501 0b003501 10000 100 1589599 2951527 1687745 1415935
0b001d01 0b004101 10000 100 791020 2815577 1900538 746428
0b003d01 0b005a01 10000 100 612718 4112506 667627 596913
0b005201 0b003e01 10000 100 28475 4716637 108076 107093
0b004a01 0b000e01 10000 100 40946 4674361 151391 117531
0b005f01 0b005801 10000 100 64468 4711783 116721 95670
0b003201 0b000401 10000 100 8780 4810699 97051 90569
0b005901 0b004201 10000 100 71050 4526416 426934 142804
0b007901 0b004901 10000 100 458974 3761807 1194269 468004
0b002c01 0b006e01 10000 100 42065 4895664 118280 118503
0b007d01 0b000101 10000 100 2459 4945331 85635 85282
0b002101 0b006b01 10000 100 883389 2919220 2136250 823856
0b007201 0b006401 10000 100 97309 4987910 220695 164810
0b007301 0b004201 10000 100 757242 4201410 1060991 718100
0b001501 0b007401 10000 100 34894 5141119 142088 112459
0b001901 0b006401 10000 100 4956947 608478 4692257 4239106
0b005301 0b006301 10000 100 68868 5037391 297269 140944
0b000401 0b004b01 10000 100 72477 5167100 182172 143984
0b004001 0b004901 10000 100 104543 5225087 132635 129266
0b005d01 0b003301 10000 100 8685 5265710 165586 90493
0b007201 0b001a01 10000 100 1156842 3347120 2098960 1053102
0b004e01 0b002801 10000 100 1900571 3718210 1730820 1676655
0b004e01 0b003301 10000 100 161782 5255429 273764 218846
0b007101 0b007701 10000 100 62062 5438994 111858 93668
0b004601 0b006f01 10000 100 2444231 1238298 4332369 2132472
0b000e01 0b001001 10000 100 55087 5451733 169011 129420
0b005401 0b000f01 10000 100 29270 5525775 119799 107768
0b004c01 0b006201 10000 100 1788 5571967 97492 84707
0b000301 0b007101 10000 100 22322 5645338 117046 101940
0b002f01 0b007b01 10000 100 1373 5736564 90433 84375
0b004e01 0b000b01 10000 100 63893 5758697 137884 136772
0b002e01 0b006a01 10000 100 945 5821998 83892 83994
0b005a01 0b000601 10000 100 3691959 2705489 3232397 3178540
0b004001 0b004301 10000 100 44929 5904109 89384 79271
0b006901 0b005401 10000 100 1060716 2820593 3268540 972515
0b003f01 0b003801 10000 100 1171797 4477998 1628695 1024042
0b003f01 0b005a01 10000 100 595235 4745630 1371915 582274
0b006401 0b001901 10000 100 124850 5871774 433354 187880
0b003901 0b002001 10000 100 4410627 2230067 4093757 3781084
0b004301 0b001801 10000 100 20613 6363358 115977 100496
0b006801 0b005101 10000 100 16778 6428115 105343 97275
0b001501 0b001301 10000 100 1940705 4090790 2460114 1668698
0b002501 0b005f01 10000 100 1720968 2777561 3809412 1526060
0b003501 0b003601 10000 100 9609 6556513 52353 49671
0b004801 0b004401 10000 100 58396 6589796 91932 90582
0b004701 0b000f01 10000 100 58457 6505634 180786 132231
0b003801 0b007701 10000 100 1112934 4062865 2672833 1016286
0b000c01 0b006b01 10000 100 14020 6671766 98826 94992
0b005f01 0b004801 10000 100 1837206 2388823 4388391 1623544
0b001a01 0b005e01 10000 100 138881 6499007 327857 199642
0b001701 0b000101 10000 100 12465 6833226 93268 93671
0b002e01 0b001501 10000 100 38206 6814121 142498 115262
0b000f01 0b005101 10000 100 67059 6803517 153698 139458
0b005a01 0b006c01 10000 100 22439 6871677 108032 102034
0b006e01 0b005d01 10000 100 1142984 3601182 3409803 1041478
0b000701 0b000501 10000 100 840413 5084745 1959258 746224
0b003701 0b000f01 10000 100 7276 6998078 91316 89328
0b007701 0b005301 10000 100 1624954 5103850 1993069 1445563
0b000801 0b006801 10000 100 994 7021501 83524 84033
0b000001 0b001901 10000 100 1245137 3060593 4173389 1127156
0b001001 0b004801 10000 100 76535 7097640 363909 147384
0b007d01 0b002901 10000 100 18200 7363556 100502 98489
0b000901 0b007a01 10000 100 23664 7387437 125858 103052
0b005401 0b003a01 10000 100 5074 7422217 91787 87489
0b000b01 0b007401 10000 100 27276 7399257 120842 106096
0b007001 0b003101 10001 100 47544 7357824 178467 123078
0b000701 0b000801 10000 100 1696133 4790851 2802656 1463671
0b001d01 0b007e01 10000 100 28669 7477222 131033 107248
0b005d01 0b005501 10000 100 1382 7702541 43046 42782
0b002601 0b006901 10000 100 37730 7726786 195456 114843
0b003101 0b007501 10000 100 421 7890641 83107 83575
0b003e01 0b005a01 10000 100 21551 7862048 125055 101285
0b002e01 0b007801 10000 100 54455 7876722 173542 128876
0b005e01 0b000501 10000 100 168008 7326829 786582 224096
0b005201 0b002b01 10000 100 26105 8003409 153112 105120
0b007c01 0b005201 10000 100 664334 7105931 1087733 640203
0b007701 0b005501 10000 100 132205 7907146 290546 194071
0b002001 0b006901 10000 100 37248 8085739 130040 114457
0b004101 0b000d01 10000 100 839800 7342485 898778 787296
0b001001 0b003601 10000 100 1568481 6239676 2100520 1398234
0b006e01 0b005201 10000 100 9718 8402892 99032 91358
0b007001 0b002501 10000 100 59122 8374992 132284 132801
0b003401 0b000901 10000 100 2513 8428013 86977 85325
0b003401 0b005601 10000 100 1880208 5254969 3275039 1659596
0b004401 0b001301 10000 100 69687 8314304 252126 141637
0b002801 0b002101 10000 100 152435 8453305 168696 169423
0b006201 0b004c01 10000 100 21899 8487898 143063 101564
0b006f01 0b006201 10000 100 1282806 7476116 1177300 1117112
0b006e01 0b005f01 10000 100 136026 8381059 279721 197281
0b004501 0b001801 10000 100 30964 8581487 139145 109161
0b003601 0b005e01 10000 100 46388 8598393 126743 122115
0b002901 0b000101 10000 100 4106 8647746 165008 86676
0b005c01 0b007401 10000 100 883782 7163640 1662209 824171
0b006301 0b002901 10000 100 58888 8719143 152730 132576
0b005101 0b002d01 10000 100 973299 3937709 4969150 899240
0b001b01 0b001901 10000 100 1683923 7001014 1934948 1453404
0b007d01 0b003b01 10000 100 1026104 7651585 1291474 943520
0b004401 0b007101 10000 100 724 8934167 84068 83817
0b006a01 0b000501 10000 100 673195 7777905 1315304 647637
0b005401 0b003c01 10000 100 24092 8979786 143442 103433
0b001201 0b001c01 10000 100 16619 9082828 56791 55548
0b005e01 0b003001 10000 100 785811 7013832 2257312 742031
0b005001 0b001901 10000 100 1815339 1645777 7626072 1605205
0b003401 0b007001 10000 100 51391 9167970 153192 126309
0b000501 0b003f01 10000 100 77706 9110831 272210 148360
0b000701 0b000e01 10000 100 5008 9379034 49618 45836
0b007901 0b004b01 10000 100 2014 9335042 107830 84926
0b001e01 0b001a01 10000 100 34903 9450632 83094 70866
0b001501 0b003501 10000 100 8030 9486739 97630 89969
0b002701 0b006a01 10000 100 1562198 6159054 3436165 1392977
0b002201 0b007b01 10000 100 2792386 5493935 4105793 2424360
0b005701 0b004c01 10000 100 185887 9141452 495216 239052
0b004801 0b005c01 10000 100 6718 9528072 115352 88843
0b004601 0b000001 10000 100 38428 9407937 259717 115440
0b007601 0b006e01 10000 100 6996 9561123 123415 89065
0b007301 0b007501 10000 100 20243 9630585 57926 58600
0b000b01 0b000401 10000 100 43064 9627519 78246 77740
0b002e01 0b001301 10000 100 2733308 5133269 4636422 2374832
0b004201 0b003401 10000 100 1326047 7094416 2763446 1194994
0b004601 0b002501 10000 100 15719 9833701 125507 96389
0b005a01 0b007201 10000 100 2161089 6293224 3706184 1895092
0b004301 0b005101 10000 100 20507 9847188 155029 100412
0b002d01 0b006401 10000 100 668131 8100286 1907279 643394
0b001401 0b002001 10000 100 34207 9887130 133431 111909
0b004b01 0b003801 10000 100 46790 9885301 136044 122436
0b005901 0b001e01 10000 100 13278 9928590 306391 94360
0b006101 0b000301 10000 100 4980676 181323 10082807 4259011
0b002501 0b001c01 10000 100 38988 10084308 206417 115888
0b004201 0b004a01 10000 100 5025 10265476 45583 45850
0b005f01 0b001101 10000 100 168930 9937527 446501 224833
0b005901 0b001001 10000 100 2719982 4624290 5821231 2363633
0b002a01 0b001e01 10000 100 1340527 4062967 6406576 1207116
0b002e01 0b004701 10000 100 79088 10297919 211797 149542
0b004701 0b004301 10000 100 1062823 9082659 1535449 932677
0b006e01 0b004c01 10000 100 30713 10520916 132212 108960
0b007401 0b001001 10000 100 2641492 4822653 5831058 2297846
0b005f01 0b000d01 10000 100 66940 10493726 226454 139324
0b000701 0b004601 10000 100 128334 10314680 415082 190820
0b001a01 0b002001 10000 100 21496 10635537 113589 101241
0b005c01 0b000601 10000 100 5001 10719875 95984 87431
0b002601 0b001c01 10000 100 29046 10545747 284752 107588
0b001e01 0b001701 10000 100 137530 10647016 186288 156923
0b006b01 0b007201 10000 100 66390 10678513 190951 138884
0b002a01 0b006301 10000 100 4259149 1059297 9868169 3654103
0b004001 0b006201 10000 100 4177 10833616 103484 86733
0b006101 0b001601 10000 100 121813 10707060 248017 185335
0b003f01 0b007801 10000 100 625085 10310570 719771 607306
0b001501 0b007601 10000 100 1436840 5668426 5412446 1287852
0b006501 0b005401 10000 100 26879 11016712 110042 105740
0b001801 0b003201 10000 100 952 11160360 84067 84000
0b004c01 0b001401 10001 100 858219 10000322 1284892 802760
0b004501 0b000301 10000 100 1026405 8473630 2816482 943760
0b001a01 0b007301 10000 100 28316 11178543 111855 106966
0b002e01 0b000501 10000 100 24854 11294141 142270 104043
0b004e01 0b007701 10000 100 20165 11304657 133452 100138
0b001301 0b000701 10000 100 5517 11348464 121034 87844
0b007d01 0b001101 10000 100 28978 11336781 150167 107496
0b006401 0b007a01 10000 100 5663486 2062131 9433733 4831486
0b007501 0b007e01 10000 100 20724 11449143 58791 58985
0b001301 0b001e01 10000 100 1518019 8540025 2992535 1314344
0b006b01 0b004601 10000 100 32774 11196000 349107 110686
0b000301 0b000701 10000 100 169596 11420127 186095 183804
0b007501 0b001301 10000 100 55292 11473434 144004 129584
0b004001 0b004601 10000 100 224157 11166430 489933 229565
0b003e01 0b002b01 10000 100 23050 11531603 129820 102561
0b007101 0b001a01 10000 100 47293 11624368 125005 122877
0b000b01 0b000501 10000 100 976303 10512557 1294453 860159
0b007801 0b000b01 10000 100 565379 10707914 1110618 557237
0b002901 0b002601 10000 100 4093 11841671 47781 45066
0b001001 0b006c01 10000 100 52302 11800619 129689 127076
0b007c01 0b005501 10000 100 950935 10014404 1921526 880466
0b003001 0b004f01 10000 100 28750 11833491 126093 107313
0b005901 0b004101 10000 100 74557 11806962 255432 145725
0b005f01 0b004501 10000 100 75274 11891385 224442 146337
0b001001 0b003201 10000 100 67082 11964726 157355 139476
0b005e01 0b003001 10001 100 7884 12244356 94310 89814
0b001d01 0b004601 10000 100 2889435 7231890 5139257 2505724
0b007801 0b000b01 10001 100 32516 12211935 162650 110480
0b004801 0b000e01 10000 100 27688 12249303 152107 106425
0b004a01 0b000c01 10001 100 25632 12265470 136462 104704
0b007e01 0b002301 10000 100 1772748 8269228 4174711 1569481
0b003501 0b007b01 10000 100 58670 12337760 226349 132401
0b001801 0b002901 10000 100 23765 12450374 114000 103133
0b001101 0b003e01 10000 100 1391987 9023445 3608072 1250242
0b003501 0b005f01 10000 100 60182 12492125 175083 133688
0b003301 0b000c01 10000 100 87066 12441512 255967 156232
0b002a01 0b001c01 10000 100 3056250 2492857 10231809 2645588
0b004701 0b003d01 10000 100 4466404 4785483 7943424 3827856
0b004501 0b004001 10000 100 6854 12727353 161936 47352
0b007a01 0b004b01 10000 100 26903 12820127 121419 105759
0b004301 0b003b01 10000 100 23712 12833495 127725 103091
0b007501 0b007201 10000 100 69804 12897728 117035 100131
0b000f01 0b004201 10000 100 14495 12942010 116414 95372
0b006101 0b006301 10000 100 6379 13085600 46396 46972
0b003701 0b002d01 10000 100 914573 10055066 3083297 849994
0b001e01 0b002f01 10000 100 1652299 6024563 7157967 1468514
0b005b01 0b007101 10000 100 4019699 2400413 10838755 3453327
0b007901 0b004501 10000 100 150382 12810834 487124 209304
0b000a01 0b003901 10000 100 18116 13118280 256689 98422
0b002601 0b007c01 10000 100 44946 13304033 125240 120884
0b000501 0b006201 10000 100 89271 13190346 244422 158072
0b004a01 0b006101 10000 100 11062 13351284 107536 92510
0b001c01 0b005a01 10000 100 46493 13244144 223206 122199
0b004801 0b007801 10000 100 27248 13341042 152075 106073
0b007e01 0b001101 10000 100 49116 13326433 188853 124412
0b000001 0b003e01 10000 100 64689 13208081 314320 137447
0b000e01 0b004501 10000 100 377630 12597553 933261 399819
0b003701 0b006f01 10000 100 1554966 10133266 3441567 1386884
0b000201 0b006701 10000 100 1000441 11497089 2090322 921991
0b007c01 0b005101 10000 100 59697 13432320 176208 133261
0b004c01 0b001401 10000 100 1705979 7899101 5744477 1513493
0b002501 0b000101 10000 100 3412879 8826866 4831272 2944562
0b000901 0b005701 10000 100 6987 13561094 98386 89058
0b004f01 0b004201 10000 100 20860 13545871 138302 59094
0b003501 0b005e01 10000 100 74517 13457260 244930 145693
0b004001 0b004201 10000 100 79758 13544893 178593 108478
0b000e01 0b005f01 10000 100 25596 13635554 133808 104675
0b000a01 0b007801 10000 100 1011637 11721505 2048022 931370
0b003001 0b004201 10000 100 694445 12298118 1488817 665444
0b006f01 0b007f01 10000 100 65253 13628734 158488 137936
0b007501 0b005e01 10000 100 37021 13674165 213223 114276
0b006901 0b006201 10000 100 508083 13188476 712538 467612
0b005501 0b000d01 10000 100 112511 13677355 351000 177548
0b003501 0b005801 10000 100 63021 13843453 192593 136074
0b001601 0b002201 10000 100 2342147 6139459 7936894 2046888
0b001401 0b000d01 10000 100 36003 13673542 405315 113423
0b004d01 0b005c01 10000 100 29075 13954686 140456 107612
0b007a01 0b003201 10000 100 76085 13919559 179787 147024
0b003701 0b007301 10000 100 660438 12563944 1605546 636932
0b004301 0b005c01 10000 100 507 14114436 83802 83644
0b007901 0b001301 10000 100 9741 14135297 110223 91376
0b002e01 0b001a01 10000 100 770454 12780320 1473778 729169
0b001801 0b004201 10000 100 127781 14047353 261526 190340
0b007c01 0b003c01 10000 100 108049 14041844 273837 173824
0b006701 0b000801 10000 100 47814 14049849 331272 123294
0b000401 0b007001 10000 100 1337 14306162 85953 84346
0b006e01 0b003301 10000 100 28778 14224963 169101 107336
0b004f01 0b001b01 10000 100 80810 14122941 357037 150958
0b005701 0b003c01 10000 100 1409646 11016941 3493575 1265060
0b002a01 0b005b01 10000 100 28028 14176101 335464 106736
0b003601 0b003101 10000 100 731684 13860835 662030 655056
0b003001 0b006001 10000 100 4047025 6055171 8471641 3476263
0b001101 0b004001 10000 100 4858963 4439857 10141076 4156956
0b001901 0b000001 10000 100 9669 14384755 386175 91319
0b000d01 0b005f01 10000 100 7929075 1563517 13247891 6730972
0b002801 0b000901 10000 100 916 14755112 84808 83971
0b004001 0b003301 10000 100 695485 12871287 1996901 666314
0b002701 0b004901 10000 100 6288 14809299 91197 88499
0b004a01 0b003901 10000 100 4751 14855316 95694 87192
0b007b01 0b000a01 10000 100 1161463 10562380 4429653 1056991
0b005101 0b001d01 10000 100 5152 14812961 204683 87552
0b007001 0b006401 10000 100 50077 14935164 140867 125220
0b007a01 0b007901 10000 100 159184 14683917 392230 175091
0b003b01 0b007001 10000 100 2055390 12593302 2487920 1806462
0b006701 0b002701 10000 100 327425 13802622 1285775 357735
0b001201 0b006d01 10000 100 155695 14818145 270456 213746
0b002701 0b002301 10000 100 16814 15064629 58535 55704
0b002901 0b004401 10000 100 1959776 10734439 4428017 1726284
0b006701 0b007b01 10000 100 61239 14946873 246815 134572
0b006d01 0b003401 10000 100 27384 15171901 133472 106182
0b003d01 0b003b01 10000 100 815448 14269670 1045542 725292
0b005801 0b001301 10000 100 79337 15107495 242862 149741
0b000901 0b003b01 10000 100 13162 15357124 97456 94267
0b007d01 0b001f01 10000 100 5619 15383500 101964 87925
0b004201 0b004501 10000 100 3600426 10896348 4619982 3060219
0b005c01 0b007101 10000 100 1403 15512591 85102 84399
0b004c01 0b007501 10000 100 640074 14325096 1292427 619873
0b003801 0b007301 10000 100 192950 15268361 361344 244971
0b006c01 0b004901 10000 100 6177052 5665464 10006009 5262076
0b007e01 0b003301 10000 100 842704 12883637 2835583 789734
0b005f01 0b002f01 10000 100 43597 15669388 133701 119767
0b006401 0b005901 10000 100 18899 15686277 120124 99048
0b000901 0b006701 10000 100 119891 15615604 227938 183720
0b002a01 0b006301 10001 100 38654 15765977 136499 115620
0b002d01 0b005401 10000 100 51234 15771719 141860 126184
0b007701 0b001101 10000 100 1876245 13308775 2610231 1656272
0b003301 0b003d01 10000 100 3073 15844144 80754 44212
0b002501 0b002901 10000 100 33575 15899054 91063 69765
0b006301 0b000a01 10000 100 4721720 1721848 14295127 4041900
0b004001 0b006601 10000 100 1001 15989132 85830 84077
0b007301 0b000e01 10000 100 50454 15878340 214780 125521
0b002d01 0b001e01 10000 100 26330 15960968 178754 105300
0b002c01 0b006201 10000 100 744143 14829693 1312995 707122
0b007801 0b003101 10000 100 550260 14845358 1330942 544566
0b000d01 0b000b01 10000 100 5536 16134901 56385 46259
0b004d01 0b003701 10000 100 75518 15946404 258703 146532
0b001f01 0b007301 10000 100 186775 15803030 448762 239800
0b000a01 0b006101 10000 100 71805 15989651 276619 143408
0b007401 0b002c01 10000 100 32992 16234161 134468 110860
0b005c01 0b001e01 10000 100 4620459 4298575 12071196 3957013
0b004a01 0b002601 10000 100 2364050 10401006 6023729 2065256
0b000401 0b000a01 10000 100 1372835 11840201 4611560 1192591
0b001e01 0b000601 10000 100 22755 16346966 112856 102287
0b007601 0b000801 10000 100 599960 14562644 1950295 586208
0b007801 0b002301 10000 100 20074 16419095 135084 100065
0b006801 0b006a01 10000 100 26013 16491943 78817 63447
0b001b01 0b002d01 10000 100 2724713 8233800 8358740 2367610
0b007901 0b003901 10000 100 108136 16339503 322000 173894
0b003001 0b003301 10000 100 1770729 13106469 3595818 1526189
0b002001 0b001201 10000 100 74511 16196765 554715 145688
0b000e01 0b005201 10000 100 30201 16651632 128293 108551
0b006001 0b000601 10000 100 6146478 8250155 8630974 5236427
0b000501 0b005a01 10000 100 70235 16722291 173878 142114
0b006301 0b002c01 10000 100 48569 16791014 150473 123936
0b004601 0b000901 10000 100 2257388 13170892 3799177 1975817
0b003001 0b003a01 10000 100 63649 16898624 96349 94976
0b004f01 0b001e01 10000 100 26856 16845247 150144 105721
0b006901 0b001d01 10000 100 3487018 12416293 4597435 3006753
0b001901 0b001201 10000 100 28902 16948217 93233 65835
0b001c01 0b003201 10000 100 3469469 7361084 9687775 2992023
0b001001 0b003501 10000 100 101880 16828977 227614 168620
0b002101 0b005501 10000 100 28930 16952944 131035 107457
0b000d01 0b004e01 10000 100 4999595 7032063 10183191 4274876
0b007801 0b006601 10000 100 63501 16987106 249807 136458
0b004601 0b007c01 10000 100 68957 17040433 219306 141015
0b001501 0b007901 10000 100 21296 17153932 135670 101081
0b000901 0b007001 10000 100 26970 17180848 131656 105812
0b004e01 0b007b01 10000 100 8398 17203921 139766 90264
0b007401 0b003401 10001 100 57554 17168908 185709 131470
0b007d01 0b002701 10000 100 3237702 11868500 5491341 2797700
0b004d01 0b002201 10000 100 22684 17300247 164864 102230
0b001901 0b005201 10000 100 4621407 12316671 5156943 3957810
0b004e01 0b006201 10000 100 24498 17314066 163596 103758
0b001801 0b000901 10000 100 83501 17223369 283503 153226
0b003801 0b005a01 10000 100 3915 17589366 91387 86485
0b004c01 0b000501 10000 100 11563 17518187 170787 92911
0b000701 0b004301 10000 100 1683223 14771420 2926230 1494444
0b002f01 0b005201 10000 100 197901 17342370 374341 249124
0b003b01 0b005501 10001 100 1240914 14609101 3135787 1123585
0b007c01 0b003901 10000 100 4345863 6566545 11194694 3726776
0b006601 0b005501 10000 100 28289 17617378 167271 106944
0b002f01 0b002c01 10000 100 32139 17751326 71299 68578
0b006c01 0b002901 10000 100 4173188 9081365 8871175 3582032
0b002201 0b002801 10000 100 194255 17700094 265441 204492
0b007901 0b001401 10000 100 1414544 15296589 2703148 1269171
0b000c01 0b003301 10000 100 1049796 15460750 2556121 963356
0b002901 0b006901 10000 100 77773 17765874 258998 148413
0b003a01 0b006601 10000 100 6455 17933649 97584 88632
0b001a01 0b000801 10000 100 3004 17965782 87284 85756
0b003001 0b002b01 10000 100 6183 17849290 345546 88415
0b004301 0b006a01 10000 100 4963329 7795138 10412326 4244480
0b007701 0b007001 10000 100 7500 18161495 53366 47907
0b005d01 0b005f01 10000 100 1983322 10374190 7849461 1704443
0b003a01 0b005c01 10000 100 3794162 8168103 10086749 3264257
0b001f01 0b002d01 10000 100 8456 18112416 256828 90310
0b005d01 0b007b01 10000 100 3891300 1338313 17087317 3345692
0b003101 0b004b01 10000 100 2069406 11067369 7373417 1818212
0b003f01 0b005c01 10000 100 3731 18428769 88584 86338
0b003801 0b007801 10000 100 1847283 16397729 2156524 1631989
0b005901 0b001501 10000 100 50538 18465118 150844 125588
0b007c01 0b000801 10000 100 58639 18308958 316956 132376
0b000601 0b002201 10000 100 2401930 13428289 5215454 2096980
0b003f01 0b007a01 10000 100 139129 18328173 320444 199879
0b001b01 0b004401 10000 100 29887 18567758 121230 108261
0b005801 0b000d01 10000 100 1561494 15963602 2773109 1392376
0b002901 0b003b01 10000 100 10980 18648470 113304 92406
0b006b01 0b001501 10000 100 15907 18713954 107501 96540
0b000301 0b001901 10000 100 51153 18659621 164448 126119
0b004901 0b004d01 10000 100 6863 18775175 51483 47359
0b004301 0b006301 10000 100 110833 18522431 309908 176128
0b003201 0b001c01 10000 100 45698 18706083 140741 121524
0b005901 0b007b01 10000 100 1105248 16104685 2755714 1009868
0b001a01 0b002201 10000 100 17115 18767135 110097 97583
0b002501 0b003101 10000 100 26647 18816614 114552 105554
0b003d01 0b007001 10000 100 2998669 14441973 4560865 2597296
0b004f01 0b005101 10000 100 7543759 8553979 10467710 6407896
0b003c01 0b001801 10000 100 4396957 4910248 14142400 3769610
0b006701 0b000b01 10000 100 38428 18844155 212121 115440
0b006401 0b004301 10000 100 21405 18944086 126441 101168
0b000f01 0b005401 10000 100 3767046 12052826 7051187 3241528
0b005a01 0b004101 10000 100 61201 18954910 198839 134541
0b000a01 0b003501 10000 100 9688 19046430 109268 91334
0b004c01 0b007f01 10000 100 1924969 15672196 3500061 1697095
0b001a01 0b007b01 10000 100 43718 19035332 159259 119864
0b006e01 0b002601 10000 100 13755 19077040 117848 94741
0b005f01 0b003c01 10000 100 44646 19082261 133881 120644
0b004401 0b001501 10000 100 5103 19150159 99886 87512
0b005701 0b007001 10000 100 26553 19165917 120409 105479
0b005601 0b006c01 10000 100 9653 19186897 101310 91306
0b004e01 0b000701 10000 100 1719199 14053716 5255410 1524607
0b007f01 0b007b01 10000 100 6966628 9201102 10118011 5882435
0b004201 0b002e01 10000 100 5796 19229969 93493 88067
0b000b01 0b004901 10000 100 37114 19213820 148110 114350
0b003101 0b000501 10000 100 8869 19284727 96887 90640
0b002901 0b002201 10000 100 3566186 14186958 5269374 3031521
0b003201 0b006401 10000 100 9936 19362849 95557 91532
0b000b01 0b003a01 10000 100 8239 19389106 98167 90136
0b006801 0b006401 10000 100 2817 19471444 44595 43968
0b000d01 0b003901 10000 100 33817 19387987 139891 111559
0b000701 0b003601 10000 100 20111 19441976 104071 100095
0b003e01 0b007201 10000 100 4852999 7170888 12388011 4151954
0b006d01 0b000d01 10000 100 2109846 14669579 4906353 1852100
0b002a01 0b001001 10000 100 31266 19477684 129114 109441
0b007101 0b000c01 10000 100 7317 19592052 95019 89360
0b003201 0b000301 10000 100 58105 19576437 147231 131949
0b000001 0b001e01 10000 100 35206 19636155 157198 112747
0b007e01 0b005301 10000 100 5405245 14239074 5563026 4614986
0b005301 0b001d01 10000 100 275574 18457775 1500241 314257
0b001f01 0b006f01 10000 100 1669089 16042093 3926286 1482599
0b002001 0b006901 10001 100 2608014 15279539 4778527 2269796
0b003901 0b002d01 10000 100 609896 18762370 1325846 594540
0b005301 0b006601 10000 100 22829 19828491 260800 102346
0b000601 0b001301 10000 100 68445 19895244 206929 140605
0b007d01 0b006f01 10000 100 3727967 12812213 7315048 3208728
0b000101 0b000b01 10000 100 1505652 16875689 3258303 1303952
0b001d01 0b000a01 10000 100 3834112 7956005 12202581 3297753
0b004e01 0b004601 10000 100 6916558 8310663 11868481 5840459
0b001e01 0b004f01 10000 100 537125 19052986 1146081 533559
0b007b01 0b001101 10000 100 6410 20039738 164967 88596
0b003b01 0b004101 10000 100 56883 19792736 415336 130895
0b000601 0b007c01 10000 100 6083 20043913 225910 88335
0b001b01 0b006801 10000 100 49070 20211826 126598 124376
0b004701 0b004c01 10000 100 37560 20260658 94210 73107
0b007801 0b007001 10000 100 7162 20311526 59362 47636
0b003401 0b005601 10001 100 37919 20364444 130614 114994
0b006001 0b001001 10000 100 1580437 13223627 7280479 1408260
0b007d01 0b005201 10000 100 64219 20343095 161561 137071
0b007801 0b007901 10001 100 3334406 14094886 6410277 2837188
0b007b01 0b004501 10000 100 826459 18744897 1763885 776124
0b001801 0b007401 10000 100 101042 20127577 442756 167950
0b005701 0b001d01 10000 100 616794 19919546 670392 600328
0b007001 0b000001 10000 100 29067 20473201 125075 107605
0b006e01 0b004d01 10000 100 4799827 11151168 9471342 4107381
0b007201 0b003001 10000 100 184766 20281049 356758 238116
0b003501 0b007701 10000 100 18906 20569756 100565 99054
0b007601 0b001901 10000 100 166095 20279313 418858 222488
0b003401 0b000b01 10000 100 20846 20613406 138165 100683
0b001701 0b003701 10000 100 36556 20584818 186686 113865
0b006901 0b001801 10000 100 173770 20406924 368671 228897
0b004d01 0b005001 10000 100 70542 20381947 400981 142360
0b002401 0b000801 10000 100 6409 20742323 112090 88596
0b002001 0b001901 10000 100 3964 20781260 88162 86524
0b003101 0b003301 10000 100 1543190 19596950 1334158 1335441
0b003b01 0b004701 10000 100 35206 20811337 128398 112747
0b004101 0b003a01 10000 100 24243 20890928 124513 103554
0b000b01 0b004b01 10000 100 29091 20833868 209108 107624
0b001f01 0b001b01 10000 100 4989 21059337 45953 45783
0b001901 0b002701 10000 100 54796 20974112 150784 129148
0b000901 0b005901 10000 100 629517 20332397 808514 611005
0b007401 0b000b01 10000 100 3501627 12878200 8291766 3018978
0b000a01 0b007b01 10000 100 18141 21010348 160562 98442
0b007701 0b001d01 10000 100 166627 20789808 397273 222914
0b004a01 0b007101 10000 100 20615 21107553 140810 100498
0b000601 0b002501 10000 100 4717685 16272744 5010931 4038519
0b006b01 0b001f01 10000 100 13742 21059034 276457 94731
0b007701 0b007301 10000 100 23935 21346790 67231 61669
0b007c01 0b007101 10000 100 791916 20896017 759152 705545
0b004301 0b003d01 10000 100 45997 21509174 146839 121764
0b004301 0b006901 10000 100 20725 21534046 131242 100586
0b003d01 0b001001 10000 100 704114 20302065 1379333 673563
0b004e01 0b002f01 10000 100 79726 21522842 200485 150052
0b002201 0b006301 10000 100 147474 21325666 412589 206862
0b004501 0b003101 10000 100 55799 21390976 356949 129989
0b004101 0b005c01 10000 100 12599 21650827 113548 93778
0b001001 0b006901 10000 100 2426776 15803845 6002643 2117817
0b006001 0b007a01 10000 100 56792 21662116 165910 130822
0b002a01 0b007a01 10000 100 22462 21670709 172356 102052
0b007601 0b001e01 10000 100 2422925 18390493 3476941 2114583
0b005501 0b004101 10000 100 5420 21591231 307900 87766
0b004301 0b004b01 10000 100 22317 21849946 75006 60336
0b002201 0b000a01 10000 100 1220080 18068556 3874752 1106150
0b006201 0b004101 10000 100 53028 21708759 252076 127696
0b001c01 0b004301 10000 100 72257 21828204 154989 143808
0b005c01 0b007e01 10000 100 131851 21780323 282061 193749
0b000901 0b006c01 10000 100 31938 21949140 125050 109979
0b007401 0b006001 10000 100 10260 21978167 205070 91830
0b002e01 0b000201 10000 100 96639 21988415 230743 164236
0b006001 0b004301 10000 100 42972 22099528 138826 119228
0b007f01 0b003601 10000 100 60708 22181127 143646 134108
0b006f01 0b001101 10000 100 1440 22252242 84463 84428
0b005301 0b005001 10000 100 38803 22184393 169413 74140
0b005d01 0b004d01 10000 100 8962311 704375 21658831 7597228
0b000101 0b002601 10000 100 29268 22255401 129083 107766
0b005d01 0b006301 10000 100 1425944 16478581 6009536 1278713
0b005a01 0b000a01 10000 100 1667868 12872759 9642552 1481545
0b003701 0b007401 10000 100 35008 22423754 152879 112588
0b004601 0b005901 10000 100 2585 22507001 236291 85383
0b000101 0b007d01 10000 100 70454 22595656 209164 142289
0b004a01 0b002e01 10000 100 4112126 17055142 5792661 3530840
0b000401 0b000201 10000 100 2198 22830245 43571 43473
0b002b01 0b005c01 10000 100 776193 20199731 2725645 733991
0b000601 0b005201 10001 100 16193 22707516 235050 96807
0b000101 0b004d01 10000 100 181729 22552589 391365 235572
0b000801 0b004601 10000 100 2251443 19683146 3277342 1970831
0b001301 0b007d01 10000 100 64333 22800064 167002 137162
0b006201 0b000101 10000 100 1612756 20434053 2646080 1435344
0b000e01 0b006c01 10000 100 71739 22869213 224064 143356
0b001d01 0b004c01 10000 100 6185 23022733 100939 88416
0b001c01 0b004501 10000 100 156435 22657412 517552 214376
0b001a01 0b003201 10000 100 5011 23151147 94361 87439
0b006001 0b007c01 10000 100 53126 23147771 157230 127774
0b006601 0b004301 10000 100 24603 23222676 118662 103842
0b002301 0b000f01 10000 100 68600 23203303 221610 140729
0b001801 0b006001 10000 100 8208720 14927276 8517476 6965401
0b001d01 0b000c01 10000 100 4524919 14082392 9367020 3876895
0b005601 0b001601 10000 100 29168 23302961 161761 107686
0b000201 0b004201 10000 100 145865 23173181 296341 205498
0b000e01 0b004501 10001 100 473937 22213231 1302314 480551
0b001b01 0b001401 10000 100 218432 23298334 263635 224755
0b002a01 0b005d01 10000 100 515206 21745028 1828839 515179
0b000701 0b005701 10000 100 1381960 20513404 3074003 1241836
0b003201 0b007701 10000 100 25305 23481520 107268 104442
0b002e01 0b001f01 10000 100 257790 22823882 832090 299339
0b000801 0b003a01 10000 100 2331 23590484 86101 85180
0b001e01 0b002301 10000 100 56336 23120428 588690 130457
0b004401 0b007001 10000 100 2942 23668774 167264 85668
0b003601 0b000301 10000 100 47165 23706704 145804 122775
0b004301 0b000301 10000 100 1805003 15859979 8016050 1596552
0b006401 0b007d01 10000 100 2058814 18911629 4976827 1809316
0b007d01 0b007601 10000 100 487445 23207925 766998 450295
0b000601 0b001b01 10000 100 157340 23715307 269263 215139
0b002e01 0b007801 10001 100 657 23761556 283315 83764
0b003401 0b006b01 10000 100 75853 23840313 269865 146800
0b005a01 0b005601 10000 100 619947 23160414 953580 561365
0b001501 0b003f01 10000 100 9224 23969393 144904 90963
0b002f01 0b007a01 10000 100 1705 23991524 131585 84640
0b007a01 0b007b01 10000 100 31737 24036075 109198 68218
0b007501 0b006101 10000 100 198425 23762112 396538 249581
0b000d01 0b001701 10000 100 1106454 20659014 3505465 1010872
0b002901 0b005201 10000 100 21183 23962077 219606 100991
0b002c01 0b003501 10000 100 9921 23989045 205613 91520
0b006701 0b001401 10000 100 40151 24094854 128252 116895
0b001c01 0b006801 10000 100 5946 24092322 160249 88187
0b007301 0b002901 10000 100 59969 23562571 703778 133479
0b000001 0b003f01 10000 100 25706 24207560 148711 104763
0b007e01 0b004e01 10000 100 1954171 20720335 3682694 1721608
0b000701 0b003101 10000 100 43680 23978021 433239 119833
0b005201 0b006d01 10000 100 3493309 10854533 13650530 3012016
0b005a01 0b007f01 10000 100 8349 24449711 94982 90224
0b001201 0b001901 10000 100 4714778 20028101 4552660 3994478
0b000c01 0b002001 10000 100 9223 24502783 96508 90962
0b007f01 0b006e01 10000 100 707841 23744736 864573 676660
0b001001 0b004501 10000 100 295581 23538802 1082213 331031
0b006f01 0b003301 10000 100 884371 21193061 3467185 824680
0b006901 0b002d01 10000 100 66093 24507741 153675 138647
0b003701 0b003801 10000 100 3786567 19659643 5033871 3216274
0b001601 0b004401 10000 100 6357 24697010 92614 88554
0b007801 0b007a01 10000 100 186554 24572311 312777 198024
0b006601 0b004901 10000 100 9049 24963803 93718 90823
0b000a01 0b007e01 10000 100 6247 24936485 126588 88466
0b001b01 0b006801 10001 100 47264 24962475 123460 122854
0b004a01 0b000301 10000 100 1874631 14603993 10502204 1654904
0b006f01 0b003b01 10000 100 52306 24984458 199473 127080
0b005601 0b001b01 10000 100 7792 25025948 186618 89740
0b004901 0b000901 10000 100 14774 25168957 107918 95595
0b007501 0b000901 10000 100 26096 25167054 123859 105113
0b001001 0b003e01 10000 100 1366 25194436 103503 84369
0b002c01 0b007801 10000 100 622 25223280 93343 83736
0b006c01 0b002001 10000 100 2826 25314993 90922 85576
0b004201 0b006201 10000 100 47899 25239920 184934 123362
0b006c01 0b006101 10000 100 41320 25357009 88207 76268
0b005f01 0b004701 10000 100 7147 25409336 90446 89224
0b005a01 0b000401 10000 100 74250 25178128 352349 145480
0b003001 0b000e01 10000 100 139261 25249288 297425 199984
0b000001 0b007501 10000 100 201 25463210 135161 83399
0b002701 0b001101 10000 100 1374247 22307362 3318695 1235397
0b002d01 0b005b01 10000 100 916 25518197 137634 83971
0b004a01 0b001501 10000 100 633297 23926718 1744794 614183
0b000401 0b006601 10000 100 1063454 24201987 1475539 974820
0b005401 0b001301 10000 100 4007097 6931462 18748320 3442784
0b005201 0b003e01 10001 100 545 25631390 83074 83674
0b001a01 0b001e01 10000 100 6206 25672044 46213 46833
0b006401 0b007a01 10001 100 9745121 3465811 22275213 8253543
0b003f01 0b000f01 10000 100 7749 25481825 300131 89706
0b005301 0b007e01 10000 100 4468236 14028481 11919867 3829398
0b003001 0b007901 10000 100 883881 23540696 2479399 824250
0b006201 0b001301 10000 100 127811 25772749 315611 190364
0b003d01 0b005a01 10001 100 7179 25993889 101565 89250
0b002101 0b002a01 10000 100 6999 26055213 48475 47468
0b005301 0b003601 10000 100 31230 25948781 179765 109412
0b004301 0b004601 10000 100 9397 26144024 48880 49501
0b003a01 0b002c01 10000 100 7564449 5988072 20230965 6425255
0b000501 0b006401 10000 100 648903 24818961 1420344 627244
0b005601 0b005001 10000 100 36558 26279842 82817 72267
0b006901 0b005a01 10000 100 45313 26246526 167807 121216
0b005301 0b003801 10000 100 9339527 2185908 24363646 7913477
0b003c01 0b002101 10000 100 39634 26418813 141959 116443
0b005d01 0b007b01 10001 100 756292 22974671 3599244 717302
0b000201 0b004d01 10000 100 74863 26367054 223571 145970
0b003f01 0b004201 10000 100 7860 26507305 113925 89795
0b006d01 0b001401 10000 100 2539 26535458 87299 85346
0b006101 0b003201 10000 100 685449 25212326 1433381 657901
0b000d01 0b002801 10000 100 2641904 15804376 10848778 2298176
0b003101 0b007001 10000 100 6935 26350069 353843 89016
0b007001 0b007e01 10000 100 517180 26278460 483050 475235
0b001201 0b005b01 10000 100 22314 26667539 117497 101934
0b005d01 0b003b01 10000 100 17687 26718970 132460 98040
0b000d01 0b004801 10000 100 4145 26532971 354435 86708
0b007701 0b004201 10000 100 6462293 3375253 23528005 5501213
0b007701 0b003d01 10000 100 365892 25696895 1214922 389968
0b005d01 0b001401 10000 100 125158 26615986 339910 188164
0b004a01 0b003501 10000 100 75 26896387 132619 83298
0b007601 0b006d01 10000 100 1943548 21564034 5649899 1712688
0b004a01 0b000601 10000 100 2647240 12022050 15276892 2302675
0b003401 0b007e01 10000 100 14169 27233698 111705 95111
0b004301 0b004b01 10001 100 253120 26891971 460242 253849
0b004b01 0b001f01 10000 100 1689981 20575734 6818277 1500080
0b001301 0b005c01 10000 100 8233 27331398 93613 90132
0b001701 0b001201 10000 100 9545971 12486469 14987814 8044943
0b006f01 0b001401 10000 100 2993629 16225312 11253850 2593072
0b001701 0b002301 10000 100 4039002 18186004 9307902 3469537
0b003e01 0b004701 10000 100 16341 27428168 111984 96925
0b007401 0b001d01 10000 100 389966 26848414 701123 410148
0b002d01 0b003001 10000 100 22641 27447712 135457 102196
0b007f01 0b000701 10000 100 486454 26378681 1222238 491064
0b001e01 0b002b01 10000 100 66595 27332852 295225 139048
0b002501 0b003701 10000 100 418481 26513157 1173889 434074
0b005301 0b005601 10000 100 5501232 16222690 11468649 4653862
0b006401 0b001601 10000 100 1657713 24144384 3549721 1473037
0b005401 0b000701 10000 100 2123504 19837654 7936801 1863564
0b006e01 0b003901 10000 100 5580716 14358657 13430076 4762083
0b006a01 0b007a01 10000 100 33744 27769043 187520 111500
0b002301 0b004c01 10000 100 3456846 16554639 11502597 2981425
0b007701 0b003301 10000 100 1924961 24054908 4111546 1697088
0b005401 0b000101 10000 100 250943 27664995 529569 293592
0b005301 0b002a01 10000 100 20462 28124163 126235 100376
0b005601 0b004501 10000 100 271217 27531266 785080 310618
0b004e01 0b002301 10000 100 1093379 24888324 3460352 999912
0b004401 0b000a01 10000 100 21585 28362343 119979 101312
0b003501 0b002801 10000 100 148770 28188865 348015 207937
0b006901 0b004f01 10000 100 22400 28443924 110930 102003
0b002f01 0b004501 10000 100 1949671 23461657 5127239 1717816
0b007301 0b000401 10000 100 71555 28356765 274601 143208
0b006d01 0b006901 10000 100 937657 27025127 1614543 827744
0b001d01 0b002e01 10000 100 3518305 14385700 14287940 3032973
0b007801 0b004e01 10000 100 8746 28595674 106350 90542
0b005901 0b006a01 10000 100 67136 28470299 236241 139520
0b002e01 0b005c01 10000 100 47321 28574538 177320 122900
0b002701 0b003e01 10000 100 786079 26424117 2575484 742284
0b001a01 0b002001 10001 100 944546 27365246 1723833 875124
0b007d01 0b004101 10000 100 9219992 34944 29086408 7813241
0b003e01 0b004201 10000 100 4106 28930966 195386 86676
0b007f01 0b006801 10000 100 2376 29045114 86465 85216
0b001101 0b006e01 10000 100 26802 28883225 253674 105678
0b005401 0b002c01 10000 100 8859 29060753 96553 90632
0b005101 0b002501 10000 100 8755 29023380 137127 90549
0b004801 0b005b01 10000 100 8108174 9727246 19448841 6881124
0b000601 0b005c01 10000 100 20820 28951476 230258 100662
0b003801 0b003301 10000 100 47848 29142820 86064 81721
0b002401 0b001c01 10000 100 5062 29184420 101683 87480
0b000801 0b004701 10000 100 75415 29090181 205495 146450
0b004e01 0b000201 10000 100 3384148 12927103 16374537 2920502
0b005001 0b006e01 10000 100 2796175 25427763 3949560 2427544
0b002601 0b001d01 10000 100 56278 29146218 291526 130411
0b001c01 0b001e01 10000 100 2778460 26935433 2509962 2371081
0b001801 0b003101 10000 100 4237 29270788 228583 86781
0b007901 0b005d01 10000 100 99 29340121 165512 83317
0b006601 0b007401 10000 100 117809 29264792 265152 181978
0b004001 0b005501 10000 100 39219 29376539 202661 116111
0b004e01 0b006a01 10000 100 45968 29386272 194189 121740
0b005001 0b005a01 10000 100 18924 29561899 67592 57468
0b007501 0b000401 10000 100 62653 29440945 208133 135741
0b001401 0b002b01 10000 100 62632 29230675 437751 135724
0b001e01 0b000e01 10000 100 70348 29287455 392729 142204
0b001801 0b006101 10000 100 33654 29485706 202503 111428
0b007d01 0b004e01 10000 100 1748352 26182104 3531049 1549043
0b002401 0b000501 10000 100 13984 29603700 144984 94924
0b000d01 0b001a01 10000 100 2277 29631668 168760 85136
0b007e01 0b000c01 10000 100 1358065 24719909 5127320 1221837
0b002a01 0b001d01 10000 100 20161 29736617 126306 100135
0b005801 0b005001 10000 100 117318 29721514 171954 139985
0b003501 0b001b01 10000 100 4849939 8785178 21113252 4149391
0b000b01 0b003b01 10000 100 9440 29966154 93965 91136
0b004001 0b000001 10000 100 40532 29843269 223198 117200
0b001501 0b001101 10000 100 21593 30001536 68000 59719
0b001201 0b007301 10000 100 696753 28572799 1500375 667367
0b007501 0b005101 10000 100 919051 29102691 983083 853768
0b006a01 0b005001 10000 100 5135 29996249 99184 87538
0b001901 0b001001 10000 100 922298 28683237 1442423 814881
0b005301 0b001f01 10000 100 60489 29973752 202396 133933
0b007301 0b006b01 10000 100 19710 30082967 112551 99736
0b001601 0b004b01 10000 100 4341421 15949656 14274870 3723069
0b006801 0b005901 10000 100 6816 30234808 100002 88921
0b005701 0b004701 10000 100 1293903 27779747 2629139 1168012
0b007101 0b007001 10000 100 3503 30400165 46947 44556
0b007701 0b002e01 10000 100 44518 30297760 171535 120542
0b005f01 0b000101 10000 100 36956 30475798 172595 114185
0b004701 0b003701 10000 100 22758 30522916 161430 102289
0b003601 0b005501 10000 100 43199 30560368 140005 119448
0b003401 0b004601 10000 100 17408 30481930 237540 97817
0b003e01 0b002401 10000 100 7422 30551261 171281 89444
0b007801 0b003d01 10000 100 73528 30478166 274175 144864
0b003601 0b005c01 10000 100 833927 28931754 1834580 782367
0b004701 0b005801 10000 100 54196 30573032 219123 128668
0b005601 0b004201 10000 100 6491 30626833 208463 88661
0b001e01 0b007001 10000 100 48060 30711774 191232 123529
0b003c01 0b006e01 10000 100 62769 30925060 183482 135834
0b003a01 0b007801 10000 100 75758 30755753 359496 146724
0b001401 0b006601 10000 100 3591396 23820589 7336518 3094249
0b007901 0b001901 10000 100 57908 31039448 179779 131753
0b002d01 0b004f01 10000 100 63385 30682493 544549 136365
0b003301 0b004f01 10000 100 4212 31091499 179363 86761
0b007801 0b006d01 10000 100 43445 31030484 243059 119645
0b002101 0b006e01 10000 100 33700 31167610 140243 111465
0b007601 0b000b01 10000 100 1378 31236768 86351 84379
0b002501 0b000301 10000 100 1491730 25483229 5851894 1333876
0b005f01 0b004f01 10000 100 4536394 9164166 22186603 3886536
0b002101 0b004901 10000 100 21407 31235269 182782 101170
0b002901 0b004401 10001 100 1506586 26688200 4737207 1346337
0b004201 0b001a01 10000 100 2987 31370678 90636 85704
0b004e01 0b006101 10000 100 4685002 18962777 12614845 4011144
0b006a01 0b003301 10000 100 24906 31401896 262957 104084
0b001201 0b006101 10000 100 45247 31319298 383051 121164
0b002701 0b003f01 10000 100 4495859 24678733 7028789 3852533
0b005301 0b004201 10000 100 105580 31474212 303361 171734
0b005801 0b000601 10000 100 310133 30915443 871426 343248
0b006301 0b002e01 10000 100 6321 31703618 92857 88525
0b007d01 0b005301 10000 100 28656 31656849 141899 107238
0b005501 0b005101 10000 100 722707 30487768 1326098 647528
0b004a01 0b002301 10000 100 366742 30424782 1423378 390686
0b005201 0b003301 10000 100 26107 31731102 139679 105122
0b005f01 0b004401 10000 100 35180 31739502 148174 112726
0b005601 0b003101 10000 100 57956 31732030 156806 131792
0b000a01 0b006601 10000 100 72505 31631141 278308 144007
0b004e01 0b005601 10000 100 131627 31511589 426690 193570
0b005501 0b004201 10000 100 78369 31443669 522585 148928
0b006601 0b004201 10000 100 70172 31785985 189446 142064
0b005601 0b000701 10000 100 6396273 14163936 17811772 5445863
0b006501 0b001e01 10000 100 8567 31884084 104863 90399
0b003801 0b005101 10000 100 75168 31818137 194132 146252
0b001401 0b001501 10000 100 4737 32041728 48142 45581
0b001001 0b004801 10001 100 54393 31938234 190289 128826
0b005801 0b005e01 10000 100 19500 32068227 65274 57968
0b006b01 0b000201 10000 100 21064 31777618 376489 100896
0b000701 0b001f01 10000 100 222738 31663225 505759 269953
0b000301 0b001a01 10000 100 62549 31999829 253435 135658
0b003701 0b002301 10000 100 6486932 7723182 24553174 5521846
0b000c01 0b007b01 10000 100 90844 31695033 633093 159369
0b004401 0b001301 10001 100 7869 32216480 169965 89802
0b003201 0b000101 10000 100 1324340 30492708 1925807 1193552
0b000001 0b003d01 10000 100 5051912 22577343 10090763 4318726
0b005001 0b001a01 10000 100 1399156 30748388 1946437 1256284
0b004a01 0b006c01 10000 100 66530 32351038 418775 138996
0b007801 0b007901 10000 100 25516160 1929742 30884456 21434380
0b007e01 0b005c01 10000 100 78153 32588601 239000 148756
0b006e01 0b005401 10000 100 777645 31539059 1312289 735191
0b001f01 0b004f01 10000 100 423629 31024472 1904361 438384
0b004901 0b007101 10000 100 22179 32787986 141331 101826
0b002101 0b001501 10000 100 5764319 13522791 19458458 4916031
0b007901 0b000101 10000 100 23683 32905927 130294 103068
0b001201 0b004c01 10000 100 3348 32963424 88756 86032
0b006801 0b001301 10000 100 5380707 14118641 18970133 4594396
0b006801 0b003e01 10000 100 22400 33022622 141647 102003
0b005501 0b001a01 10000 100 5205399 13531334 19636534 4447429
0b004a01 0b006401 10000 100 4386 33098271 92430 86900
0b005401 0b001001 10000 100 3892443 24438221 8753095 3346645
0b007301 0b001d01 10000 100 18921 33051903 167819 99066
0b001101 0b002801 10000 100 1016199 31576023 1688508 935212
0b002701 0b002601 10000 100 739523 32505396 838376 661634
0b004c01 0b006a01 10001 100 68835 33182100 203228 140917
0b000c01 0b001501 10000 100 6291350 3827750 29564775 5357892
0b002a01 0b005001 10000 100 69520 33281602 295716 141504
0b000201 0b004c01 10000 100 76981 33411081 191102 147741
0b006b01 0b003601 10000 100 1985954 29883498 3783419 1748225
0b001b01 0b002e01 10000 100 9027 33567801 107519 90805
0b007601 0b007801 10000 100 754883 32585821 1108457 674498
0b007b01 0b000501 10000 100 17164 33570632 151140 97622
0b001901 0b001101 10000 100 4471 33698850 45570 45368
0b007701 0b000301 10001 100 133194 33213793 531809 194900
0b006e01 0b005a01 10000 100 40442 33591906 155951 117128
0b006c01 0b000701 10000 100 29351 33658894 118699 107832
0b000301 0b003201 10000 100 329702 32837508 951357 359633
0b001901 0b003001 10000 100 2659213 25363931 8444286 2312714
0b006a01 0b003301 10001 100 48085 33626828 188091 123549
0b000c01 0b007001 10000 100 1561627 30228500 3635567 1392482
0b001601 0b007001 10000 100 1971151 28276456 5590505 1735845
0b001c01 0b000501 10000 100 20917 33766913 141947 100740
0b000c01 0b003f01 10000 100 3832131 23785743 10205266 3296092
0b000701 0b000f01 10000 100 77826 33796753 199863 106856
0b007201 0b003101 10001 100 59201 33751629 278381 132864
0b002f01 0b006601 10000 100 446119 32401670 1647559 457260
0b002101 0b001e01 10000 100 25209 33959371 159522 104365
0b007901 0b004d01 10000 100 7458 34027742 97800 89473
0b001701 0b007f01 10000 100 57318 34004093 162332 131281
0b006901 0b004301 10000 100 35268 33823797 362081 112796
0b004101 0b006d01 10000 100 78371 33836554 376506 148930
0b001e01 0b001301 10000 100 4564185 28105269 6141295 3868244
0b005401 0b001301 10001 100 42285 34083802 201571 118679
0b000601 0b005b01 10000 100 9849 34196111 99767 91463
0b002601 0b004901 10000 100 789131 31996804 2326101 744840
0b004001 0b007301 10000 100 14377 34237066 105864 95277
0b004a01 0b002f01 10000 100 7408 34058997 299513 89433
0b007701 0b003501 10000 100 1226821 31135596 3264314 1111773
0b007201 0b002901 10000 100 9229500 15506327 18909712 7821232
0b006c01 0b002a01 10000 100 29949 34335716 132140 108311
0b002201 0b000f01 10000 100 1079097 29185525 5316164 987949
0b004a01 0b006601 10000 100 7848 34445500 94610 89785
0b000001 0b004d01 10000 100 482 34459643 104743 83624
0b004501 0b006801 10000 100 1588644 29505934 5058573 1415132
0b005c01 0b000501 10000 100 8886020 13558470 21020746 7533276
0b006801 0b002501 10000 100 617633 33256920 1367550 601037
0b000501 0b005101 10000 100 113320 34276017 377718 178233
0b002b01 0b004701 10000 100 2222161 19646429 15033454 1946292
0b002701 0b000a01 10000 100 923677 30696790 3988656 857623
0b000501 0b007c01 10000 100 51494 34558925 167785 126392
0b003b01 0b004b01 10000 100 35419 34594713 157715 112917
0b007f01 0b001a01 10000 100 70466 34555892 262781 142299
0b000d01 0b002601 10000 100 66693 34604820 224686 139127
0b007001 0b004c01 10000 100 1681502 30260286 4575240 1492990
0b007801 0b003201 10000 100 51378 34608808 237858 126299
0b001701 0b005a01 10000 100 282150 34352952 493992 319787
0b005801 0b007101 10000 100 14022 34736164 154811 94993
0b002801 0b006a01 10000 100 5285400 20833591 14125675 4514502
0b002d01 0b000d01 10000 100 850165 31538639 3458843 796010
0b004701 0b004d01 10000 100 1355489 33464551 1546659 1178061
0b001001 0b002d01 10000 100 532129 33643550 1368586 529370
0b001c01 0b002701 10000 100 64576 34933057 147853 137356
0b004001 0b005301 10000 100 164345 34819257 359185 221012
0b001501 0b004b01 10000 100 567341 32913899 2274369 558884
0b001d01 0b005701 10000 100 1996730 28876173 6316388 1757268
0b003601 0b006101 10000 100 1391474 32668620 2524095 1249832
0b007c01 0b001c01 10000 100 25908 35090556 113706 104924
0b005d01 0b000801 10000 100 9299537 8527121 26741161 7879949
0b003d01 0b002a01 10000 100 10315 35210162 106208 91874
0b005101 0b001701 10000 100 9151961 21166042 14167057 7756205
0b005301 0b001b01 10000 100 71230 35205112 206433 142948
0b000001 0b000e01 10000 100 29124403 4629192 30836247 24459522
0b007d01 0b000801 10000 100 27712 35341936 137251 106444
0b005901 0b004801 10000 100 2093749 31539533 3973538 1838608
0b001e01 0b007a01 10000 100 3532018 26240940 9312458 3044481
0b003e01 0b005501 10000 100 210008 35170058 412739 259308
0b002e01 0b007401 10000 100 15959 35515660 113287 96581
0b005c01 0b001f01 10000 100 21940 35528806 119293 101596
0b007f01 0b004101 10000 100 5560473 16171108 19492357 4745120
0b004001 0b006701 10000 100 70123 35454093 269097 142024
0b007101 0b000001 10000 100 4015 35387438 369863 86604
0b002801 0b002e01 10000 100 2022 35725376 45950 43332
0b007f01 0b007601 10000 100 7818 35725346 49250 48161
0b002401 0b002801 10000 100 5029 35733230 47806 45853
0b004501 0b007d01 10000 100 3110 35645606 153810 85841
0b006901 0b005c01 10000 100 27820 35672575 132662 106531
0b000301 0b007601 10000 100 7375134 20944912 14869460 6266545
0b002501 0b006a01 10000 100 3745622 26587908 9239424 3223544
0b006301 0b005601 10000 100 26933 35686365 150097 105783
0b007201 0b002a01 10000 100 1602439 31565115 4284617 1426706
0b000601 0b006d01 10000 100 2663831 32889863 3077307 2316562
0b002e01 0b007b01 10000 100 1620010 31630457 4375874 1441454
0b003a01 0b006601 10001 100 913 35951906 83851 83968
0b003a01 0b001801 10000 100 1342 35959347 86202 84350
0b001001 0b005301 10000 100 9271 35981638 97869 91000
0b000601 0b000e01 10000 100 62399 36026030 93247 93938
0b004b01 0b004901 10000 100 21448 36082250 60383 59603
0b004901 0b000101 10000 100 1698998 31286203 5026968 1507640
0b007c01 0b004c01 10000 100 26829 36214113 139517 105700
0b004201 0b006201 10001 100 22039 36216003 139983 101714
0b000001 0b001201 10000 100 43256 36252277 166817 119494
0b002201 0b002d01 10000 100 29874 36353018 78286 66651
0b006501 0b007401 10000 100 18738 36349989 214697 98920
0b005f01 0b004301 10000 100 3757323 30275200 6415836 3233365
0b000301 0b007b01 10000 100 510 36551646 149059 83646
0b000901 0b003701 10000 100 162568 36482310 393802 219513
0b002701 0b004b01 10000 100 1169008 28780657 8153075 1063334
0b003701 0b005601 10000 100 16286 36872752 109157 96881
0b006201 0b001e01 10000 100 29344 36828033 158259 107827
0b003401 0b005401 10000 100 22478 36886283 104693 102065
0b005101 0b007601 10000 100 169935 36609607 398416 225676
0b007a01 0b003301 10000 100 4805 36896220 114327 87236
0b003101 0b004e01 10000 100 7537 36928321 96082 89536
0b000101 0b001001 10000 100 9616 36940908 99658 91276
0b002d01 0b006901 10000 100 52640 36906128 260345 127347
0b004401 0b005901 10000 100 8298425 26785012 10382238 7040621
0b005d01 0b001601 10000 100 392210 36087394 1121223 412059
0b001b01 0b001101 10000 100 759282 36620846 677240 678209
0b005e01 0b002301 10000 100 1072384 35141926 2212903 982310
0b001401 0b001d01 10000 100 146558 37113021 264476 164491
0b005f01 0b002d01 10000 100 11735 37173068 250740 93048
0b007901 0b001d01 10000 100 83315 37147563 292852 153077
0b007401 0b003001 10000 100 28609 37213633 246030 107200
0b000a01 0b001201 10000 100 9751 37324872 190916 91384
0b007601 0b004801 10000 100 892 37401236 195015 83952
0b000101 0b001f01 10000 100 951153 35376940 2257707 880679
0b002c01 0b005301 10000 100 2611813 23426313 14211062 2272951
0b000401 0b000001 10000 100 4253463 32689899 4947890 3607724
0b003a01 0b003601 10000 100 51968 37606660 95838 85171
0b003101 0b000801 10000 100 237378 37281253 441736 282241
0b002501 0b006601 10001 100 1665115 35233184 2511421 1479266
0b004201 0b006801 10000 100 2937884 30198798 7652693 2546326
0b005301 0b005701 10000 100 3460788 34111901 3743789 2943132
0b001001 0b001301 10000 100 550659 37288453 576974 503285
0b001001 0b002901 10000 100 61899 37747051 218301 135100
0b007e01 0b004901 10000 100 36571 37891498 128112 113877
0b001c01 0b003801 10000 100 556102 37116950 1020245 549470
0b006b01 0b001d01 10000 100 21611 38026823 199771 101333
0b004b01 0b006d01 10000 100 196270 37832817 442181 247780
0b003301 0b005b01 10000 100 121614 37724465 561896 185176
0b002f01 0b005301 10000 100 1781749 30706307 7591539 1577028
0b001a01 0b007801 10000 100 33724 38187062 133420 111484
0b003c01 0b002e01 10000 100 4344773 29941071 8387052 3725866
0b000b01 0b007801 10000 100 66642 38144354 197433 139086
0b007801 0b006f01 10000 100 3245 38200217 185905 85949
0b006c01 0b006401 10000 100 37236 38316058 73983 72848
0b004201 0b006101 10000 100 40946 38276740 195596 117531
0b007801 0b003d01 10001 100 53446 38310717 172863 128030
0b007901 0b006701 10000 100 21682 38159900 340620 101390
0b003001 0b006001 10001 100 65296 38373487 169098 137971
0b003101 0b001e01 10000 100 33282 38423439 136645 111131
0b007f01 0b002101 10000 100 582098 37089257 1490563 571265
0b003e01 0b007501 10000 100 8100007 24174773 14504787 6874284
0b005f01 0b001901 10000 100 30828 38572181 111106 109052
0b006301 0b002101 10000 100 1405192 36136298 2727430 1261344
0b003e01 0b004001 10000 100 4985804 11173402 27729278 4263305
0b003701 0b000601 10000 100 8686 38544743 378317 90494
0b006b01 0b004401 10000 100 100693 38656560 323761 167632
0b003b01 0b006701 10000 100 72463 38811359 215919 143973
0b005c01 0b002801 10000 100 70777 38641453 420267 142548
0b003601 0b002a01 10000 100 47944 38880498 222186 123398
0b001801 0b002d01 10000 100 13019 38994538 117025 94152
0b003301 0b002f01 10000 100 8183 39078733 165350 90092
0b003c01 0b001601 10000 100 234149 38798523 446586 279543
0b005401 0b007d01 10000 100 172066 39018144 315491 227496
0b004501 0b001d01 10000 100 2419548 28495498 10873141 2111766
0b003601 0b000401 10000 100 1631988 35014802 4359628 1451459
0b007401 0b003101 10000 100 155149 38934609 511871 213309
0b000a01 0b005f01 10000 100 311896 37873613 1591806 344697
0b006701 0b003001 10000 100 47531 39342108 145402 123068
0b007201 0b003101 10000 100 4003052 30729533 8763312 3439395
0b004401 0b000f01 10000 100 1387279 35889323 3657869 1246322
0b001001 0b005301 10001 100 32398 39452070 134972 110385
0b001f01 0b003a01 10000 100 6795 39487196 110132 88904
0b005b01 0b004c01 10000 100 769990 38186069 1468506 728760
0b006d01 0b002001 10000 100 10730 39554139 168770 92206
0b001601 0b007401 10000 100 8269626 22486231 17241327 7016468
0b003001 0b001201 10000 100 50097 39598739 185570 125236
0b003101 0b002a01 10000 100 74098 39640451 236863 145358
0b002901 0b001b01 10000 100 134065 39643410 242166 195636
0b004501 0b000501 10000 100 28687 39768407 138912 107263
0b006b01 0b000001 10000 100 25315 39781163 129349 104450
0b003a01 0b004001 10000 100 89230 39670197 258623 158040
0b005b01 0b006a01 10000 100 26212 39787186 176839 105206
0b000a01 0b000401 10000 100 19041771 12398940 27729455 16006229
0b004901 0b007801 10000 100 73649 39783877 354076 144960
0b005f01 0b003801 10000 100 3963 40092469 92943 86524
0b001801 0b007501 10000 100 50131 39829917 356584 125263
0b003101 0b000901 10000 100 865486 38426100 1793934 808843
0b005d01 0b002d01 10000 100 8478597 11109301 29209399 7191671
0b005901 0b003b01 10000 100 56343 40205544 212169 130463
0b004501 0b005101 10000 100 44520 40164156 260966 120544
0b005d01 0b000701 10000 100 723235 38116085 2337341 689589
0b007e01 0b006001 10000 100 33472 40184920 287344 111283
0b002401 0b000601 10000 100 164566 39917579 554900 221188
0b005201 0b004e01 10000 100 2953736 22747438 17796792 2559622
0b001801 0b004b01 10001 100 4975850 30660589 9955223 4254958
0b004e01 0b007401 10000 100 137807 39917073 733980 198744
0b002201 0b007f01 10000 100 18187 40554392 228817 98479
0b005d01 0b006b01 10000 100 49079 40585515 200718 124383
0b002a01 0b007701 10000 100 1175095 37329773 3517184 1068434
0b004e01 0b002b01 10000 100 1920494 34741099 6156801 1693361
0b006a01 0b005401 10000 100 1638 40828922 87609 84587
0b006401 0b006a01 10000 100 1336343 38164623 2773154 1162015
0b006701 0b004f01 10000 100 6120 40864044 95237 88364
0b006a01 0b007c01 10000 100 29917 40969233 144932 108285
0b005001 0b004d01 10000 100 2630 41034603 86220 85419
0b004c01 0b007901 10000 100 23185 40984885 155170 102669
0b003d01 0b003b01 10001 100 50908 41081385 149056 84284
0b004501 0b003201 10000 100 46840 40977513 264027 122476
0b007801 0b006101 10000 100 6591804 27045211 14336073 5609776
0b001701 0b001b01 10000 100 77644 41236470 156846 106710
0b003301 0b004401 10000 100 29315 41107807 303419 107804
0b002801 0b007c01 10000 100 724 41338711 84976 83817
0b006501 0b006101 10000 100 166240 40970464 532408 181004
0b004c01 0b005801 10000 100 153264 40884728 661359 211724
0b001c01 0b007301 10000 100 69698 41377817 187563 141646
0b001001 0b004c01 10000 100 541304 40416066 1170671 537056
0b001701 0b001d01 10000 100 22312 41566118 77544 60332
0b002d01 0b004001 10000 100 2469 41514848 142222 85290
0b005501 0b005f01 10000 100 6854478 31279293 10443510 5788414
0b006e01 0b000d01 10000 100 1258173 38173231 3563413 1138084
0b003501 0b002901 10000 100 3768143 31859147 9965986 3242444
0b002a01 0b005301 10000 100 6000 41351586 484629 88230
0b002401 0b002201 10000 100 182888 41579466 305255 194937
0b004901 0b000001 10000 100 32355 41679774 212601 110351
0b007d01 0b007f01 10000 100 6359925 34112991 7859398 5373764
0b002b01 0b005401 10000 100 48934 41762194 251898 124228
0b005001 0b004a01 10000 100 23436 41830231 210164 102870
0b004c01 0b000a01 10000 100 53942 41911526 160281 128427
0b007a01 0b005b01 10000 100 6919981 22536846 19786831 5884912
0b003001 0b006501 10000 100 649282 40797797 1637675 627585
0b004b01 0b007001 10000 100 10567 42298772 183171 92076
0b001301 0b001101 10000 100 1452078 38133762 4413789 1259057
0b003e01 0b000d01 10000 100 67983 42332396 234816 140197
0b002801 0b001a01 10000 100 21971 42666376 181429 101621
0b003d01 0b000001 10000 100 8823667 18456341 24407435 7480975
0b000001 0b001c01 10000 100 149802 42489212 398891 208801
0b000101 0b006901 10000 100 1905076 38953344 3947154 1680451
0b000701 0b001201 10000 100 8985083 4416797 38532974 7616328
0b002801 0b006301 10000 100 4484890 33259719 9784074 3843336
0b004501 0b002401 10000 100 1351273 40044466 3044375 1216135
0b005b01 0b004801 10000 100 4434745 20198008 22895138 3801300
0b006901 0b002701 10000 100 27513 42762534 340889 106285
0b004001 0b001301 10000 100 2973832 37850067 5324716 2576467
0b007a01 0b000601 10000 100 45326 43072262 165061 121227
0b002701 0b005b01 10000 100 79188 42978010 320823 149622
0b003801 0b002c01 10000 100 77763 43046766 288255 148405
0b004b01 0b004101 10000 100 25879 43411726 69377 63301
0b002701 0b003601 10000 100 994981 41118033 2372908 917392
0b004901 0b005101 10000 100 73081 43337454 224870 144506
0b003301 0b007b01 10000 100 46652 43360505 223667 122326
0b007f01 0b001101 10000 100 2594 43500823 87723 85390
0b000301 0b003e01 10000 100 333046 42487969 1111542 362462
0b006101 0b007901 10000 100 1968541 36970047 6756968 1733642
0b007101 0b006901 10000 100 1116457 41267388 2459873 1019258
0b001701 0b007301 10000 100 22344 43591121 152664 101958
0b001701 0b000a01 10000 100 36429 43564510 220307 113764
0b004d01 0b006401 10000 100 122185 43504568 281167 185671
0b002b01 0b001a01 10000 100 876330 42111658 1714015 817940
0b005701 0b003c01 10001 100 7177 43743861 95590 89248
0b000201 0b000701 10000 100 5141413 35993226 7886884 4352183
0b001201 0b005101 10000 100 47773 43741659 197480 123261
0b001001 0b002e01 10000 100 43130 43815821 149058 119393
0b001f01 0b002801 10000 100 47170 43748881 290204 122779
0b007701 0b006101 10000 100 1547139 40944407 3379584 1380354
0b007101 0b004f01 10000 100 25515 44246805 111555 104610
0b005301 0b002701 10000 100 697611 43297509 1072494 668092
0b001201 0b003701 10000 100 349224 43447088 1066165 376019
0b004901 0b004d01 10001 100 4793152 38430356 6099787 4060211
0b001301 0b000501 10000 100 5935364 24153607 20389049 5059433
0b003d01 0b004001 10000 100 1082079 40118425 4459027 990450
0b001501 0b003701 10000 100 12541 44501427 106056 93732
0b006801 0b002a01 10000 100 2995656 38605916 6002062 2594771
0b000501 0b007e01 10000 100 72669 44259273 375733 144138
0b001701 0b006f01 10000 100 25972 44521749 129779 104976
0b006201 0b000401 10000 100 69806 44646264 232764 141732
0b002d01 0b002001 10000 100 1406470 43412485 1548223 1220804
0b000d01 0b002301 10000 100 9251469 17213838 27779326 7839652
0b007a01 0b004d01 10000 100 1292126 42629021 2427269 1166552
0b002601 0b002f01 10000 100 36724 44940397 181022 72400
0b001701 0b007801 10000 100 8966561 21682690 23482863 7600781
0b006001 0b006301 10000 100 1779810 42557868 2622802 1533800
0b002a01 0b001901 10000 100 764472 43707486 1495546 724153
0b004401 0b001101 10000 100 1795 45032947 178362 84712
0b005901 0b002801 10000 100 757284 41439434 3788626 718134
0b003e01 0b007c01 10000 100 32383 45089790 151816 110373
0b004901 0b005901 10000 100 4658410 29673294 15582817 3988833
0b007801 0b004801 10000 100 7680 45202154 140545 89651
0b002901 0b002f01 10000 100 74438 45286134 180044 104030
0b003301 0b005c01 10000 100 1063690 43178642 2353504 975009
0b006101 0b007c01 10000 100 1935648 37882548 7680787 1706060
0b007c01 0b006601 10000 100 1711768 43053993 2590632 1518355
0b003701 0b005401 10000 100 1388708 39515223 6207231 1247504
0b005101 0b006e01 10000 100 24610 45488285 281154 103848
0b005001 0b002f01 10000 100 77865 45526267 254538 148487
0b002401 0b000f01 10000 100 9349135 11088223 34713847 7921548
0b006301 0b004701 10000 100 17378 45799342 123894 97793
0b005b01 0b002d01 10000 100 20679 45814267 143148 100549
0b006e01 0b007601 10000 100 28451 45834857 135410 107074
0b001601 0b004001 10000 100 4774 45913635 90459 87211
0b007801 0b002a01 10000 100 394535 45029772 1077992 413996
0b000b01 0b005201 10000 100 8365 46049345 222156 90237
0b000201 0b007101 10000 100 20094 46020842 338181 100081
0b003101 0b002c01 10000 100 24142 46190869 173768 103473
0b002601 0b002401 10000 100 3507709 40971101 5447541 2982474
0b003801 0b002001 10000 100 110843 46147533 274864 176136
0b001f01 0b000b01 10000 100 4679791 28575151 17853167 4006744
0b004f01 0b007701 10001 100 752784 44540578 1922293 714342
0b001601 0b006e01 10000 100 28786 46381537 129607 107342
0b002101 0b005601 10000 100 2944258 30326166 16226316 2551694
0b005d01 0b001401 10001 100 45797 46459201 210555 121604
0b000001 0b002601 10000 100 66088 46669174 166185 138643
0b004b01 0b007901 10000 100 1557525 43703014 3211205 1389047
0b001001 0b005301 10002 100 6824 46918327 104831 88928
0b001601 0b004901 10000 100 97331 46997790 199560 164828
0b000701 0b004e01 10000 100 8685293 26005090 21193589 7364976
0b005101 0b006601 10000 100 625417 45825749 1622548 607572
0b003601 0b006f01 10000 100 1415389 42568785 4890062 1269885
0b000501 0b001501 10000 100 2265420 44192699 3291016 1982550
0b004a01 0b003401 10000 100 9841210 30568611 16949198 8334100
0b007501 0b000901 10001 100 41763 47378681 164779 118223
0b000c01 0b003401 10000 100 4389025 25126565 22517004 3762996
0b002d01 0b000101 10000 100 25057 47612430 148308 104244
0b003701 0b004201 10000 100 17735 47680765 122699 98079
0b002f01 0b000701 10000 100 7748502 23176975 24666017 6579563
0b007501 0b005101 10001 100 72471 47684942 231543 143980
0b001801 0b004b01 10000 100 7344982 17918953 30097045 6241233
0b002c01 0b005301 10001 100 4179728 24130554 24003765 3587494
0b005001 0b005b01 10000 100 994432 47253982 885522 875353
0b006001 0b005401 10000 100 4013261 41334077 6891244 3447946
0b002601 0b002801 10000 100 2625714 44799490 3556299 2243009
0b001001 0b002501 10000 100 3889237 40168804 8294335 3343965
0b006101 0b007b01 10000 100 2753031 39883989 8727335 2391378
0b006601 0b001c01 10000 100 401720 47824845 892816 420012
0b004701 0b001801 10000 100 4198639 33358762 15416226 3603352
0b003301 0b004201 10000 100 5759155 22818043 26009765 4911708
0b006501 0b007201 10000 100 4654525 31259696 17679463 3985572
0b001e01 0b005001 10000 100 2372222 42239049 6713641 2072100
0b002d01 0b005401 10001 100 30260 48862489 139248 108598
0b006301 0b004401 10000 100 8255050 25315456 23765562 7004270
0b003801 0b004101 10000 100 13053292 1622094 47703660 11027107
0b001501 0b000f01 10000 100 7628394 24924011 24548547 6478868
0b003101 0b005201 10000 100 350327 48278137 1224425 376940
0b007d01 0b000801 10001 100 2318702 46319385 3296486 2027211
0b001101 0b001e01 10000 100 3387410 44420416 5324232 2881627
