0b007601 0b000601 10000 100 14351 24898 94757 95256
0b004b01 0b000001 10000 100 46394 24730 121607 122120
0b003101 0b002b01 10000 100 2558 100822 84866 85361
0b002001 0b002701 10000 100 56809 246510 88547 89236
0b000901 0b001901 10000 100 64195 154630 189514 137052
0b004201 0b004001 10000 100 72465 298969 101680 102375
0b000b01 0b005f01 10000 100 4323 371077 86354 86850
0b004501 0b004b01 10000 100 10313 411348 49602 50272
0b002601 0b002d01 10000 100 29876 441784 90766 66652
0b005001 0b001601 10000 100 2709 450362 85787 85482
0b005201 0b007a01 10000 100 3733 469872 86581 86340
0b007601 0b007201 10000 100 9251 523629 48715 49384
0b003901 0b005801 10000 100 227435 301176 273318 273903
0b007b01 0b000501 10000 100 196643 356347 247506 248079
0b000d01 0b005f01 10000 100 79541 484225 149715 149904
0b000d01 0b004b01 10000 100 1376 576217 83883 84377
0b004c01 0b001101 10000 100 20275 589081 107435 100226
0b004301 0b006f01 10000 100 68261 511072 196653 140458
0b001001 0b001d01 10000 100 79823 678174 107832 108530
0b000301 0b000e01 10000 100 3564 775926 43937 44604
0b006f01 0b003d01 10000 100 22487 747561 119305 102072
0b003601 0b001301 10000 100 7293 789437 88844 89341
0b001e01 0b003701 10000 100 53585 775981 128115 128141
0b005301 0b001a01 10000 100 11081 692957 211671 92525
0b004601 0b005301 10000 100 84052 588369 341127 153705
0b002a01 0b002f01 10000 100 79861 832177 107863 108560
0b005201 0b007a01 10001 100 49524 801373 176047 124739
0b001201 0b005501 10000 100 77763 638231 358733 148405
0b002401 0b002d01 10000 100 42385 863446 137054 77159
0b004e01 0b007f01 10000 100 7405 923730 94082 89431
0b001001 0b007401 10000 100 71000 937659 142204 142726
0b007a01 0b007301 10000 100 75047 1066155 103860 104556
0b002c01 0b006b01 10000 100 3481 1111075 85643 86138
0b001401 0b002001 10000 100 3823 1112254 86154 86412
0b005401 0b006201 10000 100 8351 1117800 90118 90226
0b003b01 0b000d01 10000 100 42816 1195898 118593 119104
0b004a01 0b003401 10000 100 4318 1288884 90404 86846
0b007201 0b001e01 10000 100 50677 1215821 166993 125700
0b007201 0b004e01 10000 100 71617 1214826 185216 143258
0b003201 0b003701 10000 100 39712 1332124 74224 74905
0b005801 0b006f01 10000 100 642924 840085 679110 622230
0b005c01 0b000e01 10000 100 42304 1353778 167223 118694
0b003a01 0b004d01 10000 100 8754 1473833 103302 90548
0b007301 0b003a01 10000 100 38658 1503637 115930 115624
0b004d01 0b004e01 10000 100 192953 1458575 203062 203373
0b005301 0b004b01 10000 100 343170 1136946 549653 370945
0b005a01 0b000201 10000 100 9953 1590718 99328 91546
0b001601 0b003301 10000 100 1154852 649087 1053738 1051433
0b002f01 0b005401 10000 100 65861 1589937 181947 138423
0b004401 0b001d01 10000 100 65739 1659195 138145 138325
0b006501 0b001801 10000 100 7460 1717720 88978 89475
0b001d01 0b001701 10000 100 66233 1713638 98962 97159
0b006101 0b005601 10000 100 1216880 711646 1149499 1103436
0b002101 0b005701 10000 100 23392 1853712 102342 102835
0b006f01 0b006e01 10000 100 21255 1893821 64640 59448
0b007901 0b003701 10000 100 32556 1864458 110677 110512
0b005401 0b000301 10000 100 193900 1746347 256588 245769
0b004c01 0b006c01 10000 100 75196 1865615 145752 146275
0b004101 0b007a01 10000 100 69782 2001061 141192 141713
0b002201 0b007d01 10000 100 17048 2133507 97844 97529
0b004e01 0b002901 10000 100 79984 2075406 157249 150259
0b006801 0b007401 10000 100 57857 2062971 176101 131712
0b001b01 0b003d01 10000 100 50332 2119610 126812 125424
0b004601 0b002a01 10000 100 53326 2110004 170995 127934
0b002001 0b002401 10000 100 3625 2242051 46993 44653
0b002401 0b004801 10000 100 23076 2215023 104128 102582
0b001501 0b000501 10000 100 40088 2255950 116334 116844
0b001d01 0b001c01 10000 100 23891 2337112 60959 61634
0b004701 0b005c01 10000 100 24237 2328327 103718 103549
0b004501 0b006f01 10000 100 5109 2358874 87907 87517
0b004e01 0b001201 10000 100 84203 2313364 214472 153826
0b001501 0b004401 10000 100 69328 2386199 185219 141350
0b003001 0b002501 10000 100 40743 2481945 157232 117368
0b001601 0b004001 10000 100 61141 2529257 133975 134493
0b000501 0b004101 10000 100 62743 2566796 136926 135813
0b002c01 0b006b01 10001 100 2372 2632340 85051 85212
0b007401 0b004401 10000 100 62226 2776766 136993 135400
0b001101 0b001301 10000 100 24220 2885900 61260 61936
0b007e01 0b007201 10000 100 1249170 1723083 1320543 1088936
0b001101 0b002901 10000 100 5565 2972353 87386 87882
0b001401 0b002101 10000 100 51101 2909321 150629 126077
0b003c01 0b004501 10000 100 9065 2983542 105388 90836
0b007f01 0b004201 10000 100 36480 2984352 138352 113804
0b006701 0b006d01 10000 100 35766 3055395 71795 71595
0b000401 0b007401 10000 100 509864 1729069 1414697 510675
0b001b01 0b000a01 10000 100 40785 3081425 142991 117402
0b006d01 0b000601 10000 100 179108 3011558 236432 233398
0b002101 0b002901 10000 100 75828 3103519 162168 105180
0b000301 0b002201 10000 100 43187 3135051 138896 119439
0b002501 0b005e01 10000 100 76964 3068175 325726 147728
0b000701 0b005901 10000 100 56944 3281233 159617 130944
0b001501 0b005301 10000 100 569529 2310324 1132110 560711
0b002501 0b002d01 10000 100 3684548 185007 3257923 3130742
0b005001 0b001b01 10001 100 64232 3213017 231216 137081
0b006601 0b001101 10000 100 10918 3309025 146458 92356
0b004d01 0b005c01 10000 100 42180 3396689 157279 118595
0b007501 0b001201 10000 100 154543 3155991 403594 212786
0b007a01 0b001e01 10000 100 146943 3295745 268570 206399
0b000701 0b006701 10000 100 306337 3091785 514612 340058
0b004601 0b003001 10000 100 3974931 29792 3622165 3415784
0b000a01 0b000701 10000 100 86154 3603829 113163 113864
0b003801 0b002301 10000 100 19147 3616380 110479 99285
0b003c01 0b006f01 10000 100 39516 3591349 138385 116348
0b002701 0b006801 10000 100 7392 3559632 181655 89420
0b007c01 0b006f01 10000 100 76068 3562680 220697 147011
0b000601 0b004001 10000 100 54374 3729106 129971 128811
0b000701 0b003d01 10000 100 72465 3772202 145945 143975
0b007901 0b007f01 10000 100 74687 3883315 104398 104229
0b005801 0b002001 10000 100 46816 3841957 148003 122457
0b003901 0b006501 10000 100 105399 3789866 211821 171589
0b006e01 0b003601 10000 100 3034 3860415 141760 85780
0b003f01 0b001801 10000 100 50672 3846383 159674 125696
0b000901 0b001401 10000 100 766384 2558954 1448497 725760
0b005601 0b004601 10000 100 57445 3904090 150140 131383
0b000c01 0b005401 10000 100 825290 2574560 1480525 775150
0b004201 0b004e01 10000 100 474188 3270098 815418 439190
0b004b01 0b007a01 10000 100 27657 3969127 128513 106400
0b006c01 0b005c01 10000 100 4425 4032206 89219 86932
0b000601 0b000d01 10000 100 182598 3859360 283632 194705
0b001101 0b002601 10000 100 45894 4079616 179140 121681
0b007b01 0b004e01 10000 100 3538 4186378 89856 86184
0b000701 0b004e01 10000 100 2826 4203818 86994 85576
0b000801 0b001f01 10000 100 25704 4221612 105821 104761
0b000001 0b003201 10000 100 7515 4276405 92021 89519
0b001301 0b002301 10000 100 23861 4391198 114171 103210
0b003c01 0b004301 10000 100 229959 3950659 591957 275999
0b005d01 0b005b01 10000 100 1199422 2734215 1842266 1047217
0b001c01 0b003201 10000 100 18100 4504831 102991 98409
0b004401 0b003301 10000 100 50947 4471233 160447 125916
0b005001 0b003201 10000 100 180286 3913048 735174 234379
0b002f01 0b003e01 10000 100 470749 3918786 776487 477885
0b002801 0b005301 10000 100 28779 4644178 120221 107336
0b004401 0b000801 10000 100 15547 4663996 106722 96252
0b004d01 0b003401 10000 100 225287 4310470 462761 272108
0b006401 0b007701 10000 100 43368 4638949 146451 119584
0b005b01 0b007901 10000 100 68052 4646454 197993 140291
0b002c01 0b001401 10000 100 7046 4759990 95010 89144
0b007901 0b004201 10000 100 29188 4774663 123686 107702
0b003f01 0b000101 10000 100 3722 4808033 115455 86331
0b000101 0b001f01 10000 100 43024 4719333 214801 119308
0b006301 0b002b01 10000 100 999 4865524 120792 84037
0b006901 0b002b01 10000 100 28014 4903942 136086 106724
0b000301 0b000b01 10000 100 76248 4944048 104858 105555
0b005e01 0b001301 10000 100 12248 4958324 93787 93497
0b000801 0b000401 10000 100 39905 4980782 128078 75060
0b007401 0b005701 10000 100 261481 4506633 616874 302445
0b005201 0b006c01 10000 100 69087 4865806 271833 141157
0b006b01 0b007601 10000 100 24798 4927388 216885 103998
0b002201 0b006201 10000 100 17953 5023169 127916 98253
0b007e01 0b001701 10000 100 51717 4946536 208147 126570
0b002301 0b002b01 10000 100 2944499 2632921 2534905 2510287
0b001401 0b000401 10000 100 50779 5020573 222910 125781
0b004601 0b007701 10000 100 53669 5194538 149501 128208
0b000101 0b007201 10000 100 1645562 2326240 3038772 1462856
0b002201 0b003e01 10000 100 1569342 2490245 2880028 1398961
0b001201 0b003301 10000 100 63033 5186349 199146 136084
0b006b01 0b003001 10000 100 21974 5273130 118490 101624
0b004a01 0b004401 10000 100 1414458 4163416 1229516 1227502
0b001101 0b007001 10000 100 60908 5255254 183973 134268
0b007401 0b007801 10000 100 1348235 3838044 1604540 1171989
0b004301 0b007401 10000 100 36001 5298205 161925 113421
0b002f01 0b004d01 10000 100 40921 5317664 144592 117511
0b007901 0b002b01 10000 100 14525 5369784 121826 95396
0b007801 0b005101 10000 100 332783 4978877 574272 362213
0b007201 0b000f01 10000 100 195196 5316806 260442 246883
0b001401 0b001201 10000 100 65803 5500060 143382 96776
0b005001 0b001b01 10000 100 2102982 758990 4981679 1846340
0b004101 0b001a01 10000 100 717932 4407556 1386574 685116
0b003101 0b004a01 10000 100 196414 5335646 482418 247896
0b002201 0b003001 10000 100 23633 5740037 121256 103028
0b003201 0b001201 10000 100 68839 5664662 209208 140920
0b002401 0b007801 10000 100 529025 4624782 1297526 526772
0b005d01 0b002801 10000 100 23 5857799 82311 83256
0b005e01 0b004601 10000 100 39335 5822211 136386 116204
0b001701 0b007301 10000 100 131798 5690298 411072 193707
0b001601 0b002f01 10000 100 8506 6032352 94309 90350
0b000501 0b000801 10000 100 19049 6100613 63637 57607
0b003901 0b006401 10000 100 12705 6107280 103579 93863
0b003801 0b000901 10000 100 1356 6099696 123617 84361
0b001101 0b005d01 10000 100 12882 6145173 105655 94004
0b000601 0b002901 10000 100 87887 6053778 207056 156888
0b001b01 0b006e01 10000 100 7006 6231337 90718 89112
0b004b01 0b001801 10000 100 40908 6136121 220405 117500
0b004f01 0b001201 10000 100 188974 5745607 766810 241636
0b000801 0b006f01 10000 100 2912 6441338 86106 85644
0b002601 0b001401 10000 100 1348512 3730152 2874536 1213811
0b005101 0b000f01 10000 100 27274 6421715 201025 106094
0b005c01 0b007e01 10000 100 1073 6572506 84243 84135
0b001001 0b000101 10000 100 40887 6447917 222797 117484
0b000301 0b004501 10000 100 9811 6581288 95091 91432
0b004c01 0b000c01 10000 100 1396714 4182588 2542337 1254216
0b006c01 0b004c01 10000 100 3189276 3679905 3085957 2757116
0b003a01 0b005201 10000 100 6779 6531501 238804 88892
0b001101 0b004b01 10000 100 1038964 5247877 1526277 954268
0b005001 0b003801 10000 100 661833 3871905 3032531 638087
0b001601 0b001a01 10000 100 138248 6817184 199648 157536
0b004c01 0b006801 10000 100 71575 6787077 286913 143224
0b004e01 0b002e01 10000 100 83296 6709118 378246 153062
0b006f01 0b005b01 10000 100 2917973 864958 6244574 2529629
0b005a01 0b003501 10000 100 1496906 4052427 3143275 1338209
0b002601 0b004001 10000 100 854371 5620445 1596856 799528
0b000f01 0b002801 10000 100 52765 7075228 170205 127447
0b002c01 0b004301 10000 100 73353 6917164 370986 144724
0b003d01 0b002d01 10000 100 859552 5406227 1887052 803865
0b001b01 0b006601 10000 100 22734 7184586 152393 102270
0b002601 0b003f01 10000 100 22060 7193007 159966 101731
0b002001 0b005801 10000 100 4772096 811372 6643262 4084160
0b005b01 0b007201 10000 100 46068 7320968 146927 121859
0b000901 0b000201 10000 100 7940851 81074 7391548 6699215
0b005001 0b007801 10000 100 388924 4646154 2852730 409276
0b007401 0b005601 10000 100 6820 7410708 91500 88924
0b005001 0b003701 10000 100 278861 6164171 1361471 317002
0b007101 0b002e01 10000 100 172150 6802154 745875 227563
0b002001 0b003101 10000 100 45155 7410946 146718 121090
0b001c01 0b000101 10000 100 12976 7455245 138486 94080
0b003201 0b006d01 10000 100 10361 7541659 95891 91911
0b005501 0b002901 10000 100 6547 7535098 109011 88706
0b001801 0b002201 10000 100 3362923 1944723 5703189 2902677
0b001a01 0b006b01 10000 100 42463 7512922 171887 118821
0b001801 0b002401 10000 100 65603 7492312 242691 138216
0b006601 0b001f01 10000 100 51323 7652196 144650 126255
0b007801 0b000801 10000 100 24812 7684149 131694 104009
0b002101 0b002e01 10000 100 5262946 3108599 4723878 4454056
0b005801 0b003501 10000 100 159278 7504913 350455 216766
0b003801 0b003e01 10000 100 22434 7796203 107629 60430
0b000801 0b006501 10000 100 77363 7696860 257551 148085
0b004001 0b007701 10000 100 304570 6715020 1321311 338568
0b001c01 0b004d01 10000 100 17096 7942846 117610 97568
0b002901 0b001c01 10000 100 51469 7853360 240397 126372
0b001801 0b005301 10000 100 3347240 2175139 5919995 2889555
0b006001 0b005d01 10000 100 21338 7934528 185388 101115
0b003d01 0b004b01 10000 100 23108 8004168 120532 102608
0b007a01 0b003801 10000 100 34210 7972191 175326 111912
0b002201 0b006001 10001 100 5779 8006301 149178 88053
0b007f01 0b002701 10000 100 217211 7631748 531649 265340
0b002a01 0b000501 10000 100 5338 8165207 99414 87700
0b001501 0b002101 10000 100 27798 8149227 119286 106513
0b006401 0b000401 10000 100 2603121 2731964 5585299 2265690
0b000701 0b000101 10000 100 5008810 3964804 4364815 4240993
0b002101 0b000101 10000 100 1444 8319843 94637 84432
0b001001 0b004001 10000 100 76263 8271338 225236 147167
0b004201 0b006f01 10000 100 444624 7847801 668858 455987
0b005901 0b000201 10000 100 50174 8183367 334398 125297
0b006b01 0b007601 10001 100 1055606 6875395 1712624 968235
0b001101 0b006b01 10000 100 25816 8445338 147604 104851
0b001b01 0b006401 10000 100 76853 8478726 187380 147639
0b000a01 0b002e01 10000 100 29283 8564979 131610 107778
0b004a01 0b003001 10000 100 73064 8590239 222207 144492
0b004001 0b001b01 10000 100 77409 8682763 150765 148122
0b005c01 0b002c01 10000 100 17726 8717205 153076 98072
0b004b01 0b004501 10000 100 66000 8764746 136742 96934
0b004401 0b003701 10000 100 5787 8826241 103302 88060
0b006601 0b003701 10000 100 2505137 2915438 6027435 2183540
0b006001 0b006a01 10000 100 1154667 7136751 1904693 1009685
0b006701 0b006301 10000 100 46340 8919359 156037 80476
0b006b01 0b007801 10000 100 1175663 7441938 1640484 1068888
0b004b01 0b007201 10000 100 2625343 3547339 5550133 2284312
0b002701 0b002b01 10000 100 1056262 8176326 926110 927198
0b005601 0b007d01 10000 100 1307360 2795888 6313990 1179315
0b006901 0b000d01 10000 100 2176 9131209 105688 85056
0b006401 0b002601 10000 100 1963284 2916959 6363832 1729244
0b004501 0b002f01 10000 100 583722 7807754 1480051 572603
0b005001 0b005801 10000 100 4775374 2458635 6856686 4045297
0b000b01 0b002701 10000 100 9994 9241126 100239 91579
0b003201 0b003c01 10000 100 65211 9262814 114774 96303
0b000f01 0b001e01 10000 100 178632 8856722 534407 232979
0b000101 0b007d01 10000 100 6819 9315647 94641 88924
0b001201 0b004201 10000 100 3955226 2918224 6522563 3399291
0b002c01 0b005d01 10000 100 1538312 5801225 3640163 1372947
0b006a01 0b007f01 10000 100 179543 8966269 488909 233746
0b005001 0b005f01 10000 100 120017 9326951 144906 142260
0b002c01 0b000001 10000 100 919703 6649841 2836644 854290
0b000a01 0b000d01 10000 100 55906 9360707 125786 88475
0b000f01 0b007a01 10000 100 4161490 4312450 5200581 3572212
0b000501 0b004a01 10000 100 77883 9311229 230176 148501
0b004f01 0b001c01 10000 100 193966 9092600 459406 245822
0b000c01 0b003101 10000 100 1805034 6924810 2692911 1596577
0b005901 0b006901 10000 100 1555375 5055290 4584656 1387250
0b003a01 0b006a01 10000 100 1386331 6885509 2831446 1245525
0b006701 0b006601 10000 100 57991 9549263 182801 90220
0b004f01 0b007e01 10000 100 19435 9617452 123226 99516
0b006801 0b002801 10000 100 1251220 4839305 4925194 1132252
0b005101 0b004e01 10000 100 590 9700025 83119 83710
0b003501 0b007801 10000 100 86594 9543845 281909 155816
0b006301 0b006001 10000 100 1908958 6941585 2888367 1642072
0b007d01 0b007001 10000 100 1783 9789661 42504 43103
0b007701 0b006c01 10000 100 73814 9651581 205905 145092
0b007a01 0b003701 10000 100 44438 9690014 181289 120478
0b004501 0b006b01 10000 100 13376 9767733 120053 94438
0b005f01 0b006b01 10000 100 48311 9734345 177422 123730
0b004201 0b006801 10000 100 43401 9676721 257577 119610
0b004801 0b007301 10000 100 117543 9659162 276433 181765
0b002b01 0b007901 10000 100 94771 9715770 261602 162664
0b002d01 0b006e01 10000 100 29638 9837696 170875 108062
0b004001 0b004a01 10000 100 6042 10008155 46401 46702
0b004301 0b001501 10000 100 22012 9956946 121341 101692
0b005e01 0b005501 10000 100 22863 10022500 65126 60773
0b000201 0b006d01 10000 100 1058398 8659429 1429604 970584
0b004a01 0b007601 10000 100 6297 10032688 91231 88506
0b002801 0b003d01 10000 100 16430 10006078 169108 96996
0b003d01 0b002d01 10001 100 2972392 6779537 3407285 2575276
0b006f01 0b007101 10000 100 633 10094667 122188 83744
0b000101 0b001f01 10001 100 80 10196781 80952 83302
0b000301 0b005301 10000 100 50104 10209598 155414 125241
0b006c01 0b004a01 10000 100 8502 10301076 96812 90347
0b007001 0b000401 10000 100 6297323 1705804 8704671 5362901
0b001601 0b000701 10000 100 11071 10333552 98422 92517
0b006e01 0b001201 10000 100 4173678 2817773 7633266 3582424
0b003b01 0b003901 10000 100 848064 9309719 1169105 752652
0b005d01 0b002401 10000 100 39154 10352582 146354 116059
0b003701 0b004c01 10000 100 28235 10339294 161650 106901
0b000b01 0b003901 10000 100 45487 10346307 163296 121356
0b006d01 0b005401 10000 100 5107 10426306 98524 87516
0b003f01 0b006901 10000 100 42299 10376415 159081 118690
0b007b01 0b007001 10000 100 2088 10500375 42718 43385
0b003c01 0b001501 10000 100 150340 10351436 227426 209270
0b004701 0b000b01 10000 100 20287 10456878 130994 100236
0b002a01 0b000801 10000 100 20451 10487320 134916 100367
0b004901 0b003a01 10000 100 2716 10573068 136147 85488
0b002801 0b003f01 10000 100 330795 10149093 570764 360546
0b005001 0b001601 10001 100 22492 10566878 162396 102076
0b003301 0b007f01 10000 100 68507 10654392 197262 140655
0b002d01 0b006201 10000 100 1128214 9221753 1708868 1029124
0b005b01 0b001e01 10000 100 2331 10839650 97022 85180
0b002201 0b006901 10000 100 23830 10836967 125218 103185
0b001e01 0b006b01 10000 100 44485 10805094 157972 120516
0b003801 0b006801 10000 100 4870320 628485 10406111 4166502
0b003901 0b002301 10000 100 801273 8764263 2276712 755015
0b000c01 0b000b01 10000 100 1044603 9561799 1553384 917410
0b003a01 0b005701 10000 100 47311 10919043 200707 122892
0b004101 0b006301 10000 100 42829 11023181 182754 119114
0b007f01 0b006501 10000 100 133041 10899334 324085 194778
0b000701 0b006a01 10000 100 30557 11118475 128679 108836
0b006101 0b007b01 10000 100 9385 11166806 102458 91092
0b007601 0b005d01 10000 100 2606810 3757021 7684672 2268756
0b002301 0b007b01 10000 100 3861 11404433 95242 86442
0b006a01 0b003001 10000 100 48484 11338190 167415 123868
0b000401 0b007901 10000 100 9187 11426503 97223 90933
0b005801 0b006b01 10000 100 57250 11389447 187135 131227
0b006701 0b007c01 10000 100 199748 10596633 985712 250678
0b005101 0b007901 10000 100 4283379 658872 10932053 3674408
0b002a01 0b004a01 10000 100 27723 11413459 195359 106453
0b001301 0b006601 10000 100 734220 10223270 1390218 698800
0b004901 0b004c01 10000 100 57349 11571828 91650 89706
0b003e01 0b006801 10000 100 101043 11352017 338424 167951
0b000f01 0b004f01 10000 100 914169 7849302 3881886 849671
0b007e01 0b001c01 10000 100 23264 11667587 136513 102732
0b003301 0b000201 10000 100 23883 11585731 228828 103228
0b002e01 0b003a01 10000 100 25798 11691098 125429 104836
0b005701 0b003101 10000 100 23793 11726221 111256 103156
0b000301 0b001401 10000 100 11078 11681863 180127 92523
0b002101 0b000001 10000 100 979043 10132527 1743499 904066
0b000401 0b000901 10000 100 20858 11846248 58562 59092
0b005201 0b005501 10000 100 25397 11879358 81698 62916
0b000101 0b003601 10000 100 184761 11662098 315466 238112
0b005c01 0b007d01 10000 100 27914 11881984 136445 106606
0b005d01 0b003c01 10000 100 23126 11838446 180114 102622
0b005d01 0b000201 10000 100 7304 11917343 119891 89350
0b002501 0b006701 10000 100 66191 11853705 188952 138725
0b007001 0b004101 10000 100 3259696 5494006 6563429 2816140
0b000901 0b002e01 10000 100 9662 11967309 98203 91313
0b005201 0b001e01 10000 100 3205405 3142673 8929413 2770634
0b004601 0b003101 10000 100 23823 11930203 149209 103180
0b003201 0b006701 10000 100 1929 11932515 156072 84820
0b007d01 0b007701 10000 100 111303 11914420 192398 134943
0b002801 0b003d01 10001 100 44155 11988429 165190 120252
0b004601 0b002a01 10001 100 63783 11991821 172640 136684
0b000d01 0b000801 10000 100 8833 12116024 57329 49012
0b000c01 0b004201 10000 100 29880 12093097 120931 108256
0b003a01 0b003c01 10000 100 1668080 9196853 3023746 1440153
0b004501 0b005701 10000 100 77829 11927386 302072 148458
0b003701 0b002201 10000 100 60325 12038502 192304 133802
0b005901 0b000e01 10000 100 843981 10009745 2229213 790794
0b006a01 0b003001 10001 100 37743 12094751 145590 114853
0b006901 0b007601 10000 100 1821893 5176766 7106298 1610679
0b002901 0b004b01 10000 100 257928 11885805 407834 299449
0b003c01 0b005901 10000 100 32058 12217938 136504 110113
0b005901 0b005301 10000 100 49207 12194710 167770 82885
0b001b01 0b002401 10000 100 54305 12210297 170454 128756
0b000501 0b001301 10000 100 1917014 7787441 4604111 1690462
0b005c01 0b002c01 10001 100 30801 12245228 179337 109031
0b005701 0b001001 10000 100 40435 12239237 191844 117122
0b006601 0b006401 10000 100 128853 12301787 152074 149636
0b004b01 0b004001 10000 100 2133797 10555964 1957930 1830583
0b002201 0b006801 10000 100 1640 12385495 138840 84588
0b000f01 0b002601 10000 100 22760 12403807 185091 102291
0b004b01 0b003201 10000 100 140705 11978584 618311 201178
0b000101 0b007301 10000 100 17575 12610919 108230 97951
0b003001 0b007e01 10000 100 34144 12594602 168065 111859
0b000001 0b001601 10000 100 7523 12668717 98621 89525
0b007501 0b005801 10000 100 28580 12569433 212171 107177
0b004801 0b004e01 10000 100 2865 12812152 43612 44007
0b005c01 0b004701 10000 100 26571 12712607 149372 105493
0b001001 0b003301 10000 100 11797 12758878 155626 93098
0b003001 0b005401 10000 100 6490851 378802 12553927 5525135
0b005401 0b004b01 10000 100 24508 12884061 141392 103766
0b004201 0b003301 10000 100 27154 12912471 173124 105998
0b005701 0b003801 10000 100 22943 12993209 120224 102437
0b002a01 0b001e01 10000 100 28337 12910445 205876 106983
0b003c01 0b002e01 10000 100 4006 13073788 87964 86596
0b007701 0b004f01 10000 100 7105365 3779328 9393690 6040362
0b006101 0b004301 10000 100 23918 12984590 275682 103256
0b002601 0b005001 10000 100 3569314 6494096 6775876 3075739
0b004301 0b004201 10000 100 26143 13184083 112486 63551
0b000701 0b005e01 10000 100 23510 13170943 127730 102929
0b001d01 0b004201 10000 100 30115 13186990 153879 108482
0b005d01 0b002301 10000 100 34785 13211218 225821 112372
0b002101 0b006401 10000 100 36401 13340468 129637 113741
0b000301 0b001f01 10000 100 3205 13418077 90896 85917
0b005b01 0b000201 10000 100 2648803 7719504 5828022 2303964
0b007201 0b000401 10000 100 31310 13431700 122450 109476
0b001001 0b001901 10000 100 21070 13490287 72458 59300
0b000501 0b005501 10000 100 45417 13427379 149969 121300
0b007101 0b000901 10000 100 29223 13493793 132612 107730
0b000d01 0b007f01 10000 100 4774770 5969148 7692873 4086376
0b000101 0b005201 10000 100 27967 13545524 122427 106648
0b005601 0b007301 10001 100 180217 13054575 643831 234324
0b001f01 0b007901 10000 100 913355 12053204 1666628 848981
0b007101 0b001101 10000 100 7046 13532671 188261 89144
0b000f01 0b006b01 10000 100 26652 13482831 245785 105558
0b005b01 0b004d01 10000 100 2269 13635429 111597 85130
0b006d01 0b007901 10000 100 67543 13448185 352539 139845
0b006b01 0b007401 10000 100 27651 13636134 173090 106396
0b001501 0b001801 10000 100 172678 13310335 499107 186385
0b004401 0b007f01 10000 100 215158 12717024 1104847 263620
0b003801 0b002901 10000 100 1617813 9269434 4563194 1439581
0b000c01 0b004101 10000 100 2447393 8604892 5233235 2135117
0b002801 0b005301 10001 100 1274789 10638173 3204479 1151991
0b000901 0b001d01 10000 100 12607 13683241 162144 93784
0b003801 0b005901 10000 100 179028 13182354 715838 233334
0b007c01 0b005c01 10000 100 491518 12424182 1492079 495307
0b006c01 0b004a01 10001 100 754238 11347025 2661845 715582
0b003801 0b000501 10000 100 2928153 6518962 7531122 2538196
0b000801 0b004601 10000 100 69374 13883645 227064 141387
0b007901 0b000301 10000 100 1300557 11647942 2499344 1173604
0b007a01 0b000401 10000 100 923204 11209045 2941375 857244
0b000a01 0b001b01 10000 100 21688 13964940 224290 101395
0b005601 0b007001 10000 100 5730 14151154 103187 88014
0b005901 0b005701 10000 100 1657 14214378 46170 43002
0b005201 0b004d01 10000 100 62358 14154755 183857 135505
0b006b01 0b001301 10000 100 66393 14085457 264360 138887
0b004401 0b005401 10000 100 25880 14210680 167822 104902
0b001401 0b001701 10000 100 68572 14271702 108091 99107
0b002c01 0b004b01 10000 100 47386 14153985 251612 122952
0b007701 0b001d01 10000 100 9931 14221668 228296 91528
0b004101 0b001601 10000 100 59995 14269859 219449 133500
0b000901 0b001901 10001 100 1389088 11901492 2677230 1247846
0b007f01 0b006d01 10000 100 53587 14418064 178804 128143
0b001001 0b004f01 10000 100 28330 14426746 185787 106977
0b006f01 0b006b01 10000 100 5243900 7994691 6664252 4438089
0b005701 0b000401 10000 100 29441 14530030 138844 107904
0b001a01 0b005501 10000 100 126933 14413518 272014 189623
0b001701 0b001601 10000 100 138971 14316515 433347 158114
0b005e01 0b006301 10000 100 13840 14671975 142326 94809
0b001901 0b005101 10000 100 71809 14619480 255366 143412
0b001901 0b002001 10000 100 27951 14791405 139211 106636
0b000701 0b004201 10000 100 2860 14783345 151195 85603
0b005301 0b007301 10000 100 188261 14438812 503111 241066
0b002701 0b000f01 10000 100 8341 14783532 159392 90218
0b007d01 0b006601 10000 100 598 14827583 151459 83716
0b000301 0b005b01 10000 100 78456 14838345 161102 148998
0b003701 0b000c01 10000 100 25513 14877872 125894 104608
0b002701 0b007c01 10000 100 14290 14782401 233911 95208
0b002901 0b000901 10000 100 16405 14910193 107163 96976
0b005e01 0b006801 10000 100 1738587 3242912 11807754 1540847
0b003901 0b006701 10000 100 20492 14902134 148689 100400
0b003701 0b006d01 10000 100 5865 14971952 93542 88122
0b003801 0b007101 10000 100 17945 14972994 166563 98247
0b002601 0b001501 10000 100 1237781 12631165 2531758 1120964
0b002201 0b000601 10000 100 22849 15061386 120852 102362
0b003701 0b003401 10000 100 8897483 7395880 7808516 7501269
0b005701 0b005901 10000 100 1615 15168071 42480 42968
0b000f01 0b004101 10000 100 1525394 10574903 4647619 1362113
0b007a01 0b002901 10000 100 284792 14677017 601415 321977
0b005901 0b002a01 10000 100 24921 15124021 166309 104096
0b004101 0b001501 10000 100 1437293 12758782 2538042 1288253
0b000b01 0b002301 10000 100 71078 15011457 331246 142827
0b004301 0b006001 10000 100 1296951 9936139 5417778 1170565
0b002101 0b004801 10000 100 2302877 10124459 5274172 2013936
0b002701 0b005a01 10000 100 10191 15328924 97448 91775
0b004101 0b001601 10001 100 71634 15225958 213000 143272
0b001201 0b000901 10000 100 904904 13491792 1992798 841875
0b004301 0b006c01 10000 100 17544 15393750 108005 97926
0b002601 0b004301 10000 100 3931464 8292095 7220631 3379360
0b001401 0b003f01 10000 100 79939 15225776 297633 150223
0b007601 0b001601 10000 100 10996 15514086 112007 92419
0b005901 0b006501 10000 100 4975410 3035269 12604945 4254606
0b006901 0b006b01 10000 100 260577 15324534 392222 260084
0b007901 0b001801 10000 100 47595 15557425 180057 123119
0b002501 0b006b01 10000 100 776532 13232879 2590617 734262
0b001801 0b003b01 10000 100 946 15771709 83485 83995
0b004401 0b003b01 10000 100 1082870 11259630 4623618 991083
0b000201 0b005601 10000 100 542436 15018422 922186 538000
0b005301 0b001e01 10000 100 59751 15722945 233242 133304
0b000201 0b005401 10000 100 19322 15853540 116645 99425
0b004b01 0b001c01 10000 100 35298 15789632 191148 112820
0b007501 0b007701 10000 100 929174 14463596 1527343 820651
0b003901 0b000201 10000 100 13732 15868378 142093 94723
0b005501 0b004701 10000 100 5637 15955478 91466 87940
0b004001 0b005e01 10000 100 27399 15983526 116658 106194
0b007501 0b005c01 10000 100 20096 15998574 113451 100083
0b002f01 0b001e01 10000 100 78719 15951796 237202 149208
0b005801 0b004d01 10000 100 58988 15985491 206400 132656
0b007601 0b001001 10000 100 18625 15975877 231862 98829
0b007801 0b000001 10000 100 1389314 11633559 4577885 1248027
0b005f01 0b004601 10000 100 3384998 3503695 12745430 2921182
0b001c01 0b005501 10000 100 732 16137629 112003 83824
0b003901 0b004c01 10000 100 65838 16040932 269039 138404
0b006701 0b003201 10000 100 5703021 8217983 8110765 4864650
0b006001 0b000601 10000 100 29037 16102973 245362 107581
0b000a01 0b006b01 10000 100 46438 16134316 250049 122155
0b001301 0b004d01 10000 100 324612 15161490 1228523 355369
0b003401 0b001c01 10000 100 917201 10745726 5696307 852212
0b001001 0b006f01 10000 100 6899 16308943 134256 88988
0b006f01 0b003001 10000 100 24941 16308052 159378 104112
0b002201 0b003d01 10000 100 62095 16297700 203928 135295
0b005001 0b007701 10000 100 2996595 11461910 5041157 2595560
0b003001 0b002301 10000 100 68143 16233513 317323 140364
0b002501 0b003a01 10000 100 552653 15008714 1549170 546557
0b005001 0b005201 10000 100 1505 16561083 42704 42880
0b002701 0b003101 10000 100 7290 16587179 94790 89339
0b002101 0b003201 10000 100 4841 16571330 111296 87264
0b002b01 0b006c01 10000 100 78227 16461457 227685 148815
0b004d01 0b000501 10000 100 1463709 14200769 2561168 1310384
0b001e01 0b007901 10000 100 16249 16644360 132572 96852
0b006c01 0b006801 10000 100 1760650 9058058 7734108 1517742
0b005301 0b000301 10000 100 19035 16646930 180654 99196
0b004b01 0b002a01 10000 100 70187 16633300 224253 142076
0b003801 0b007c01 10000 100 57173 16726770 170455 131165
0b003801 0b001201 10000 100 5176259 2851343 14065021 4423004
0b003f01 0b001d01 10000 100 52478 16750887 167877 127217
0b007501 0b002701 10000 100 58810 16696552 242851 132513
0b002c01 0b003601 10000 100 4553 16700070 245043 87034
0b007901 0b000b01 10000 100 24019 16830586 121461 103375
0b006501 0b006701 10000 100 2562 16912762 43834 43764
0b001601 0b007b01 10000 100 182418 16687547 361028 236161
0b002801 0b007801 10000 100 1151449 14647940 2456824 1048596
0b002401 0b003a01 10000 100 21725 16945495 180629 101424
0b001001 0b003701 10000 100 4888542 6448160 10685135 4181771
0b004401 0b002401 10000 100 1902472 12354774 4821253 1678252
0b004701 0b001d01 10000 100 20867 17120820 103473 100700
0b002a01 0b001801 10000 100 3572 17089003 142057 86211
0b000101 0b000801 10000 100 1329166 14190509 3049158 1156004
0b001501 0b006c01 10000 100 3040225 11723710 5569295 2632154
0b002801 0b004c01 10000 100 1758379 14543004 2876626 1557448
0b001201 0b006701 10000 100 176848 16664129 755612 231475
0b006d01 0b004401 10000 100 25799 17161126 279050 104837
0b004201 0b001401 10000 100 176817 17046317 457462 231450
0b005601 0b002801 10000 100 82035 17157541 347883 152015
0b005601 0b003a01 10000 100 62827 17208199 311087 135880
0b004301 0b000901 10000 100 54429 17342201 218011 128855
0b004301 0b004201 10001 100 1248 17424334 148976 42675
0b002a01 0b002301 10000 100 4955226 7473932 10150346 4196091
0b000801 0b002301 10000 100 988103 14725378 2956344 911660
0b006401 0b000d01 10000 100 4304134 9040577 8663788 3691819
0b002a01 0b006b01 10000 100 22597 17522647 207065 102160
0b000f01 0b003e01 10000 100 37760 17557581 216646 114867
0b000101 0b002d01 10000 100 2547 17795129 98960 85352
0b000701 0b004901 10000 100 6266 17822354 129129 88481
0b001001 0b003701 10001 100 1191020 15665737 2357353 1081788
0b004d01 0b004301 10000 100 2154956 14093863 4024613 1848316
0b005c01 0b006001 10000 100 18350 17947531 176718 98609
0b001c01 0b007801 10000 100 856 18021124 116862 83923
0b005c01 0b002a01 10000 100 66568 17829074 330230 139027
0b002c01 0b000d01 10000 100 1554486 14059923 4100412 1386500
0b000a01 0b005c01 10000 100 3640798 11049132 7135454 3135652
0b004f01 0b001c01 10001 100 46434 18026585 188721 122152
0b001d01 0b003101 10000 100 8122 18085018 137558 90043
0b002001 0b002e01 10000 100 28732 18194205 114142 65699
0b004701 0b003601 10000 100 66265 18081387 261642 138784
0b003601 0b006a01 10000 100 1412280 14916519 3438089 1267283
0b004e01 0b002101 10000 100 73822 18267090 153425 145099
0b005601 0b007501 10000 100 57232 18037873 411879 131212
0b006501 0b000e01 10000 100 1288 18295079 158400 84307
0b005001 0b000e01 10000 100 1963812 12388390 6082164 1729667
0b006601 0b004201 10000 100 1261628 14180847 4316670 1140963
0b005701 0b001801 10000 100 56090 18382731 153424 130260
0b001e01 0b000501 10000 100 2139722 12979315 5564257 1877153
0b004c01 0b000f01 10000 100 1039104 15911696 2642451 954419
0b000101 0b007a01 10000 100 1667 18507511 95056 84610
0b002f01 0b000701 10000 100 36451 18513177 117730 113781
0b002c01 0b005c01 10000 100 43659 18441618 195855 119816
0b001c01 0b002a01 10000 100 22362 18312622 333685 101972
0b000201 0b002e01 10000 100 7132 18558197 96365 89212
0b000401 0b004201 10000 100 1755451 13462060 5205833 1554991
0b000501 0b001501 10000 100 88928 18366176 321893 157760
0b005901 0b002901 10000 100 524948 14188526 4503458 523318
0b002701 0b005f01 10000 100 46000 18549727 170900 121766
0b006e01 0b000f01 10000 100 505478 17351721 1404709 507012
0b003201 0b002b01 10000 100 2864174 12641351 6126728 2484555
0b007001 0b002401 10000 100 2650959 12119088 6704085 2305765
0b000901 0b004201 10000 100 110013 18544709 413374 175472
0b007301 0b004901 10000 100 4312 18904549 92069 86841
0b006e01 0b005601 10000 100 904781 16941396 2070902 841776
0b004e01 0b003201 10000 100 1510037 13802198 5310064 1349252
0b007d01 0b002201 10000 100 74439 18935072 207102 145631
0b005601 0b007301 10000 100 4747574 10400868 8766720 4063582
0b004f01 0b004d01 10000 100 216552 18500395 668493 223174
0b006501 0b005901 10000 100 1226236 11645379 7553478 1111305
0b002601 0b001001 10000 100 9092 19052191 189186 90857
0b003401 0b001a01 10000 100 25648 19060678 226734 104716
0b006e01 0b004201 10000 100 3770127 12446855 6850785 3244108
0b003501 0b004501 10000 100 2824007 6258587 13135513 2450885
0b007101 0b007b01 10000 100 74556 19320014 127067 104124
0b004001 0b000a01 10000 100 269354 18897639 572494 309051
0b000901 0b006d01 10000 100 3330639 12655346 6845761 2875621
0b005201 0b000901 10000 100 13284 19367950 159072 94364
0b000901 0b006401 10000 100 395209 17050682 2490979 414573
0b000701 0b005401 10000 100 9609 19411736 132598 91271
0b000c01 0b006001 10000 100 1521677 17215917 2339523 1358986
0b006e01 0b005d01 10000 100 26526 19479582 110742 105457
0b002201 0b007301 10000 100 30990 19444041 149559 109182
0b003b01 0b000901 10000 100 7759 19491424 106644 89714
0b001301 0b000701 10001 100 7586 19446977 151609 89576
0b005c01 0b004001 10000 100 40567 19440256 225799 117228
0b006b01 0b002401 10000 100 197225 18769917 927265 248583
0b005601 0b003201 10000 100 25049 19536395 173264 104237
0b002001 0b002601 10000 100 27125 19574495 153044 64375
0b005c01 0b007001 10000 100 5127 19636266 113095 87532
0b000001 0b007401 10000 100 674687 17392936 2418275 648869
0b007c01 0b001101 10000 100 22049 19599373 214727 101722
0b004901 0b001801 10000 100 2048467 12309885 7573247 1800655
0b000701 0b004901 10001 100 14338 19720108 167475 95246
0b001301 0b001c01 10000 100 10334 19801825 85963 50289
0b003401 0b007701 10000 100 32114 19779769 140835 110158
0b006d01 0b001701 10000 100 72632 19664584 281241 144108
0b004201 0b007601 10000 100 6490751 1933535 18043297 5525055
0b001701 0b007e01 10000 100 5842676 8722132 11270981 4981712
0b005501 0b004901 10000 100 35098 19774037 223838 112660
0b007401 0b004d01 10000 100 4674084 12362666 7638237 4001987
0b007b01 0b002601 10000 100 949007 12374169 7635035 878885
0b001701 0b005d01 10000 100 1336765 13604587 6419014 1203952
0b001101 0b001a01 10000 100 53811 19942320 92648 86722
0b000201 0b001f01 10000 100 72929 19846528 193357 144346
0b007f01 0b001f01 10000 100 28316 19876430 168956 106966
0b000801 0b003601 10000 100 362240 18213937 1867850 386931
0b002601 0b002501 10000 100 37073 20006040 84561 72717
0b007f01 0b005201 10000 100 20313 19865170 235136 100256
0b006d01 0b001f01 10000 100 64680 19942921 219329 137440
0b004d01 0b003c01 10000 100 408674 18062351 2118991 425844
0b002f01 0b004101 10000 100 6270 20132045 101341 88484
0b004a01 0b002801 10000 100 4870417 11799018 8514308 4166580
0b003501 0b005201 10000 100 181029 19931542 382886 235012
0b005e01 0b002801 10000 100 48395 20120231 205850 123797
0b007e01 0b006201 10000 100 380977 17538716 2844414 402612
0b000f01 0b001d01 10000 100 3209 20250575 135079 85920
0b002d01 0b006801 10000 100 28015 20205264 232463 106725
0b005c01 0b006101 10000 100 1646162 15337380 5110114 1463374
0b005301 0b004801 10000 100 5813 20361377 99159 88080
0b005001 0b005e01 10000 100 42490 20424324 109372 77243
0b004801 0b004201 10000 100 2801 20494466 46897 43956
0b002d01 0b000001 10000 100 228538 20180307 394753 274824
0b000901 0b003001 10000 100 166895 20052976 562876 223128
0b004001 0b004f01 10000 100 1977111 18425018 2299187 1699244
0b002101 0b003f01 10000 100 75274 20538657 241404 146337
0b005001 0b006601 10000 100 1758069 17098307 3690271 1557200
0b002401 0b006c01 10000 100 400296 19514327 1280545 418835
0b004801 0b007501 10000 100 134839 20414392 387728 196255
0b001901 0b005501 10000 100 568290 18654458 2163083 559681
0b006b01 0b002601 10000 100 16587 20610516 255570 97122
0b003301 0b007601 10000 100 2156635 13660365 7315798 1891336
0b000201 0b001101 10000 100 8531 20913377 104357 90370
0b000b01 0b004b01 10000 100 23084 20922749 133639 102588
0b006d01 0b005901 10000 100 36881 20884679 180670 114125
0b006901 0b004a01 10000 100 2965 20913529 163481 85687
0b001301 0b001d01 10000 100 72716 20696616 383652 102576
0b007001 0b006801 10000 100 548906 15842221 5243632 543406
0b005701 0b003301 10000 100 2173 20965771 122380 85053
0b001a01 0b005a01 10000 100 73651 20904252 257860 144962
0b001a01 0b002801 10000 100 55364 21040767 130827 129641
0b000f01 0b001601 10000 100 2435 20984360 196401 85263
0b000a01 0b003301 10000 100 168169 20677485 521093 224224
0b000801 0b004e01 10000 100 323251 19945508 1256793 354242
0b004601 0b001201 10000 100 1246 21148372 91927 84273
0b005d01 0b005c01 10000 100 142022 21087385 211840 160708
0b001301 0b004301 10000 100 9012 21170330 165737 90793
0b004a01 0b002901 10000 100 28307 21243428 121539 106959
0b007f01 0b006401 10000 100 716594 18168618 3229017 684008
0b006601 0b007201 10000 100 9909 21365089 104508 91511
0b001201 0b002001 10000 100 30978 21282398 210273 109172
0b003501 0b002201 10000 100 1590422 17063955 4441111 1416632
0b000201 0b003701 10000 100 25739 21418463 169311 104789
0b007e01 0b005501 10000 100 4336536 11315208 10290064 3718969
0b002101 0b006601 10000 100 288 21560756 85404 83468
0b007701 0b005701 10000 100 20352 21526301 153351 100288
0b005201 0b005301 10000 100 34799 21606448 79997 70783
0b001401 0b007001 10000 100 73436 21377357 315725 144790
0b001801 0b006801 10000 100 1506775 6221961 15509605 1346488
0b001001 0b007901 10000 100 35020 21605255 127000 112598
0b000401 0b005a01 10000 100 22263 21572922 170255 101893
0b002001 0b001001 10000 100 15032 21662271 121792 95840
0b006501 0b001c01 10000 100 293232 20639676 1177181 329075
0b002201 0b002c01 10000 100 53556 21663624 154808 86518
0b003a01 0b001901 10000 100 102508 21335514 528755 169161
0b007001 0b000001 10000 100 499589 20983956 891630 502071
0b001301 0b007201 10000 100 4611109 6334387 15550954 3949188
0b007001 0b001d01 10000 100 16880 21747353 148586 97356
0b007a01 0b001801 10000 100 298403 20963363 958696 333404
0b004501 0b000e01 10000 100 149372 21592055 340103 208457
0b002201 0b002b01 10000 100 2230 21915433 43781 43499
0b003801 0b003c01 10000 100 1794836 19475983 2509433 1546396
0b001f01 0b006401 10000 100 24027 21902489 149747 103381
0b005a01 0b006401 10000 100 21941 21909050 182547 101597
0b001501 0b006201 10000 100 430023 19134330 3082628 443768
0b006101 0b001d01 10000 100 48580 21862538 371251 123945
0b000601 0b006b01 10000 100 542807 21455659 815419 538296
0b007f01 0b001301 10000 100 857682 20151218 2127209 802292
0b003701 0b000a01 10000 100 26864 22180603 125590 105728
0b006f01 0b005f01 10000 100 192361 21680168 635616 244500
0b002e01 0b004f01 10000 100 905 22288360 123660 83962
0b002c01 0b002601 10000 100 9913473 3092144 19348162 8353076
0b000201 0b001801 10000 100 48521 22282562 217794 123898
0b001e01 0b004201 10000 100 64795 22339528 205035 137532
0b004e01 0b001501 10000 100 56742 22405379 183677 130782
0b000b01 0b001d01 10000 100 2154 22486880 115546 85038
0b000f01 0b000401 10000 100 2511 22569738 48325 43724
0b007901 0b004901 10000 100 161642 22048792 575815 218734
0b003601 0b007101 10000 100 11570 22530098 141584 92916
0b006c01 0b007701 10000 100 22393 22511312 167577 101997
0b006101 0b003601 10000 100 2281102 16478538 6228690 1995710
0b005601 0b002b01 10000 100 4376581 12995653 9769336 3752541
0b004101 0b006901 10000 100 239328 22270023 497274 283878
0b000b01 0b003701 10000 100 40551 22629154 161044 117215
0b001d01 0b001301 10000 100 66280 22690024 100301 97196
0b004601 0b000701 10000 100 39776 22590024 207484 116556
0b003a01 0b003b01 10000 100 1064993 19224541 3587768 934490
0b004001 0b004c01 10000 100 1074144 21240674 1587442 942195
0b005f01 0b005a01 10000 100 486 22794941 41113 42027
0b003e01 0b004f01 10000 100 3691464 5142405 17718341 3178144
0b002a01 0b005d01 10000 100 1105274 19768546 3097934 1009889
0b003c01 0b002a01 10000 100 1827 22763952 112432 84738
0b005801 0b002501 10000 100 820183 21015724 1883714 770872
0b002301 0b002f01 10000 100 1772644 19844947 3068473 1527798
0b000501 0b003d01 10000 100 1694912 21251329 1777345 1504217
0b007b01 0b007601 10000 100 8259183 11522624 11527267 6966130
0b000a01 0b000201 10000 100 62125 22989096 96072 93719
0b003e01 0b006301 10000 100 78039 22722370 365136 148664
0b004c01 0b001401 10000 100 7043308 8505399 14589343 5988336
0b006801 0b007901 10000 100 5419268 9189061 13947018 4626742
0b006101 0b001401 10000 100 5353561 4252843 18952250 4571642
0b004d01 0b001701 10000 100 33260 23058806 152116 111113
0b005c01 0b001001 10000 100 42476 23007457 209661 118832
0b002101 0b004801 10001 100 2399 23145996 96556 85234
0b001901 0b004101 10000 100 304 23087907 184377 83481
0b003a01 0b003e01 10000 100 437747 21569674 1709534 408616
0b004e01 0b006d01 10000 100 474039 22647599 669529 480671
0b004101 0b004001 10000 100 78350 23221054 161936 107313
0b000501 0b004801 10000 100 51553 23070288 319143 126439
0b006201 0b000101 10000 100 2052998 16271420 7194826 1804433
0b003a01 0b002001 10000 100 1930465 13868483 9615526 1701722
0b002601 0b001a01 10000 100 41842 23297913 209103 118286
0b006201 0b007a01 10000 100 1676285 19582215 3943181 1488624
0b004301 0b000d01 10000 100 529957 21732282 1831156 527517
0b006901 0b004001 10000 100 176753 23080185 490239 231399
0b000f01 0b005101 10000 100 3308689 15200711 8384280 2857216
0b005e01 0b002701 10000 100 38767 23513067 136827 115711
0b006c01 0b000601 10000 100 1538123 17962725 5727911 1372796
0b005601 0b006501 10000 100 135905 23330057 377740 197146
0b001701 0b003501 10000 100 7899630 7767825 15940692 6706264
0b004e01 0b006701 10000 100 851336 21179089 2533939 796985
0b003401 0b004301 10000 100 892 23617795 114838 83952
0b001601 0b007901 10000 100 52038 23500815 267249 126865
0b004401 0b000c01 10000 100 79453 23702162 198997 149834
0b007c01 0b006a01 10000 100 2854 23741419 176626 85598
0b001701 0b003e01 10000 100 30310 23730458 205506 108638
0b001f01 0b006001 10000 100 37053 23789243 205507 114301
0b005f01 0b005e01 10000 100 110791 23750266 314921 134495
0b000101 0b006401 10000 100 24619 23957753 108746 103855
0b005801 0b005501 10000 100 5769 24015160 58808 46445
0b007101 0b000901 10001 100 20485 23952431 126670 100394
0b000401 0b002101 10000 100 50195 23898417 202608 125314
0b000f01 0b000901 10000 100 4793615 17408046 6767842 4060581
0b006001 0b001001 10000 100 49277 23993412 217953 124541
0b005401 0b007101 10000 100 738286 22264786 1951920 702206
0b007e01 0b004e01 10000 100 3504753 16700795 7560755 3021594
0b007b01 0b005401 10000 100 11851 24237844 102622 93141
0b004401 0b006401 10000 100 63762 24098271 248942 136667
0b001f01 0b007b01 10000 100 75089 24110024 244667 146189
0b002a01 0b004601 10000 100 4514762 13633750 10728507 3868385
0b003e01 0b007901 10000 100 22490 24238360 169139 102075
0b002b01 0b005701 10000 100 10131 24395575 96984 91727
0b007501 0b000401 10000 100 75351 24085556 414226 146399
0b000701 0b007501 10000 100 7545743 12525020 12130341 6409560
0b006601 0b004101 10000 100 3266085 14968656 9796583 2821520
0b001e01 0b000101 10000 100 117542 24417939 429859 181764
0b007b01 0b003b01 10000 100 1999977 17198748 7707451 1759981
0b005401 0b006801 10000 100 53924 24602407 329554 128412
0b006101 0b006301 10000 100 4967638 17788755 7143885 4206481
0b000f01 0b000501 10000 100 34481 24893855 74877 70528
0b005b01 0b003b01 10000 100 15320 24886868 113083 96070
0b007801 0b000c01 10000 100 1395909 19542918 5462207 1253533
0b007701 0b006601 10000 100 7323 25014687 90784 89365
0b002001 0b004d01 10000 100 8147 24893718 214413 90063
0b004601 0b006901 10000 100 1870738 21530421 3588438 1651636
0b000201 0b003801 10000 100 4295017 17084544 8044737 3684180
0b007a01 0b002701 10000 100 76293 24790416 347128 147191
0b000401 0b007101 10000 100 52552 24891398 257233 127276
0b004d01 0b001201 10000 100 19549 24987974 164177 99607
0b004e01 0b003001 10000 100 104019 24839289 332430 170447
0b007201 0b000601 10000 100 58829 25029829 151246 132528
0b004101 0b002601 10000 100 21945 24932438 250353 101600
0b005101 0b004501 10000 100 18383 25081703 113032 98636
0b006e01 0b003201 10000 100 1597 25091825 120098 84554
0b006501 0b000a01 10000 100 46029 25074344 162842 121828
0b002e01 0b001b01 10000 100 1575113 16784572 8481797 1403808
0b007501 0b001f01 10000 100 49033 25085034 234437 124346
0b004701 0b006201 10000 100 5965 25235637 99540 88202
0b004c01 0b006401 10000 100 21316 25215628 129839 101097
0b006801 0b002e01 10000 100 5501 25059632 309749 87831
0b002801 0b003a01 10000 100 42698 25290056 144267 119009
0b002301 0b002601 10000 100 28704 25334440 151623 65676
0b007c01 0b006801 10000 100 20029 25201199 293853 100029
0b007901 0b006801 10000 100 180812 24631216 939260 234800
0b005801 0b005201 10000 100 13758 25550574 57126 53144
0b000c01 0b004301 10000 100 2576 25533357 90102 85376
0b000901 0b001601 10000 100 131433 25084493 570914 193415
0b000f01 0b003001 10000 100 16355 25550351 105954 96936
0b002c01 0b001601 10000 100 1913 25549455 132331 84807
0b000f01 0b002d01 10000 100 562956 22991398 2733954 555184
0b003401 0b005201 10000 100 2427069 19571953 6155308 2118090
0b002a01 0b004101 10000 100 75032 25455503 309086 146144
0b003101 0b006401 10000 100 45640 25658012 161068 121478
0b004101 0b003801 10000 100 52373 25617934 214257 127133
0b002001 0b001101 10000 100 4934805 15971513 9926416 4220548
0b007501 0b000701 10000 100 1081848 20887964 5051303 990227
0b005201 0b004d01 10001 100 26364 25868318 153304 105328
0b007c01 0b006401 10000 100 24820 25816374 218577 104016
0b007d01 0b002e01 10000 100 20528 25870749 167895 100428
0b000601 0b000701 10000 100 573983 25165885 895204 522828
0b001601 0b004301 10000 100 7623081 13792255 12283344 6474426
0b000401 0b005b01 10000 100 1010557 21214852 4895385 930468
0b001b01 0b002f01 10000 100 23160 26016573 208501 102649
0b005b01 0b000201 10001 100 551684 24991033 1284208 545744
0b007201 0b004901 10000 100 92453 25931960 344138 160733
0b003101 0b003f01 10000 100 1298424 25194878 1167295 1130220
0b000901 0b005d01 10000 100 1478 26301901 96620 84459
0b001c01 0b006c01 10000 100 150794 25528325 882993 209633
0b003b01 0b005501 10000 100 6359331 6244464 20235457 5414888
0b002401 0b002501 10000 100 199184 26225425 280389 208627
0b007c01 0b005901 10000 100 264442 25605457 959018 304929
0b000c01 0b004e01 10000 100 26949 26497227 143396 105796
0b007e01 0b002a01 10000 100 9763 26506225 167619 91394
0b007a01 0b004c01 10000 100 5079883 13385821 13314182 4342178
0b003301 0b000401 10000 100 829254 20307499 6553533 778475
0b001b01 0b007801 10000 100 22591 26746901 124537 102156
0b000201 0b001901 10000 100 417718 24593419 2307400 433425
0b005501 0b000201 10000 100 7891 26882141 93699 89820
0b003201 0b007201 10000 100 4054791 20088613 6888402 3482744
0b004f01 0b003e01 10000 100 23064 26811040 167333 102572
0b002401 0b007001 10000 100 22819 26870149 148322 102338
0b003901 0b004001 10000 100 800211 25132658 1891773 754127
0b000301 0b001c01 10000 100 6842067 9255680 17812949 5819624
0b006f01 0b002301 10000 100 1767230 18675312 8432706 1564875
0b004d01 0b000201 10000 100 21186 27009864 113941 100993
0b005f01 0b004501 10000 100 27189 27008322 129820 106026
0b004301 0b003601 10000 100 7074025 11488203 15674426 6014100
0b004201 0b005501 10000 100 36154 26790136 374774 113544
0b005c01 0b000601 10000 100 55233 26860466 333078 129536
0b001801 0b001401 10000 100 4000 27154795 50363 44953
0b001401 0b003301 10000 100 7049916 15410735 11808782 5993852
0b007401 0b005e01 10000 100 166741 26583950 675664 223005
0b002801 0b005601 10000 100 28079 27074622 211293 106776
0b003901 0b007801 10000 100 1895 27217277 98290 84792
0b002c01 0b005401 10000 100 1814 27113456 223236 84728
0b005f01 0b001201 10000 100 29324 27183021 206922 107811
0b002b01 0b001101 10000 100 23322 27261295 131136 102779
0b007701 0b003a01 10000 100 43076 27265850 130125 119350
0b003a01 0b004501 10000 100 54193 27123856 290571 128666
0b003e01 0b007501 10000 100 7380 27317644 106815 89411
0b006001 0b001701 10000 100 63786 27111450 323100 136686
0b007301 0b003001 10000 100 45174 27126079 318686 121105
0b006901 0b005601 10000 100 1818 27361325 139134 84731
0b003d01 0b000b01 10000 100 27750 27288737 220695 106475
0b004701 0b003601 10001 100 181232 26826097 692864 235174
0b001501 0b006a01 10000 100 58873 27181667 337502 132564
0b001801 0b005a01 10000 100 2094 27440419 99835 84990
0b003801 0b005401 10000 100 179637 26832535 719192 233821
0b004a01 0b004001 10000 100 10206 27576188 56182 50187
0b002401 0b006401 10000 100 47123 27445357 193375 122741
0b005b01 0b007501 10000 100 20627 27496735 269922 100508
0b002c01 0b004201 10000 100 514853 25663952 2169070 514858
0b004c01 0b006501 10000 100 56424 27627639 223070 130528
0b001101 0b002801 10000 100 653063 24450110 3459340 630764
0b002c01 0b000701 10000 100 17280 27758906 159478 97715
0b006a01 0b000901 10000 100 27297 27807970 129859 106112
0b003001 0b001a01 10000 100 5733739 6788685 21221674 4890376
0b004801 0b007f01 10000 100 6532 27993986 123087 88694
0b003301 0b001201 10000 100 682 28046350 95323 83784
0b003e01 0b003f01 10000 100 7592 28092923 54028 47980
0b001c01 0b005e01 10001 100 29568 27824223 324480 108006
0b000801 0b004901 10000 100 3250053 20890623 7276246 2808080
0b001501 0b007e01 10000 100 64433 27713374 453823 137242
0b003701 0b002601 10000 100 95942 27957999 311250 163640
0b001301 0b001901 10000 100 4683836 16663781 11672814 3968534
0b006f01 0b000d01 10000 100 8557343 3148884 25216222 7257701
0b001901 0b004401 10000 100 71208 28114305 276545 142931
0b005701 0b003b01 10000 100 20794 28256578 134376 100641
0b000b01 0b006401 10000 100 2497 28265707 143487 85312
0b005201 0b006601 10000 100 27518 28222189 193259 106289
0b004e01 0b005901 10000 100 42371 28266299 183648 118748
0b006501 0b001e01 10000 100 37809 28281381 204533 114906
0b001e01 0b005c01 10000 100 4085524 13723003 14769981 3508521
0b004401 0b002301 10000 100 6362047 8504006 20003785 5417176
0b005001 0b001f01 10000 100 7014 28340353 170989 89118
0b002001 0b003e01 10000 100 51739 28363760 157182 126588
0b006e01 0b004c01 10000 100 2889 28442660 92191 85626
0b007001 0b000f01 10000 100 916228 27091596 1452001 851395
0b006401 0b002901 10000 100 3296805 21545025 7014842 2847248
0b006001 0b004601 10000 100 65677 28213546 347749 138276
0b006301 0b005801 10000 100 171718 28101781 512162 227179
0b004301 0b006601 10000 100 2403783 19456833 9163924 2098540
0b000101 0b007201 10001 100 983 28538925 137865 84024
0b001f01 0b004c01 10000 100 1326 28634715 98872 84337
0b004c01 0b007201 10000 100 7423 28654949 128689 89445
0b001101 0b004701 10000 100 1620882 22546907 6246509 1442152
0b005301 0b007301 10001 100 5278518 16638113 12181392 4508728
0b000e01 0b005201 10000 100 61895 28610476 252081 135096
0b005c01 0b003601 10000 100 2492362 13152519 15759843 2172820
0b006d01 0b003001 10000 100 4268464 12050014 16896275 3661900
0b003501 0b002b01 10000 100 20293 28845205 113135 100240
0b006501 0b007d01 10000 100 72726 28724966 237922 144184
0b006201 0b005e01 10000 100 1406 28887037 109951 84401
0b006001 0b002701 10000 100 3496142 20563138 8458953 3014398
0b000601 0b001f01 10000 100 8539 28968237 119247 90376
0b006001 0b000901 10000 100 7424 28989350 124171 89446
0b003701 0b006101 10000 100 9454 28993116 141993 91147
0b002f01 0b002301 10000 100 39657 29037780 117012 74861
0b005401 0b004e01 10000 100 708070 26848098 2365057 676881
0b000101 0b006501 10000 100 6300 29066968 153868 88508
0b000801 0b006701 10000 100 620754 27680790 1604985 603649
0b003401 0b007501 10000 100 18597 29204774 175679 98807
0b000301 0b005501 10000 100 363371 27553932 1844269 387874
0b004601 0b001301 10000 100 893 29342793 112403 83952
0b002f01 0b006601 10000 100 885866 28331619 1129938 825915
0b002201 0b003301 10000 100 20193 29386499 115727 100160
0b005901 0b006501 10001 100 32984 29200564 307814 110854
0b006401 0b003d01 10000 100 1582438 23658430 5856849 1409937
0b001001 0b005b01 10000 100 4787783 19566184 9987257 4097285
0b006401 0b007d01 10000 100 54321 29374970 188069 128768
0b005a01 0b007401 10000 100 14718 29497027 111842 95550
0b003901 0b000a01 10000 100 1393748 23844974 5792977 1251728
0b007901 0b007101 10000 100 4349 29608454 47642 45271
0b005801 0b002001 10001 100 62609 29477547 197984 135706
0b002d01 0b004201 10000 100 4196261 17293490 12393064 3601373
0b002001 0b003801 10000 100 34208 29485731 241852 111910
0b004901 0b006d01 10000 100 3483999 23574878 6190427 3004184
0b003d01 0b005701 10000 100 49212 29562142 236797 124489
0b004501 0b004201 10000 100 138794 29330715 514198 157972
0b000601 0b002901 10001 100 4991984 18859188 10993095 4268480
0b000f01 0b001201 10000 100 70551 29533181 344150 142367
0b006001 0b003a01 10000 100 591462 27336645 2569884 579102
0b005301 0b003401 10000 100 28895 29788146 148559 107429
0b005a01 0b003201 10000 100 5572 29674511 278536 87888
0b001e01 0b002201 10000 100 1177981 27485394 2492947 1070820
0b006d01 0b004101 10000 100 181024 29194106 869315 235008
0b006f01 0b005901 10000 100 30424 29928092 155503 108729
0b002c01 0b003201 10000 100 75703 29906244 280986 146680
0b004d01 0b006f01 10000 100 62461 29932811 272659 135588
0b001901 0b005101 10001 100 711535 26633964 3586081 679768
0b000f01 0b000001 10000 100 33820 30139260 92986 69961
0b003d01 0b004e01 10000 100 21448 30069315 201947 101203
0b004601 0b003401 10000 100 14579 30139772 140631 95439
0b003b01 0b000c01 10000 100 5430 30247233 97360 87774
0b004101 0b001801 10000 100 2922677 20123494 10251489 2533584
0b006b01 0b000501 10000 100 1955586 24950680 5434765 1722779
0b000401 0b000001 10000 100 2069 30368890 49342 43370
0b005301 0b000701 10000 100 1002588 27555561 2900609 923785
0b001001 0b005c01 10000 100 28313 30270018 192865 106964
0b007c01 0b006901 10000 100 999123 28451533 2018572 920898
0b003d01 0b003501 10000 100 184 30461693 42912 41785
0b001801 0b007501 10000 100 26590 30326579 236427 105508
0b001801 0b004a01 10000 100 1520654 22096212 8472303 1358129
0b001101 0b000401 10000 100 13914 30365250 209921 94868
0b006f01 0b007101 10001 100 11946 30483568 110621 93217
0b003001 0b002c01 10000 100 184143 29799131 856178 237618
0b000101 0b002b01 10000 100 123579 30363162 301183 186824
0b007601 0b005a01 10000 100 148219 30178609 492989 207496
0b003101 0b004701 10000 100 90532 30390128 309997 159120
0b005c01 0b006a01 10000 100 9565 30619399 102436 91236
0b007501 0b004801 10000 100 6136 30633501 124354 88377
0b003c01 0b003e01 10000 100 7996242 18489874 12290643 6745678
0b005301 0b002301 10000 100 1824 30718590 94202 84736
0b007601 0b004501 10000 100 62580 30592143 256423 135683
0b004701 0b003c01 10000 100 774726 27576384 3288183 732740
0b003d01 0b001501 10000 100 506892 28023799 2854332 508182
0b005301 0b002601 10000 100 11895779 4451578 26449991 10056629
0b003e01 0b002101 10000 100 191444 30318624 649655 243728
0b001501 0b004401 10001 100 936151 26118082 4865768 868101
0b001e01 0b001601 10000 100 54214 30889608 98920 87083
0b007c01 0b001701 10000 100 42221 30814610 179369 118628
0b006401 0b006501 10001 100 5560 30917562 76535 46278
0b006f01 0b007201 10000 100 48857 30850718 245435 124167
0b000e01 0b004901 10000 100 1851600 24166878 6942080 1635596
0b005601 0b002b01 10001 100 5306094 19231175 11926242 4531864
0b003101 0b006601 10000 100 30190 30995960 169280 108542
0b005c01 0b001a01 10000 100 11985 31028478 168906 93248
0b001f01 0b003a01 10000 100 314895 30251406 948452 347212
0b006c01 0b000801 10000 100 65958 30864902 358441 138500
0b001301 0b000e01 10000 100 2363 31111622 167456 85205
0b006101 0b007201 10000 100 58473 31056378 229823 132244
0b000801 0b004d01 10000 100 67043 31035839 252881 139445
0b004101 0b006801 10000 100 24394 31080490 232523 103675
0b002c01 0b007201 10000 100 37493 30991664 332306 114653
0b000101 0b006801 10000 100 3611395 6943915 24413450 3111016
0b000501 0b003701 10000 100 90548 30935724 449409 159132
0b000901 0b007501 10000 100 35798 31171465 214627 113220
0b003301 0b004a01 10000 100 126186 30914807 494350 189025
0b002501 0b007f01 10000 100 5079831 20691382 10720839 4342136
0b003401 0b001301 10000 100 735512 26933022 4486340 699872
0b003601 0b006301 10000 100 18868 31117219 321062 99024
0b006a01 0b000001 10000 100 62110 31140803 305597 135307
0b006a01 0b001b01 10000 100 1735 31285232 165172 84664
0b001d01 0b002601 10000 100 43901 31284525 185400 120010
0b006601 0b000201 10000 100 97659 31308042 208924 165090
0b005601 0b001b01 10000 100 146668 30765198 770950 206179
0b002e01 0b002001 10000 100 173245 31343056 246958 186877
0b007d01 0b001201 10000 100 1488 31394572 199490 84467
0b007f01 0b007501 10000 100 3722151 27975955 3644031 3162284
0b006701 0b004301 10000 100 46395 31255190 405148 122120
0b001701 0b002701 10000 100 189077 30637120 1061943 241757
0b002b01 0b006401 10000 100 28754 31561786 144590 107316
0b003601 0b004d01 10000 100 5898909 7034382 24704017 5028848
0b000e01 0b004301 10000 100 1167887 29793443 1966445 1062360
0b004901 0b006101 10000 100 7410 31614319 165010 89435
0b001f01 0b002701 10000 100 1130083 24626495 7242142 1030696
0b000301 0b001101 10000 100 44524 31676424 258634 120547
0b001401 0b005b01 10000 100 19316 31803115 163972 99420
0b005d01 0b003801 10000 100 55591 31797394 182646 129823
0b004801 0b005b01 10000 100 3964 31935553 103618 86524
0b004501 0b002301 10000 100 1986 31928537 131502 84865
0b007e01 0b003b01 10000 100 21122 31914135 166329 100942
0b002b01 0b001801 10000 100 16304 31964319 176674 96896
0b006401 0b007001 10000 100 51995 31942085 204444 126792
0b005101 0b003c01 10000 100 3961 32080337 96083 86522
0b006e01 0b000401 10000 100 24482 32022687 212235 103745
0b001501 0b007001 10000 100 4885502 16358882 15901858 4179224
0b003301 0b004a01 10001 100 28775 32155475 153844 107333
0b000401 0b000e01 10000 100 15231755 13754766 18568780 12811912
0b007201 0b006201 10000 100 4404538 17011660 15336692 3775982
0b006c01 0b006801 10001 100 6902620 10138480 22222752 5828771
0b007d01 0b004a01 10000 100 4385181 22039633 10323352 3759767
0b006201 0b005301 10000 100 37442 32255266 151946 114612
0b007401 0b007901 10000 100 58403 32316859 117128 90588
0b003601 0b002701 10000 100 8680 32299668 142131 90489
0b002a01 0b003601 10000 100 2059992 26216164 6250484 1810297
0b000901 0b006601 10000 100 69781 32322844 176857 141712
0b003c01 0b004001 10000 100 334592 31630719 911519 363737
0b007a01 0b006401 10000 100 95770 32102386 477185 163502
0b005001 0b002d01 10000 100 64269 32338825 276986 137111
0b001401 0b004a01 10000 100 56218 32459640 233610 130363
0b006301 0b006001 10001 100 4147594 27802927 4900828 3518958
0b001f01 0b004e01 10000 100 5675 32607600 96271 87970
0b001501 0b004401 10002 100 46730 32481590 223156 122388
0b004901 0b003901 10000 100 4157 32673547 138606 86717
0b004401 0b007801 10000 100 613 32749981 83496 83728
0b001f01 0b003001 10000 100 2041 32748271 89171 84948
0b002101 0b002501 10000 100 41364 32748633 153428 76304
0b001301 0b001b01 10000 100 4813765 17751128 15194293 4077469
0b002801 0b000501 10000 100 69670 32743090 229849 141624
0b003a01 0b006a01 10001 100 9023194 14505997 18496720 7648276
0b004501 0b001501 10000 100 4605052 22569239 10439450 3944112
0b000601 0b000101 10000 100 1654586 30337999 2683896 1428820
0b003b01 0b007701 10000 100 55692 32764643 313547 129904
0b003c01 0b007d01 10000 100 1525640 29617061 3475108 1362310
0b001a01 0b002901 10000 100 3697175 16506001 16599606 3182943
0b001001 0b006e01 10000 100 69468 32859172 261140 141462
0b003b01 0b003701 10000 100 1777022 30515092 2624857 1531492
0b007c01 0b006301 10000 100 199820 32744678 403144 250736
0b005c01 0b006801 10000 100 23939 33006682 163001 103272
0b007a01 0b007e01 10000 100 7889943 16902353 16269452 6656530
0b002f01 0b001b01 10000 100 1955089 13445380 19778146 1722381
0b006701 0b004001 10000 100 5239570 18513696 14763923 4476072
0b007801 0b006401 10000 100 1523436 30016684 3288520 1360470
0b005c01 0b003001 10000 100 612739 31526452 1813455 596930
0b007201 0b000d01 10000 100 1617 33199588 152147 84570
0b006c01 0b000b01 10000 100 192432 32952964 419225 244556
0b001301 0b005c01 10000 100 10546 33263935 138678 92059
0b003901 0b003201 10000 100 39563 33205718 223416 74786
0b001201 0b001301 10000 100 1688258 30070589 3376500 1457064
0b003801 0b005d01 10000 100 74319 33223062 246540 145535
0b006a01 0b005601 10000 100 629805 29287082 4201317 611236
0b004f01 0b002001 10000 100 68390 33165833 323403 140561
0b002301 0b007e01 10000 100 290126 32630092 880235 326475
0b006601 0b002901 10000 100 28485 33421897 121098 107101
0b006c01 0b006f01 10000 100 67047 33436032 152832 97848
0b007d01 0b004501 10000 100 5582 33497824 120386 87896
0b001101 0b003301 10000 100 76643 33371901 251769 147471
0b003101 0b000201 10000 100 44648 33487455 217653 120646
0b003a01 0b000601 10000 100 35682 33559993 150725 113128
0b002101 0b001e01 10000 100 42941 33474814 261617 119204
0b005701 0b005c01 10000 100 70458 33647692 101246 100692
0b003401 0b007401 10000 100 56912 33548086 202258 130918
0b000701 0b002b01 10000 100 388523 32820556 931910 408956
0b001301 0b007a01 10000 100 1701374 24128207 9639582 1509656
0b002d01 0b006c01 10000 100 185213 32945929 827628 238512
0b000601 0b001301 10000 100 8081 33661027 158186 90010
0b006701 0b002d01 10000 100 25556 33636258 191483 104643
0b006801 0b002f01 10000 100 8748546 12800580 21061151 7417998
0b003b01 0b005001 10000 100 10678276 7615665 26317783 9035894
0b002501 0b000801 10000 100 15659 33809680 148834 96341
0b004a01 0b003601 10000 100 10410 33843824 134340 91950
0b005401 0b000501 10000 100 3567014 17559474 16441150 3073822
0b000601 0b004501 10000 100 18940 33946436 121682 99081
0b004b01 0b007001 10000 100 19449 33969608 112360 99527
0b006701 0b007f01 10000 100 7498555 4850225 29240376 6370005
0b004001 0b004d01 10000 100 487638 33155601 938227 450449
0b003501 0b004c01 10000 100 1561774 30325623 3789061 1392600
0b006701 0b000801 10000 100 1364398 27628512 6496211 1227134
0b004c01 0b000e01 10000 100 2262808 22625518 11508244 1980345
0b005801 0b006b01 10001 100 140189 33834036 342620 200765
0b006a01 0b002c01 10000 100 591273 31083841 3149024 578951
0b006d01 0b005101 10000 100 4599 34191824 97538 87071
0b001701 0b005901 10000 100 66091 34046538 253390 138645
0b003e01 0b005501 10000 100 4501431 22473388 11840022 3857221
0b007801 0b000001 10001 100 1886736 25739412 8584416 1665049
0b006001 0b004e01 10000 100 1676772 29046181 5280225 1489014
0b006201 0b004701 10000 100 4033266 20595927 13775534 3464718
0b000001 0b004501 10000 100 7559351 10649528 23761547 6420984
0b002101 0b001b01 10000 100 1253985 22669215 11797713 1134541
0b000801 0b000f01 10000 100 26895 34373089 94808 64152
0b003c01 0b005401 10000 100 7167916 17724179 16745679 6092784
0b004d01 0b007a01 10000 100 33857 34230756 244769 111591
0b000701 0b005501 10000 100 4783231 23221981 11271654 4093490
0b005701 0b002b01 10000 100 3146 34440776 92252 85870
0b000901 0b001b01 10000 100 1107 34436677 143463 84162
0b007c01 0b003301 10000 100 1695 34515038 88411 84632
0b006001 0b006701 10000 100 38939 34474671 137546 74248
0b002901 0b002b01 10000 100 919093 33147090 1478044 812202
0b003d01 0b004801 10000 100 37653 34398429 244999 114781
0b001501 0b004901 10000 100 4566823 16927166 17732519 3912031
0b002901 0b004001 10000 100 76408 34474525 249045 147283
0b006901 0b005001 10000 100 8910760 19740719 15053423 7553990
0b002001 0b004d01 10001 100 225337 33899623 915233 272148
0b004001 0b001201 10000 100 107374 34509316 316346 173246
0b005a01 0b001901 10000 100 401559 33547133 1308483 419884
0b002701 0b002f01 10000 100 917988 32868668 2031137 811241
0b001f01 0b005801 10000 100 4680445 12874802 22081541 4007306
0b000701 0b003c01 10000 100 134869 34504275 476224 196279
0b003301 0b001301 10000 100 24020 34748947 241618 103376
0b007001 0b005201 10000 100 34060 34871460 178784 111792
0b001c01 0b005e01 10000 100 9531090 18898029 16179209 8074100
0b002f01 0b004701 10000 100 859193 32289666 2789122 803578
0b004a01 0b004201 10000 100 464 35099823 41043 42009
0b004701 0b007201 10000 100 7123 35030901 127851 89205
0b000801 0b000c01 10000 100 55974 35029441 136673 88529
0b004c01 0b003801 10000 100 20129875 2322454 32896202 16960092
0b004701 0b006101 10000 100 69834 35048822 199582 141755
0b000f01 0b007201 10000 100 2315459 28243049 7015789 2024501
0b001d01 0b005701 10000 100 10838 35170866 138470 92292
0b005601 0b004d01 10000 100 795601 28936760 6407650 750247
0b001401 0b006e01 10000 100 947433 33479988 1894272 877549
0b000401 0b006601 10000 100 248589 34162084 1214702 291632
0b005c01 0b001601 10000 100 78131 35124367 268561 148738
0b000101 0b003601 10001 100 747490 32673331 2725733 709915
0b006801 0b001e01 10000 100 6181337 14069805 21447639 5265658
0b001d01 0b007601 10000 100 20337 35401980 193760 100276
0b007f01 0b006b01 10000 100 4970 35487903 138241 87368
0b006f01 0b002501 10000 100 144235 35220057 424803 204156
0b000e01 0b000f01 10000 100 1585286 34220044 1451073 1370731
0b007301 0b001501 10000 100 576975 31392375 4280358 566936
0b003a01 0b004c01 10000 100 8818 35577949 150916 90600
0b001e01 0b005e01 10000 100 358970 34558514 1236632 384161
0b006d01 0b006601 10000 100 3254925 29934049 5877305 2770532
0b005801 0b003d01 10000 100 39276 35674672 179275 116156
0b003a01 0b007001 10000 100 173569 35271396 623381 228736
0b001f01 0b002f01 10000 100 2897040 30170417 5741363 2512115
0b000201 0b003601 10000 100 23587 35741701 207681 102991
0b007a01 0b002601 10000 100 5790151 22194366 13793535 4937695
0b007901 0b004f01 10000 100 13238 35814428 188569 94328
0b007901 0b002001 10000 100 953596 33346243 2664082 882710
0b005a01 0b006501 10000 100 6290080 11594736 24447111 5356838
0b003c01 0b007d01 10001 100 2517 35863344 181250 85328
0b007901 0b004301 10000 100 1705017 32130952 4057577 1512724
0b007e01 0b007c01 10000 100 1336 36143357 45379 42745
0b000c01 0b001d01 10000 100 501050 31865649 4345266 503316
0b001c01 0b004701 10000 100 7250041 12647054 23582678 6161671
0b006001 0b006801 10000 100 1795956 26183316 10116256 1547331
0b002001 0b001f01 10000 100 21317 36173699 133760 101098
0b000a01 0b005201 10000 100 21836 36199885 120630 101513
0b005201 0b005101 10000 100 7638556 27855869 8505862 6445782
0b006001 0b000101 10000 100 108399 35919112 449307 174104
0b003c01 0b007f01 10000 100 35639 36214311 156339 113093
0b004d01 0b004501 10000 100 1843080 34760870 1659126 1586873
0b001f01 0b002001 10000 100 3649 36336408 114730 86272
0b002e01 0b006801 10000 100 16618 36255779 201061 97147
0b001d01 0b003701 10000 100 69498 36148435 382732 141486
0b007e01 0b002801 10000 100 29322 36256014 276434 107809
0b007c01 0b001301 10000 100 22757 36379364 214073 102288
0b001401 0b005101 10000 100 26923 36407954 244904 105775
0b000d01 0b004901 10000 100 124668 36241030 414276 187734
0b003101 0b001a01 10000 100 7261 36545107 115530 89316
0b002f01 0b005f01 10000 100 1522622 35315298 1508868 1359780
0b002e01 0b002f01 10000 100 3746 36788862 45199 44750
0b004201 0b006d01 10000 100 45902 36707456 206508 121688
0b003601 0b000e01 10000 100 1953947 25750149 11168449 1721391
0b007501 0b001f01 10001 100 281623 35731289 1214432 319327
0b000901 0b006501 10000 100 189369 35706160 1278824 241991
0b002b01 0b001601 10000 100 12619 36936570 180295 93794
0b004501 0b004d01 10000 100 48477 37012674 141898 82263
0b006a01 0b003201 10000 100 6344 37014106 152682 88544
0b007401 0b004401 10001 100 28475 37013217 176819 107093
0b006e01 0b003601 10001 100 4144369 24216225 12996921 3557863
0b002901 0b001b01 10000 100 6824165 15388460 21885204 5804612
0b000901 0b001e01 10000 100 64631 37003222 287243 137400
0b003301 0b006301 10000 100 27599 37213976 172207 106354
0b007701 0b005701 10001 100 27159 37245928 183080 106002
0b003001 0b007301 10000 100 44180 37164197 267944 120272
0b004b01 0b001f01 10000 100 72962 37148680 283678 144372
0b006301 0b001401 10000 100 1839498 31622500 5846609 1625454
0b006201 0b006801 10000 100 3094278 26692037 10829046 2635870
0b002201 0b000901 10000 100 351655 35480654 2072400 378040
0b000901 0b000f01 10000 100 792 37526324 41440 42272
0b006901 0b003401 10000 100 298433 36170583 1427827 333428
0b000801 0b006801 10000 100 29897 37307031 304280 108269
0b001a01 0b002901 10001 100 59727 37442791 212447 133285
0b006501 0b001201 10000 100 397898 35686208 1989445 416801
0b001901 0b007f01 10000 100 766698 36090373 1590882 726011
0b005101 0b000a01 10000 100 72932 37482599 205971 144348
0b000301 0b003001 10000 100 2015788 32056130 5637365 1773244
0b004f01 0b005301 10000 100 29107 37551336 196138 107637
0b004b01 0b003801 10000 100 202121 37015382 738927 252692
0b006301 0b003701 10000 100 77963 37458393 300331 148565
0b003201 0b005401 10000 100 1170992 32043882 5781760 1064960
0b007401 0b004101 10000 100 3506517 20383981 17450665 3023082
0b005a01 0b003b01 10000 100 7609718 8900512 28942232 6463198
0b001401 0b003c01 10000 100 1444863 30922232 6933241 1294578
0b006301 0b000701 10000 100 33210 37699884 183224 111073
0b007401 0b004f01 10000 100 1501 37783269 101136 84477
0b003101 0b007e01 10000 100 25007 37755703 135398 104204
0b007d01 0b000401 10000 100 14400217 12739327 25158265 12156372
0b005201 0b007101 10000 100 341256 35921727 2019747 369337
0b004401 0b006a01 10000 100 1336800 35238360 2707828 1203980
0b001c01 0b002e01 10000 100 1843 37806720 163375 84751
0b001b01 0b005b01 10000 100 64788 37711163 307408 137526
0b007f01 0b003101 10000 100 1474133 29501693 8540700 1319146
0b006001 0b006f01 10000 100 115251 37681076 377270 138255
0b006a01 0b000b01 10000 100 625343 36491148 1637013 607512
0b006d01 0b007601 10000 100 468430 34669132 3459610 475953
0b005401 0b006401 10000 100 22751 37994385 136248 102284
0b005201 0b001601 10000 100 4938 37980323 178935 87342
0b001b01 0b007901 10000 100 1639758 34148030 4066077 1457982
0b001f01 0b005d01 10000 100 348354 37089725 1139589 375284
0b004c01 0b000401 10000 100 20465 38108451 177817 100378
0b004901 0b003b01 10000 100 76982 37726002 564092 147742
0b005201 0b006201 10000 100 213140 37753378 551049 261929
0b007801 0b002601 10000 100 7429217 9317120 29013644 6311885
0b004901 0b003501 10000 100 1691391 28972810 9399362 1501285
0b001a01 0b004b01 10000 100 60280 38100214 287824 133766
0b007301 0b003c01 10000 100 1730878 32002299 6392613 1534372
0b004401 0b006101 10000 100 133109 37982715 440155 194832
0b003501 0b007901 10000 100 29846 38233043 191594 108228
0b007401 0b004c01 10000 100 2772 38334896 92840 85532
0b001601 0b006901 10000 100 14058 38327232 173622 95022
0b001901 0b003001 10000 100 8588 38395633 136833 90416
0b002401 0b001201 10000 100 5377427 19943212 18590180 4591656
0b006c01 0b006401 10000 100 2148498 33927931 4617878 1842920
0b003001 0b006401 10000 100 51260 38411753 162383 126204
0b001301 0b000001 10000 100 3437275 15075566 23597471 2965039
0b000701 0b003f01 10000 100 1023602 32768997 5919478 941403
0b006401 0b005701 10000 100 249460 38104361 614969 292368
0b003e01 0b000401 10002 100 418616 34508128 4288404 434182
0b001101 0b002a01 10000 100 1405198 27939812 10876992 1261348
0b000201 0b000701 10000 100 35519 38758022 102256 71397
0b005201 0b002101 10000 100 25356 38657668 219111 104483
0b002c01 0b007d01 10000 100 23140 38790330 156797 102633
0b003801 0b005901 10001 100 1399222 33220187 5755702 1256337
0b006c01 0b005b01 10000 100 105406 38570342 441958 171595
0b004601 0b001101 10000 100 1440299 30144609 8971821 1290773
0b005501 0b002c01 10000 100 8643 39037792 163808 90460
0b000301 0b003901 10000 100 3737 39155153 107675 86343
0b003001 0b000701 10000 100 533 39192130 86736 83664
0b006801 0b004501 10000 100 18677 39112197 196773 98871
0b004501 0b007e01 10000 100 6436645 25237566 14077556 5479696
0b005401 0b000d01 10000 100 5653 39115254 216002 87952
0b003001 0b003601 10000 100 55281 39233277 102097 87975
0b001201 0b002701 10000 100 2661451 30796153 8540446 2314581
0b004101 0b007401 10000 100 68599 39091442 283954 140728
0b006001 0b002b01 10000 100 84200 38880642 511550 153824
0b006c01 0b006601 10000 100 1874384 35409390 4059262 1613107
0b002b01 0b003e01 10000 100 53608 39225894 247948 128160
0b006d01 0b006e01 10000 100 26317581 9325480 30175361 22106276
0b001501 0b007b01 10000 100 14495002 3096797 36410846 12235848
0b002c01 0b002701 10000 100 49800 39380368 147072 83360
0b000301 0b000e01 10001 100 35852 39385556 160682 71664
0b007e01 0b007f01 10000 100 181301 39009691 673965 193629
0b001001 0b007501 10000 100 1939428 31154907 8637517 1709238
0b006401 0b004901 10000 100 135548 39231830 562910 196860
0b000301 0b000801 10000 100 17006 39718031 92177 55896
0b004d01 0b003101 10000 100 69295 39558273 259953 141324
0b002901 0b000001 10000 100 366447 38975989 911153 390450
0b002a01 0b004301 10000 100 29920 39724051 177119 108288
0b002701 0b007901 10000 100 46072 39690854 211700 121862
0b001d01 0b003e01 10000 100 3764128 32438060 7473560 3239078
0b004301 0b000f01 10000 100 3248 39824018 93334 85952
0b006501 0b004801 10000 100 1843331 35754265 4203155 1628674
0b007d01 0b006601 10001 100 2326 39809553 148717 85176
0b004401 0b000a01 10000 100 18101 39867736 123389 98410
0b002801 0b005801 10000 100 64992 39784756 209632 137689
0b000401 0b005901 10000 100 30410 39778491 237435 108718
0b003f01 0b000c01 10000 100 15427 39824620 213530 96156
0b003b01 0b001b01 10000 100 20004 39846694 212903 100009
0b003001 0b007601 10000 100 28722 39880128 185822 107291
0b003601 0b002c01 10000 100 419838 37285363 2786522 435198
0b007a01 0b007601 10000 100 948384 38585460 1487678 836748
0b002801 0b000301 10000 100 14865 40082832 103740 95668
0b006d01 0b003401 10000 100 761359 33594832 6614996 721548
0b006701 0b007a01 10000 100 4883041 26921826 13295455 4177178
0b004f01 0b003901 10000 100 4787 40179363 102763 87221
0b003001 0b007601 10001 100 27708 40167438 125935 106441
0b000f01 0b007d01 10000 100 456802 38170716 2128028 466190
0b001101 0b006f01 10000 100 2135120 33814987 6497343 1873318
0b000001 0b000501 10000 100 35028 40280971 83879 71004
0b004701 0b005601 10000 100 8505 40310638 97975 90349
0b005401 0b005b01 10000 100 20217 40343076 70884 58580
0b005801 0b002f01 10000 100 875664 36040025 4415473 817369
0b006001 0b001301 10000 100 6832269 25183922 15273943 5811402
0b003701 0b000d01 10000 100 398373 38591707 1876468 417220
0b001e01 0b002b01 10000 100 34670 40378807 142965 112280
0b006501 0b005401 10000 100 6556 40358083 173263 88713
0b003c01 0b000601 10000 100 46276 40297160 247696 122025
0b002301 0b003f01 10000 100 521120 39063896 1490089 520140
0b002e01 0b007001 10000 100 2580731 30394793 10201541 2246895
0b001001 0b003501 10000 100 36217 40478643 203742 113594
0b005501 0b004901 10001 100 7874 40559471 126051 89806
0b002c01 0b003501 10000 100 1793489 27515533 13173132 1586880
0b000c01 0b003f01 10000 100 776787 36476968 4257602 734466
0b000601 0b007901 10000 100 6214134 27778376 12989759 5293163
0b003f01 0b003c01 10000 100 880527 38862159 1912943 779852
0b002901 0b006001 10000 100 12521 40725950 105285 93716
0b000d01 0b006b01 10000 100 13878 40740889 152611 94840
0b001901 0b003501 10000 100 3762 40771878 168776 86363
0b002201 0b007301 10001 100 184 40821831 125070 83385
0b002801 0b006601 10000 100 18410 40809636 140307 98657
0b007401 0b005701 10001 100 34278 40696260 302440 111966
0b003a01 0b001b01 10000 100 1323500 35400712 5632867 1192841
0b007701 0b004e01 10000 100 114171 40858300 257540 178952
0b004e01 0b006501 10000 100 59598 40875442 294097 133182
0b005701 0b004801 10000 100 2473 41061582 131413 85293
0b005501 0b004001 10000 100 4512396 33355255 7900711 3866416
0b006801 0b007901 10001 100 62971 40901104 359240 135996
0b005f01 0b001101 10000 100 10765 41105419 169962 92234
0b004101 0b007b01 10000 100 310207 40661117 617100 343308
0b002b01 0b003001 10000 100 2255465 36339328 4960682 1974202
0b004e01 0b006b01 10000 100 25678 41085968 251013 104740
0b006701 0b002701 10000 100 34805 41183264 181289 112388
0b001301 0b000101 10000 100 55213 41148444 220472 129520
0b007401 0b000d01 10000 100 20974 41233296 142524 100785
0b001901 0b006e01 10000 100 22206 41275105 104009 101848
0b001901 0b000401 10000 100 1501443 32028245 9373783 1342031
0b000401 0b006f01 10000 100 6457 41274949 154573 88634
0b000301 0b006a01 10000 100 2032663 37295021 4164123 1787397
0b002a01 0b003c01 10000 100 9037 41273867 197039 90813
0b003b01 0b005b01 10000 100 8264 41330828 159566 90156
0b002d01 0b007e01 10000 100 2058796 37022522 4472538 1809302
0b003901 0b007b01 10000 100 30088 41214855 288132 108460
0b001201 0b002201 10000 100 27058 41356006 174210 105921
0b005701 0b005801 10000 100 18446 41477670 62102 57086
0b004101 0b005c01 10000 100 199107 41062824 521762 250165
0b002201 0b004301 10000 100 162182 40921214 704948 219204
0b000001 0b005e01 10000 100 21333 41472750 153684 101111
0b001a01 0b004501 10000 100 183333 41079955 618829 236932
0b000f01 0b002f01 10000 100 49868 41430242 286868 125014
0b000701 0b000401 10000 100 2879122 36351446 5375232 2455489
0b007201 0b001001 10000 100 2297307 30048732 11737664 2009288
0b005201 0b002201 10000 100 40731 41594759 214141 117359
0b005501 0b005e01 10000 100 33690 41789409 86899 69857
0b004601 0b004801 10000 100 72723 41526489 385586 102581
0b006601 0b003201 10000 100 768 41734295 180638 83852
0b002001 0b007e01 10000 100 76672 41748968 190988 147494
0b006701 0b000c01 10000 100 13137 41791213 214561 94247
0b007001 0b000701 10000 100 4847021 34726074 7282927 4146980
0b006201 0b001601 10000 100 2698162 36531304 5572400 2345371
0b000201 0b002f01 10000 100 64545 41877414 241840 137332
0b002801 0b000a01 10000 100 198851 41186413 934042 249922
0b007e01 0b007d01 10000 100 2873061 35122433 7010523 2450410
0b006b01 0b006801 10000 100 6106985 24927721 17242978 5161696
0b004c01 0b006301 10000 100 77985 41941776 295437 148583
0b006901 0b007801 10000 100 4762180 28303281 13959545 4075843
0b006c01 0b007301 10000 100 4161249 19074851 23261514 3572020
0b005701 0b007201 10000 100 66129 42174658 209919 138676
0b003f01 0b001f01 10000 100 1963577 35041893 7348018 1729479
0b005101 0b007601 10000 100 30871 42272833 143396 109087
0b007401 0b003101 10000 100 895320 40353954 2079354 833862
0b000001 0b002801 10000 100 183 42312104 139839 83384
0b001a01 0b006a01 10000 100 8546 42319607 148050 90382
0b004301 0b005401 10000 100 7172694 19679471 22798222 6096798
0b007601 0b003501 10000 100 130192 42165262 330963 192384
0b001a01 0b002a01 10000 100 2198 42355361 153816 85073
0b005301 0b005001 10000 100 986744 40143041 2374215 868896
0b000301 0b001601 10000 100 3269022 25177307 17406229 2823985
0b004001 0b004e01 10000 100 42635 42527479 111276 77359
0b005c01 0b002401 10000 100 245046 41087582 1551569 288683
0b003401 0b004501 10000 100 833886 38848979 3894721 782334
0b002201 0b002a01 10000 100 803154 39202106 3545130 714996
0b001701 0b001501 10000 100 1260699 41103373 1646095 1098581
0b006901 0b004b01 10000 100 147582 42050940 748930 206948
0b005a01 0b001801 10000 100 620467 39222677 3610739 603420
0b005d01 0b006801 10000 100 7778689 627469 42276801 6604864
0b005901 0b006501 10002 100 26838 42632773 312405 105707
0b005201 0b000801 10000 100 8783396 13202564 29824588 7447222
0b006701 0b000501 10000 100 1276655 40720966 2358518 1153560
0b002701 0b003201 10000 100 27421 42895607 191721 106212
0b006c01 0b003e01 10000 100 27044 42888494 202140 105910
0b001301 0b002a01 10000 100 31733 42918252 183733 109815
0b003001 0b007601 10002 100 95295 42687255 430223 163122
0b004501 0b007501 10000 100 700110 40878969 2292479 670206
0b007601 0b005801 10000 100 2527611 31318945 11885033 2202364
0b004601 0b002d01 10000 100 265738 40879077 2378159 306004
0b001a01 0b002b01 10000 100 6236 43083406 183189 88457
0b007501 0b006001 10000 100 76634 42864014 409798 147464
0b002901 0b005401 10000 100 18332 43200845 112903 98595
0b007e01 0b004601 10000 100 8602697 14634315 28746947 7295712
0b003901 0b006d01 10000 100 67811 42884390 538086 140060
0b003901 0b005201 10000 100 1951734 32846691 10582035 1719544
0b000d01 0b005e01 10000 100 5007567 26772491 16790001 4281560
0b007401 0b002401 10000 100 1527 43504072 84881 84498
0b000901 0b001301 10000 100 4572104 33361321 10229710 3916486
0b003c01 0b000401 10000 100 966017 40450219 3153020 893146
0b003101 0b006c01 10000 100 2382 43581887 188713 85220
0b005e01 0b001601 10000 100 13689 43612450 190915 94688
0b007401 0b005101 10000 100 607851 40497452 3350851 592828
0b002301 0b007b01 10001 100 63946 43600080 253164 136814
0b000001 0b000c01 10000 100 40907 43772117 82079 75900
0b004f01 0b003001 10000 100 29079 43720058 143890 107615
0b002a01 0b005501 10000 100 78987 43609581 265217 149423
0b002e01 0b002d01 10000 100 73884 43650894 229018 103548
0b001001 0b004a01 10000 100 27430 43738837 152105 106219
0b004201 0b001101 10000 100 9301728 8591407 35323865 7881779
0b005501 0b000e01 10000 100 135356 43444902 489181 196707
0b002c01 0b005601 10000 100 33649 43735218 208078 111424
0b005e01 0b002c01 10000 100 6970161 19240796 24708458 5927015
0b007001 0b000a01 10000 100 13855 43788238 177006 94821
0b007801 0b004f01 10000 100 592708 42952873 1042324 580137
0b006e01 0b000801 10000 100 131695 43788561 276953 193624
0b000801 0b001901 10000 100 25442 43878074 193385 104552
0b000c01 0b007501 10000 100 341932 43225209 892118 369878
0b007e01 0b002b01 10000 100 158884 43363558 764646 216412
0b001801 0b002001 10000 100 5895174 19257400 24922793 5025745
0b001301 0b004201 10000 100 644386 42013620 2177442 623476
0b000301 0b001b01 10000 100 1425628 39071447 5155219 1278460
0b004b01 0b000c01 10000 100 473780 42173595 2054451 480425
0b000b01 0b001a01 10000 100 9096 44147400 100516 90860
0b000601 0b005401 10000 100 2915780 30042757 14258197 2527798
0b005e01 0b001601 10001 100 21601 44205305 171128 101325
0b004501 0b003401 10000 100 9395682 23856837 20573394 7960552
0b003e01 0b007f01 10000 100 68642 44208620 255260 140763
0b005f01 0b005301 10000 100 8522132 33534929 11040569 7186588
0b004b01 0b001701 10000 100 196831 43886921 709894 248229
0b003701 0b005301 10000 100 331 44455311 144090 83503
0b002e01 0b001101 10000 100 61904 44365348 309462 135104
0b000b01 0b007601 10000 100 46855 44403620 290144 122488
0b004f01 0b004701 10000 100 21131 44686285 60639 59349
0b003901 0b004001 10002 100 28135 44426805 329516 106821
0b004101 0b000b01 10000 100 111412 44372080 465869 176630
0b002001 0b001801 10000 100 109710 44511037 339406 175192
0b001401 0b000301 10000 100 185844 44171796 694754 239017
0b006401 0b000501 10000 100 83739 44588790 292948 153416
0b006901 0b004e01 10000 100 27644 44685510 224330 106390
0b007001 0b007f01 10000 100 14200 44886183 76289 53536
0b007b01 0b005201 10000 100 7428 45006422 96608 89449
0b006b01 0b002e01 10000 100 592082 43361328 1750612 579636
0b000e01 0b001a01 10000 100 999429 39513834 5637856 921143
0b002e01 0b005201 10000 100 17430 44945951 212792 97835
0b002801 0b004401 10000 100 37249 44936483 253959 114458
0b002b01 0b003101 10000 100 9284 45097076 130229 91011
0b004701 0b000301 10000 100 2800 45152299 96213 85555
0b002b01 0b005b01 10000 100 1753 45181728 144218 84679
0b007801 0b006601 10000 100 508813 44023854 1305180 509796
0b002801 0b005601 10001 100 57831 45178501 157745 131692
0b004701 0b003f01 10000 100 827593 42024943 3333876 777069
0b007901 0b003e01 10000 100 909495 43439671 1931008 845740
0b000801 0b003101 10000 100 8976732 26385182 19033512 7609302
0b002b01 0b007601 10000 100 9492 45298450 131888 91177
0b000301 0b002c01 10000 100 92292 44889206 547987 160604
0b004601 0b002501 10000 100 4561520 31832308 13631671 3907596
0b000501 0b007d01 10000 100 1546022 40274184 5213832 1379422
0b003101 0b001501 10000 100 25015 45355094 145818 104210
0b007a01 0b006501 10000 100 4086461 26596471 18937475 3509309
0b005e01 0b007a01 10000 100 1136845 39872017 5679308 1036336
0b003601 0b000401 10000 100 26878 45376918 210539 105739
0b001f01 0b005201 10000 100 7261 45546617 171727 89316
0b000701 0b004901 10002 100 22676 45508593 211957 102224
0b006401 0b001001 10000 100 1577537 39763837 5958717 1405824
0b005a01 0b002701 10000 100 706725 42699346 3087905 675728
0b003a01 0b003d01 10000 100 60733 45618444 211700 92528
0b007f01 0b003f01 10000 100 65927 45655567 179784 138476
0b001c01 0b005e01 10002 100 1181696 40687405 5225497 1073945
0b002301 0b002a01 10000 100 21579697 13414868 32536971 18134029
0b000d01 0b007c01 10000 100 38478 45708202 274134 115480
0b001f01 0b000801 10000 100 35838 45840053 196829 113252
0b000301 0b007701 10000 100 189263 45272399 782077 241906
0b007a01 0b006001 10000 100 915275 42781137 3277503 850594
0b004501 0b000a01 10000 100 303763 45501582 619799 337884
0b005601 0b005e01 10000 100 25655 46236822 73418 63122
0b002801 0b001301 10000 100 8384 46227085 115723 90252
0b007f01 0b003601 10000 100 55868 46068995 280530 130044
0b002b01 0b003701 10000 100 1117013 39034343 7368686 1019741
0b007401 0b000201 10000 100 1049177 40067232 6341856 962861
0b003701 0b007501 10000 100 2159090 35674636 10788856 1893416
0b000201 0b004d01 10000 100 6110981 16322143 30195067 5206647
0b004501 0b005601 10000 100 148032 46142088 389354 207347
0b005201 0b006c01 10001 100 1920594 42438475 4121401 1693441
0b001201 0b004301 10000 100 1254039 41775837 4798018 1134623
0b004301 0b001301 10000 100 7896 46384972 240434 89824
0b007801 0b000401 10000 100 43574 46395646 249867 119748
0b006401 0b006501 10000 100 17658154 17440283 29225803 14846228
0b006e01 0b005a01 10000 100 4181 46590213 91589 86736
0b003001 0b001601 10000 100 1021021 41566940 5128068 939261
0b005a01 0b003301 10000 100 6600 46592040 130468 88748
0b004901 0b005e01 10000 100 4913532 23630524 23118962 4202723
0b000d01 0b002d01 10000 100 1775334 34817767 11958529 1571665
0b003b01 0b003c01 10000 100 13179 46720537 59262 52680
0b007201 0b006b01 10000 100 176992 46096298 707295 231590
0b001e01 0b002101 10000 100 39129 46638673 178853 116039
0b000d01 0b000901 10000 100 1538 46788198 58981 42907
0b001201 0b000d01 10000 100 171446 46179837 684495 226961
0b000801 0b005001 10000 100 66335 46635842 246823 138840
0b003301 0b007e01 10000 100 4406128 39523923 7397498 3777331
0b007e01 0b006101 10000 100 5411 46853737 96369 87759
0b007201 0b001401 10000 100 103789 46627194 367486 170224
0b004501 0b007c01 10000 100 3092 46885119 111325 85827
0b006801 0b007101 10000 100 22183 46850341 224842 101829
0b002b01 0b006001 10000 100 2691154 41529432 5624331 2339496
0b002d01 0b002a01 10000 100 8649549 23326539 23837688 7293399
0b005901 0b002201 10000 100 477530 45470787 1742525 483579
0b000a01 0b002501 10000 100 2134978 38299741 9016712 1873166
0b007501 0b004201 10000 100 1168521 44440131 2901326 1062906
0b001a01 0b007c01 10000 100 10605 47269005 116275 92106
0b005601 0b005f01 10000 100 422931 46902562 531228 396188
0b002301 0b004801 10000 100 54948 47202502 297758 129270
0b002b01 0b004301 10000 100 109731 46910271 604609 175208
0b004501 0b003101 10000 100 22943 47453775 157855 102437
0b001701 0b004e01 10000 100 8366067 18949959 28678637 7097346
0b005601 0b000701 10000 100 97278 47154894 490481 164785
0b006301 0b002001 10000 100 2929557 42701601 4976691 2539357
0b001201 0b004b01 10000 100 75384 47474549 295517 146425
0b002b01 0b004701 10000 100 76675 47462992 329463 147496
0b005001 0b006a01 10000 100 206650 46171909 1628382 256468
0b003a01 0b002c01 10000 100 20414857 4305390 43495494 17199021
0b006401 0b005b01 10000 100 8532 47687292 132639 90371
0b001501 0b006501 10000 100 3807679 31662291 16174827 3275570
0b002b01 0b002001 10000 100 9634 47806531 55779 49691
0b004f01 0b003101 10000 100 22071 47793069 125168 101740
0b003101 0b004c01 10000 100 1703186 40572189 7393909 1511182
0b005201 0b003a01 10000 100 2839 47971860 107728 85586
0b005501 0b000201 10001 100 1892 48024997 85319 84790
0b000c01 0b006601 10000 100 24676 47951125 167481 103900
0b007001 0b000d01 10000 100 1925168 43656118 4489372 1697292
0b004801 0b006701 10000 100 358090 45788109 2368959 383457
0b005a01 0b007a01 10000 100 209867 47456190 717441 259157
0b003a01 0b002101 10000 100 5110468 30460744 17838179 4367836
0b007701 0b002201 10000 100 1031954 42955953 5359536 948392
0b007901 0b006301 10000 100 15324 48171851 171031 96073
0b003d01 0b006301 10000 100 4622437 29751534 18691229 3958672
0b001501 0b004401 10003 100 34268 48233595 238940 111958
0b007c01 0b007001 10000 100 680815 47522510 1072881 612402
0b002701 0b005301 10000 100 22260 48435086 210853 101891
0b003c01 0b000701 10000 100 530248 44496299 4166655 527788
0b000b01 0b003701 10001 100 9444096 31018146 17702262 8001164
0b005201 0b004301 10000 100 40406 48495644 247895 117099
0b002001 0b007001 10000 100 8990541 14676924 34163993 7620887
0b006e01 0b007101 10000 100 2243098 39052057 9796819 1963848
0b002201 0b001101 10000 100 2220293 40881384 8065011 1944720
0b005c01 0b004401 10000 100 5840419 37995186 10968940 4979829
0b002801 0b002d01 10000 100 984544 45308149 3777878 867059
0b003e01 0b004601 10000 100 29125 48935704 178522 107652
0b006701 0b004801 10000 100 6515619 32097692 17226200 5545909
0b000c01 0b006a01 10000 100 6268 49150739 175295 88483
0b007001 0b004301 10000 100 24724 49185935 143040 103939
0b005301 0b005f01 10000 100 35512 49179760 207300 71392
0b005201 0b001301 10000 100 31570 49196088 268365 109684
0b001301 0b000f01 10000 100 1800320 46528460 3060163 1592614
0b004701 0b004201 10000 100 17971 49576091 65381 56668
0b001801 0b005e01 10000 100 904003 46209427 3466250 841154
0b007a01 0b000d01 10000 100 287660 47984978 1730005 324387
0b001701 0b001f01 10000 100 3614592 44875042 4914866 3072089
0b002001 0b003601 10000 100 4409504 24780609 25032017 3780147
0b000301 0b004601 10000 100 2013933 44691881 5180885 1771684
