0b007301 0b005c01 10000 100 29284 273922 107273 107779
0b002101 0b005801 10000 100 32678 412915 110102 110609
0b007d01 0b007201 10000 100 8880 542200 48380 49049
0b001f01 0b003601 10000 100 5239 677274 87125 87621
0b004101 0b007401 10000 100 28133 763693 106314 106820
0b001101 0b004201 10000 100 783089 275106 760969 739776
0b006001 0b004501 10000 100 70776 1013190 142025 142547
0b004201 0b007501 10000 100 734436 496729 725593 698972
0b003701 0b004201 10000 100 3775 1880048 85878 86373
0b000501 0b005801 10000 100 1649542 571320 1465040 1466193
0b002001 0b002e01 10000 100 36737 2514690 71730 72410
0b000201 0b007701 10000 100 173197 2604934 236438 228439
0b005e01 0b003c01 10000 100 52252 2690701 169882 127036
0b007801 0b005701 10000 100 316 2971001 81959 83491
0b007501 0b003d01 10000 100 75809 3249834 146241 146765
0b001901 0b005c01 10000 100 4991 3343759 88959 87384
0b001701 0b006701 10000 100 175003 3248618 237756 229960
0b005001 0b001901 10000 100 751712 2841026 712940 713446
0b001601 0b007601 10000 100 41132 3547020 150958 117718
0b002301 0b000101 10000 100 58923 3574414 132086 132604
0b000201 0b004601 10000 100 2822 3639901 85078 85572
0b007f01 0b002c01 10000 100 1273229 2654218 1233101 1150704
0b005101 0b000e01 10000 100 23019 3858328 117512 102536
0b001601 0b004901 10000 100 1916726 2336340 1723435 1690193
0b003401 0b006301 10000 100 635175 3517047 615014 615762
0b006f01 0b001201 10000 100 2386579 2103452 2082901 2084124
0b004501 0b004e01 10000 100 231985 4121068 235338 236096
0b006e01 0b003c01 10000 100 2707463 1937961 2834753 2353157
0b002501 0b001d01 10000 100 51153 4781225 125604 126119
0b007101 0b001201 10000 100 21381 4839252 100647 101149
0b003601 0b001301 10000 100 1361155 3828362 1409329 1224424
0b005801 0b000701 10000 100 3935 5192339 86006 86501
0b005c01 0b001001 10000 100 181808 5244483 235068 235635
0b007e01 0b004201 10000 100 78322 5525986 148366 148891
0b005901 0b006501 10000 100 6184239 141760 5555739 5268095
0b000201 0b003401 10000 100 26150 5768642 106622 105156
0b001601 0b001d01 10000 100 7509 5835399 47245 47914
0b006801 0b005f01 10000 100 2665993 3703531 2377149 2318368
0b000401 0b005601 10000 100 534532 5596269 548541 531369
0b000f01 0b003701 10000 100 167935 5982176 229342 223999
0b003201 0b006f01 10000 100 128850 6063280 191628 191233
0b003a01 0b001c01 10000 100 14602 6293248 96760 95457
0b005b01 0b000401 10000 100 1001353 5152746 1303474 922759
0b006601 0b005f01 10000 100 31019 6561939 157000 109244
0b002101 0b007a01 10000 100 29347 6673459 107324 107829
0b000001 0b007b01 10000 100 37961 6848841 114519 115028
0b006d01 0b003401 10000 100 74070 6966148 181027 145336
0b002c01 0b002a01 10000 100 4821898 3204567 4196596 4084283
0b005001 0b003001 10000 100 27228 7465916 105552 106057
0b007b01 0b002401 10000 100 62052 7509104 135031 135260
0b005401 0b005801 10000 100 194839 7545892 204215 204959
0b007c01 0b006e01 10000 100 1373689 6552501 1233869 1234912
0b003201 0b006d01 10000 100 410759 7355904 433856 427589
0b006d01 0b002401 10000 100 16177 7816463 149449 96794
0b006601 0b003501 10000 100 732684 6803847 1239702 697494
0b007f01 0b000a01 10000 100 26769 8081971 105147 105652
0b001a01 0b006601 10000 100 1893600 6275141 2114529 1670809
0b000601 0b005801 10000 100 11900 8389800 94601 93180
0b007701 0b002301 10000 100 69290 8562970 199673 141320
0b003901 0b004201 10000 100 4409 8793879 89740 86919
0b006d01 0b006301 10000 100 149902 9011008 263686 167281
0b005801 0b003c01 10000 100 45578 9134310 159181 121428
0b003e01 0b003601 10000 100 25828 9234388 62584 63260
0b006801 0b007701 10000 100 199974 9058812 250285 250859
0b007c01 0b001901 10000 100 1419469 8093382 1290906 1273303
0b000301 0b002b01 10000 100 482991 8901436 487453 488140
0b004b01 0b000901 10000 100 462342 8930107 470755 470852
0b001101 0b003801 10000 100 54897 9382242 128714 129229
0b003501 0b000201 10000 100 14733 9986661 109447 95562
0b002701 0b001d01 10000 100 955731 9086351 1065546 884495
0b002a01 0b005701 10000 100 4472502 6317631 3887497 3832964
0b005a01 0b001501 10000 100 2626938 7457468 2796752 2285627
0b004501 0b004201 10000 100 4475973 6491746 3795517 3794256
0b006601 0b006101 10000 100 9229878 790813 9892898 7779934
0b006501 0b002801 10000 100 9206 10658408 105618 90948
0b000801 0b004901 10000 100 17670 10947434 97526 98027
0b001c01 0b005701 10000 100 20410 11126520 99832 100334
0b006101 0b000f01 10000 100 186642 11140102 245017 239694
0b000a01 0b005e01 10000 100 2283730 9421778 2000511 1997889
0b002b01 0b007401 10000 100 74895 11543263 173393 145996
0b005d01 0b007d01 10000 100 1569121 9005839 2896671 1398784
0b001f01 0b002801 10000 100 1492314 10566311 1341036 1334382
0b006901 0b003a01 10000 100 5731389 3806282 8101313 4888420
0b002d01 0b000901 10000 100 3879 11849285 88963 86456
0b001601 0b002b01 10000 100 56452 11911453 159784 130550
0b007e01 0b002901 10000 100 77144 11876524 241814 147910
0b006d01 0b000501 10000 100 3138724 5042166 7124488 2714716
0b002901 0b007701 10000 100 11582 12071944 159647 92926
0b002e01 0b004b01 10000 100 42223 12365606 118118 118629
0b005301 0b001a01 10000 100 4219597 8719961 3783736 3620925
0b004901 0b004601 10000 100 22177 12626159 59550 60224
0b002401 0b005401 10000 100 5954 12732817 96713 88193
0b003b01 0b003101 10000 100 73164 12784953 102277 102972
0b004001 0b001501 10000 100 8469 12802212 90159 90320
0b007701 0b002001 10000 100 62301 13114197 134941 135460
0b004501 0b002901 10000 100 1340983 11874936 1397788 1207480
0b000901 0b002801 10000 100 260263 12773463 526339 301432
0b006c01 0b006201 10000 100 3687105 10173811 3130762 3132903
0b006901 0b000b01 10000 100 47617 13576093 122987 123136
0b000401 0b007d01 10000 100 3198317 8934621 5007005 2764695
0b007e01 0b002001 10000 100 8155 13868196 92924 90069
0b000c01 0b000201 10000 100 42609 13890658 111573 77338
0b007c01 0b002901 10000 100 5845 13957119 90124 88106
0b001801 0b000201 10000 100 9535333 5807152 8370509 8077648
0b005f01 0b007501 10000 100 4859 14213641 86783 87279
0b006801 0b001901 10000 100 70234 14231217 141591 142113
0b005101 0b000d01 10000 100 8110050 7807735 7157215 6882702
0b003d01 0b001101 10000 100 1067450 14008786 977250 978171
0b002801 0b001a01 10000 100 843367 14154283 931081 790303
0b005401 0b003401 10000 100 5975 15030354 87714 88210
0b003c01 0b004a01 10000 100 75598 15086947 148910 146596
0b007c01 0b006c01 10000 100 21972 15388214 101120 101622
0b006a01 0b003d01 10000 100 9921 15485857 91791 91520
0b007b01 0b004a01 10000 100 52 15762500 80782 83280
0b007e01 0b003c01 10000 100 1682103 13353754 2805966 1493509
0b006801 0b000b01 10000 100 15885 16111171 96358 96522
0b000501 0b003901 10000 100 5326899 9637809 6674895 4549276
0b002d01 0b006101 10000 100 7886666 7346173 8990179 6695393
0b007901 0b002001 10000 100 7064 16346684 91976 89158
0b007101 0b005801 10000 100 32019 16380545 135651 110082
0b004001 0b006e01 10000 100 55834 16562075 135301 130017
0b004601 0b002e01 10000 100 26312 16942603 104782 105286
0b006d01 0b003e01 10000 100 1997053 14983204 2067321 1757565
0b004d01 0b003b01 10000 100 1365387 16152477 1226924 1227964
0b003e01 0b005201 10000 100 170600 16935363 468927 226246
0b006501 0b007401 10000 100 9808 17342147 96370 91430
0b007f01 0b006501 10000 100 3358627 14604145 2897730 2899087
0b001a01 0b005001 10000 100 400628 16886872 716108 419100
0b006401 0b003f01 10000 100 601831 16863512 864817 587781
0b007001 0b006101 10000 100 33349 17708753 110905 111184
0b003b01 0b002601 10000 100 7542 17766820 94192 89540
0b006101 0b001a01 10000 100 28030 17993024 109068 106737
0b007701 0b003101 10000 100 100560 18032714 248586 167526
0b007001 0b002a01 10000 100 18540 18180775 113740 98761
0b004501 0b005d01 10000 100 22596 18241732 123755 102160
0b001901 0b002801 10000 100 33223 18255725 134984 111084
0b007301 0b005501 10000 100 4457673 14013293 4382423 3820525
0b000301 0b006801 10000 100 1918361 14553641 3844446 1691578
0b001201 0b007b01 10000 100 1051456 17757248 965401 964761
0b002201 0b001801 10000 100 28486 18763616 107304 107102
0b005201 0b003c01 10000 100 7473 18817531 94837 89485
0b007901 0b003101 10000 100 954201 17738230 1177532 883232
0b004301 0b003a01 10000 100 43200 18904728 157840 119449
0b000401 0b005901 10000 100 1597395 17324382 1763230 1422479
0b002d01 0b004a01 10000 100 37914 19042722 144752 114990
0b002201 0b001e01 10000 100 5398 19182121 87390 87748
0b002c01 0b000701 10000 100 56911 19174850 191593 130917
0b006401 0b004d01 10000 100 100206 19259291 281022 167243
0b001201 0b001301 10000 100 5938 19537219 45912 46580
0b005501 0b001401 10000 100 2302 19835551 84710 85156
0b006801 0b000f01 10000 100 34539 19772903 197370 112175
0b003201 0b006401 10000 100 69258 19848252 140868 141294
0b004701 0b003601 10000 100 48352 19860031 158652 123763
0b005201 0b000901 10000 100 29428 20103187 109628 107894
0b001101 0b000101 10000 100 2331655 16255192 4032969 2038072
0b002001 0b004c01 10000 100 79311 20214440 275753 149720
0b000001 0b003801 10000 100 97409 20431741 164357 164890
0b002901 0b005401 10000 100 591 20909408 123436 83711
0b006201 0b000501 10000 100 736419 19553574 1631103 700636
0b007601 0b002101 10000 100 84084 21034627 186723 153731
0b007201 0b001401 10000 100 22824 21415836 136924 102342
0b000601 0b002201 10000 100 54149 21661267 131319 128631
0b002e01 0b005e01 10000 100 1645788 20220282 1910584 1463036
0b002701 0b004301 10000 100 40189 22022373 157870 116925
0b004d01 0b000601 10000 100 563375 21507768 701068 555557
0b005b01 0b000c01 10000 100 26227 22105237 128254 105218
0b000901 0b002001 10000 100 5448221 14590199 7928776 4651018
0b006301 0b001f01 10000 100 556430 22084551 549016 549732
0b002101 0b002d01 10000 100 1605108 21426706 1386048 1387356
0b007001 0b001d01 10000 100 16523 22742128 96570 97071
0b001101 0b007701 10000 100 5277289 16393585 6468547 4507706
0b003e01 0b002501 10000 100 7662394 11483586 11483429 6507374
0b001901 0b006a01 10000 100 4530 22998694 87264 87016
0b006d01 0b001801 10000 100 27949 22987270 106129 106634
0b001c01 0b006101 10000 100 187522 22826937 328314 240436
0b007701 0b006801 10000 100 267519 22545061 612701 307506
0b005b01 0b004201 10000 100 1104865 20294699 3119475 1009524
0b005f01 0b003a01 10000 100 5062033 17607442 5863114 4327245
0b002d01 0b007601 10000 100 42696 23365206 118497 119008
0b003201 0b003f01 10000 100 76245 23739379 104856 105552
0b007d01 0b000801 10000 100 2486646 19826714 4097463 2168017
0b002901 0b007801 10000 100 57429 23959483 184043 131370
0b007f01 0b004801 10000 100 503395 23666994 504574 505269
0b003901 0b004001 10000 100 10664613 14424658 9913103 9024426
0b000301 0b001901 10000 100 30139 24316071 107995 108501
0b002601 0b002301 10000 100 23818963 4536483 20145364 20011420
0b002a01 0b001e01 10000 100 76315 24572855 171376 147208
0b007701 0b004d01 10000 100 4928481 18563286 6575096 4215258
0b007e01 0b006b01 10000 100 252603 24998702 636888 294997
0b005601 0b001501 10000 100 1226700 24487854 1188982 1111676
0b002001 0b007301 10000 100 2769449 23369398 2520726 2405127
0b001f01 0b007d01 10000 100 5525 25967284 87450 87850
0b005a01 0b002d01 10000 100 34882 26010559 114035 112449
0b000b01 0b006d01 10000 100 554035 25202013 943441 547740
0b005c01 0b002f01 10000 100 980 26109662 84045 84022
0b000a01 0b005801 10000 100 33159 26124137 110525 111032
0b001001 0b004e01 10000 100 9746465 12400319 14021752 8254656
0b002001 0b004201 10000 100 13972 26337640 94777 94915
0b002d01 0b003c01 10000 100 1965269 24738618 1731309 1730909
0b007c01 0b006601 10000 100 14788 26427778 95191 95606
0b002901 0b000a01 10000 100 683714 26360329 673141 656436
0b003601 0b005601 10000 100 6794675 21240553 5892116 5779868
0b001701 0b001c01 10000 100 3914355 23829359 3321188 3323420
0b003501 0b002801 10000 100 3552411 20849479 6537516 3061564
0b005201 0b003201 10000 100 62308 27289368 134946 135465
0b006301 0b006a01 10000 100 29629 27833490 73698 66455
0b004001 0b001301 10000 100 4756247 21326904 6749338 4070866
0b001701 0b001201 10000 100 53878 28382606 86088 86776
0b005501 0b007201 10000 100 3947955 21743568 6757670 3393167
0b004401 0b006b01 10000 100 15133082 11975850 16578732 12770811
0b000901 0b004b01 10000 100 7477946 16207587 12388915 6352712
0b001001 0b003901 10000 100 48190 28528202 125404 123633
0b003201 0b006b01 10000 100 327205 28177615 538035 357559
0b000101 0b005601 10000 100 189426 28565898 252594 242036
0b002b01 0b005601 10000 100 73980 28712519 156842 145225
0b000301 0b002501 10000 100 564299 28129443 957222 556335
0b003901 0b000b01 10000 100 3989051 25361250 3794921 3427656
0b003601 0b003b01 10000 100 23258 29236845 60452 61128
0b003501 0b001301 10000 100 2966537 24140902 5332196 2570362
0b006301 0b001601 10000 100 3753444 23031496 6446843 3230108
0b007501 0b005901 10000 100 41010 29485902 117112 117620
0b005601 0b006201 10000 100 5797 29735283 88313 88068
0b000201 0b002e01 10000 100 805096 28958539 875085 758227
0b005c01 0b006901 10000 100 1288464 28726196 1162459 1163468
0b006801 0b005401 10000 100 1938700 28192456 1762468 1708617
0b005b01 0b002901 10000 100 8651363 13848622 16121319 7336527
0b004401 0b005b01 10000 100 4685 29890961 86788 87140
0b004201 0b007f01 10000 100 59750 29932071 132786 133304
0b003601 0b005501 10000 100 1112482 29319846 1015274 1015924
0b002201 0b005701 10000 100 102151 30277725 168591 168876
0b006001 0b004a01 10000 100 56654 30353538 130439 130712
0b005901 0b004301 10000 100 64333 30618487 136642 137162
0b005401 0b007301 10000 100 18749 30802172 98427 98928
0b006901 0b007a01 10000 100 39753 30826715 144302 116538
0b002e01 0b005e01 10001 100 41486 31002263 118163 118001
0b005d01 0b003f01 10000 100 25199 31177498 103853 104357
0b001501 0b002601 10000 100 1177 31228311 84060 84218
0b003b01 0b000f01 10000 100 2359 31334868 85483 85202
0b005c01 0b007001 10000 100 550048 30947328 552034 544396
0b001901 0b000301 10000 100 23060 31564309 102619 102569
0b001401 0b003001 10000 100 28113 31585186 106298 106804
0b000801 0b002101 10000 100 6093 31671102 91464 88343
0b000b01 0b003b01 10000 100 44852 31702498 120298 120809
0b000001 0b007a01 10000 100 3871017 26340629 5499988 3328698
0b002c01 0b007101 10000 100 2740488 27452390 4463504 2380844
0b000801 0b002901 10000 100 29756 32045501 107651 108156
0b004201 0b001601 10000 100 51499 32455764 187266 126396
0b000501 0b002c01 10000 100 1832570 29467306 3308838 1619643
0b001d01 0b005401 10000 100 13288 32856031 106465 94368
0b007401 0b006401 10000 100 212345 32764929 356708 261255
0b001301 0b007b01 10000 100 56543 33290066 132746 130623
0b007601 0b002301 10000 100 2919380 30968687 2530188 2530832
0b001001 0b004e01 10001 100 1568470 32059976 1558319 1398225
0b006501 0b006101 10000 100 57722 33571583 137089 90004
0b005201 0b002001 10000 100 63825 33718335 136198 136717
0b005a01 0b004a01 10000 100 7229 33872406 94367 89290
0b001e01 0b003c01 10000 100 3994931 30544673 3430605 3432552
0b003301 0b003201 10000 100 2936982 31610401 2502126 2503966
0b006501 0b002a01 10000 100 7547 34031907 104431 89544
0b002901 0b005801 10000 100 59913 34087670 133108 133434
0b000b01 0b006b01 10000 100 27681 34194737 107163 106420
0b006c01 0b002501 10000 100 24381 34231230 123615 103664
0b001701 0b000601 10000 100 6006 34357178 87782 88273
0b005701 0b003301 10000 100 113867 34297629 178132 178671
0b002f01 0b002a01 10000 100 22167496 15958683 18682385 18626848
0b005401 0b005901 10000 100 29050 34867399 65314 65992
0b003401 0b005b01 10000 100 998378 34190804 919370 920264
0b007d01 0b002c01 10000 100 7722479 20669010 14444190 6557746
0b003101 0b002701 10000 100 13635 35023219 94146 94645
0b004901 0b007a01 10000 100 4734080 27706474 7510096 4052288
0b006701 0b001601 10000 100 15708 35186338 95880 96380
0b006801 0b006001 10000 100 3088643 32673436 2629230 2631132
0b005a01 0b005c01 10000 100 4800753 31240218 4125107 4066560
0b006d01 0b003a01 10000 100 1084624 34322950 1044081 992563
0b004b01 0b000001 10000 100 9773835 25000438 10856113 8277589
0b001e01 0b004a01 10000 100 9216 35938412 90459 90956
0b003801 0b003501 10000 100 40204 36442968 74655 75337
0b005d01 0b007901 10000 100 9777 36875338 98671 91405
0b004101 0b003401 10000 100 9785 37013234 90914 91412
0b004701 0b007001 10000 100 77827 37223052 147932 148456
0b007501 0b001501 10000 100 1218 37329204 83756 84251
0b000801 0b004701 10000 100 48221 37524927 162969 123658
0b007601 0b002601 10000 100 6939 37711939 88523 89020
0b005101 0b007101 10000 100 73641 37605703 205469 144954
0b002c01 0b007101 10001 100 1435579 36981257 1579207 1286805
0b000201 0b000601 10000 100 20792 38955239 58366 59040
0b001701 0b001301 10000 100 26300 38985256 63000 63676
0b004f01 0b001401 10000 100 1981949 37287076 1994040 1744868
0b006d01 0b005b01 10000 100 29839 39235155 107717 108223
0b005701 0b004a01 10000 100 9033 39420128 90312 90810
0b006501 0b000901 10000 100 43819 39388640 155063 119944
0b003f01 0b007901 10000 100 9574160 31595197 8166166 8110208
0b000801 0b000701 10000 100 6756561 34538733 5743388 5706317
0b004201 0b002901 10000 100 65846 40512325 137891 138411
0b006f01 0b002601 10000 100 167831 40601106 223355 223916
0b007401 0b003101 10000 100 5680204 35960864 4915067 4845513
0b003a01 0b004701 10000 100 6130 41175707 88281 88372
0b007a01 0b003a01 10000 100 8129 41337177 89551 90048
0b001f01 0b003001 10000 100 76284 41381072 241355 147184
0b000101 0b000601 10000 100 3223 41652619 43664 44332
0b002101 0b006101 10000 100 719598 41225343 693780 686526
0b006d01 0b002701 10000 100 1109802 40900036 1074157 1013665
0b007b01 0b002601 10000 100 31268 42033078 108936 109443
0b002901 0b006101 10000 100 314144 42357979 361015 346611
0b001d01 0b005501 10000 100 132196 42665288 193517 194064
0b001f01 0b005f01 10000 100 4853 42950317 89905 87274
0b005b01 0b005901 10000 100 40673 43052826 75030 75712
0b000601 0b005d01 10000 100 1895 43372504 84298 84792
0b006701 0b003601 10000 100 1809874 40784183 2791085 1600603
0b006f01 0b002001 10000 100 1378169 43213976 1237643 1238688
0b003501 0b003601 10000 100 1793685 40780974 3805531 1545437
0b006501 0b002501 10000 100 20074946 23559675 21118008 16914036
0b007701 0b004901 10000 100 12258 44607155 93006 93505
0b004401 0b002d01 10000 100 355643 45312171 380748 381384
0b005c01 0b001701 10000 100 79114 46105923 149037 149563
0b005301 0b002501 10000 100 844 46327512 83044 83913
0b001f01 0b003e01 10000 100 10835118 37714179 9494741 9167396
0b007501 0b001601 10000 100 3822916 44721871 3286313 3288336
