0b005601 0b001501 10000 100 7180 49343 88754 89251
0b003c01 0b000b01 10000 100 61024 13641 133881 134400
0b003b01 0b007601 10000 100 11673 50739 102943 92999
0b002f01 0b007601 10000 100 66690 41436 151713 139124
0b001701 0b000701 10000 100 49702 75100 164509 124881
0b006401 0b005301 10000 100 4918 364393 87617 87326
0b003c01 0b005701 10000 100 30437 529112 108234 108740
0b004801 0b003201 10000 100 21304 611195 100585 101088
0b001601 0b007701 10000 100 22592 938594 102005 102156
0b002d01 0b004f01 10000 100 7293 1119946 88844 89341
0b003a01 0b005a01 10000 100 7090 1152854 94765 89179
0b000b01 0b005a01 10000 100 860710 423322 836190 804830
0b004d01 0b007f01 10000 100 28303 1217248 106450 106956
0b006801 0b000501 10000 100 3712 1288973 90116 86323
0b007a01 0b004001 10000 100 868779 75300 1391707 811592
0b003001 0b007e01 10000 100 15110 869157 677872 95902
0b005f01 0b006d01 10000 100 1643731 72254 1620183 1461314
0b000501 0b003a01 10000 100 819026 955835 774079 769908
0b004d01 0b001301 10000 100 49301 1872884 124047 124560
0b007601 0b003201 10000 100 59099 2015936 132265 132783
0b005701 0b002001 10000 100 2361 2229527 84709 85204
0b003701 0b001501 10000 100 54373 2202467 133556 128810
0b004501 0b006f01 10000 100 50080 2239384 124708 125222
0b001b01 0b003801 10000 100 128010 2230587 190042 190561
0b000001 0b000101 10000 100 31515 2412993 67362 68040
0b006101 0b001701 10000 100 1046690 1578238 1021822 960756
0b002201 0b004f01 10000 100 6016 2523656 88067 88281
0b006001 0b006c01 10000 100 74140 2577140 103096 103792
0b007401 0b000d01 10000 100 2049621 45925 2640062 1801616
0b005801 0b006501 10000 100 461463 2228943 480826 470111
0b006501 0b006301 10000 100 1743 2670550 42404 43071
0b007d01 0b007901 10000 100 76904 2634970 105383 106080
0b000501 0b003a01 10001 100 93720 2564308 179908 161785
0b007601 0b004001 10000 100 72462 2570547 203491 143972
0b005d01 0b000101 10000 100 58974 2676340 132265 132644
0b006501 0b004c01 10000 100 2458 2756249 84834 85281
0b005d01 0b006601 10000 100 134989 2759699 199794 196375
0b007b01 0b006701 10000 100 2394 2878269 86139 85230
0b004901 0b000e01 10000 100 54823 2814324 173916 129170
0b007501 0b001201 10000 100 4858 2837223 151431 87278
0b003601 0b005901 10000 100 8979 2993919 93616 90728
0b007401 0b007b01 10000 100 1556816 945831 2163388 1346841
0b004c01 0b000601 10000 100 26438 3032822 104882 105387
0b007901 0b003a01 10000 100 325517 2772847 430324 356132
0b001b01 0b005001 10000 100 78561 3062186 207882 149082
0b000701 0b003101 10000 100 8919 3245465 90423 90680
0b003b01 0b000201 10000 100 30327 3413616 117883 108652
0b002f01 0b004d01 10000 100 1810461 1977426 1599893 1601111
0b007101 0b000c01 10000 100 30106 3452390 158031 108475
0b003501 0b005a01 10000 100 6425 3642720 88112 88608
0b003601 0b003101 10000 100 35009 3635792 97170 70989
0b003c01 0b007101 10000 100 14445 3643413 114640 95332
0b006c01 0b001701 10000 100 65986 3624502 138771 138523
0b005601 0b006301 10000 100 3003 3765788 85268 85756
0b004a01 0b004201 10000 100 76852 3755407 107653 106038
0b000c01 0b003a01 10000 100 728701 3192527 707148 694154
0b004f01 0b001001 10000 100 156449 3796947 216567 214388
0b005001 0b006301 10000 100 8273 3779484 238258 90164
0b005b01 0b000801 10000 100 16444 3921659 111765 97008
0b004201 0b007c01 10000 100 1165398 2127029 2095433 1060292
0b006901 0b007c01 10000 100 1333093 1852061 2372381 1200900
0b002001 0b006501 10000 100 36469 4252696 114112 113796
0b003301 0b006901 10000 100 50251 4227597 162067 125359
0b007d01 0b002e01 10000 100 77590 4235946 180325 148267
0b003701 0b002a01 10000 100 3952 4334896 87531 86515
0b006501 0b002601 10000 100 365314 3817881 681835 389505
0b003601 0b007301 10000 100 1028 4417549 83746 84099
0b007001 0b000301 10000 100 76215 4404889 146604 147128
0b000701 0b005d01 10000 100 62459 4435175 139209 135586
0b002101 0b001d01 10000 100 1176 4504629 83939 84217
0b002a01 0b002001 10000 100 44738 4586295 79154 79118
0b003601 0b004401 10000 100 1106425 3637957 1038826 1010848
0b006d01 0b005201 10000 100 1507990 1751947 3064386 1347499
0b005701 0b000401 10000 100 927623 3799325 1033456 860933
0b005101 0b005b01 10000 100 5594945 230714 4730316 4732404
0b007701 0b003f01 10000 100 10939 4923285 96065 92373
0b006f01 0b007201 10000 100 2808 4840158 190635 85561
0b007f01 0b004d01 10000 100 36852 5018533 116641 114102
0b002f01 0b007801 10000 100 38638 5058167 116826 115608
0b001701 0b000501 10000 100 1128207 2806782 2394247 1029119
0b005301 0b005201 10000 100 58011 5142719 89586 90274
0b005601 0b006301 10001 100 28875 5134417 127336 107413
0b004a01 0b001101 10000 100 2291 5178853 85034 85148
0b007801 0b006d01 10000 100 26160 5189568 121569 105164
0b007501 0b007001 10000 100 1737 5786243 42922 43066
0b002401 0b001501 10000 100 257818 5572507 298796 299361
0b001701 0b005801 10000 100 51337 5927785 125752 126266
0b000001 0b002301 10000 100 10372 6014557 98923 91920
0b006b01 0b003301 10000 100 5589 6051615 89129 87901
0b000301 0b002901 10000 100 5028 6050987 92918 87452
0b003001 0b001501 10000 100 73278 6028111 144639 144664
0b001101 0b006701 10000 100 71101 5968529 205512 142845
0b007f01 0b005901 10000 100 21190 6086025 101320 100996
0b005901 0b005801 10000 100 65672 6100893 97036 96672
0b004001 0b002201 10000 100 1542289 4841060 1379421 1376282
0b005701 0b006601 10000 100 582938 4529282 1712110 571937
0b000e01 0b006601 10000 100 401215 5418390 850264 419608
0b004101 0b005e01 10000 100 48929 6192670 141375 124224
0b001001 0b000b01 10000 100 4599728 585310 5831237 3939622
0b003d01 0b003501 10000 100 17057 6382707 55264 55936
0b007a01 0b000201 10000 100 76289 6326689 151631 147188
0b004901 0b004201 10000 100 756382 5829969 674806 675774
0b005d01 0b004801 10000 100 612 6436484 82304 83728
0b000201 0b003d01 10000 100 10075 6571386 99427 91682
0b006901 0b002301 10000 100 65063 6722389 148468 137784
0b001a01 0b006301 10000 100 6879 6812262 94116 88972
0b006a01 0b006b01 10000 100 44076 6882576 77905 78588
0b001401 0b002001 10000 100 77711 6899415 151439 148364
0b003001 0b001001 10000 100 36836 6936417 136457 114089
0b006301 0b007301 10000 100 162416 6897084 308684 219392
0b007d01 0b001f01 10000 100 52700 7017847 197249 127395
0b001e01 0b006101 10000 100 23247 7118397 121970 102719
0b007901 0b004401 10000 100 71770 7177485 174394 143380
0b006101 0b002e01 10000 100 187396 6974310 423112 240336
0b007c01 0b004101 10000 100 8083 7320616 264441 90012
0b006701 0b002601 10000 100 2145594 4135153 3516627 1882081
0b007c01 0b006701 10000 100 6130381 222312 7510027 5222935
0b003301 0b001a01 10000 100 67422 7742419 139228 139748
0b002501 0b007b01 10000 100 78728 7715887 202942 149216
0b000001 0b003d01 10000 100 33516 7841121 110811 111318
0b002101 0b002701 10000 100 78949 7979756 111642 107792
0b002f01 0b007e01 10000 100 30348 8082315 120661 108668
0b007701 0b003b01 10000 100 67858 8145537 234659 140097
0b001f01 0b007501 10000 100 6203770 1769149 6615045 5284449
0b007801 0b003f01 10000 100 424949 7136361 1264718 439479
0b005f01 0b000501 10000 100 4403144 1581290 6847938 3774828
0b005a01 0b005f01 10000 100 472439 8137134 459695 437714
0b002801 0b004b01 10000 100 19627 8519156 110900 99669
0b003f01 0b005f01 10000 100 56902 8506028 156140 130910
0b001401 0b001701 10000 100 1966890 7157436 1734456 1690644
0b005401 0b000d01 10000 100 4132186 2921140 6008349 3547656
0b000a01 0b004e01 10000 100 513894 7931231 1131917 514052
0b004401 0b000401 10000 100 9122 9024761 100457 90881
0b004501 0b003801 10000 100 68933 9010416 140474 140996
0b004801 0b000f01 10000 100 12844 9071266 108253 93974
0b002701 0b007a01 10000 100 1986823 6208874 3029954 1748959
0b005201 0b004701 10000 100 92930 9067855 201115 161115
0b004201 0b004801 10000 100 742043 8635145 663426 663765
0b007501 0b002f01 10000 100 180774 9311207 245781 234769
0b005701 0b007c01 10000 100 1741382 7778844 1801414 1543198
0b000701 0b005e01 10000 100 1150761 6013848 3592189 1048007
0b001d01 0b006101 10000 100 177581 9227938 423801 232100
0b007201 0b000f01 10000 100 7093587 2817182 6837241 6030479
0b002601 0b003a01 10000 100 61269 9661574 134451 134596
0b002f01 0b007f01 10000 100 6847 9748842 93234 88946
0b007801 0b003001 10000 100 48513 9778658 135058 123892
0b007101 0b007c01 10000 100 2009 9886884 46433 43322
0b007801 0b000801 10000 100 421609 8844408 1105390 436692
0b004a01 0b006201 10000 100 880178 8782733 1187678 821172
0b005201 0b004101 10000 100 6249 9914865 89588 88468
0b006e01 0b000201 10000 100 31966 9883639 189354 110001
0b005e01 0b005b01 10000 100 72426 9953134 130141 102344
0b001f01 0b004501 10000 100 7586 10024138 89732 89576
0b006d01 0b004601 10000 100 58017 9969275 207714 131879
0b006b01 0b001101 10000 100 79727 9954239 239752 150053
0b006801 0b000201 10000 100 39083 10073281 140592 116002
0b007c01 0b004001 10000 100 3370 10209916 87903 86049
0b005901 0b006e01 10000 100 30154 10184651 118949 108513
0b007d01 0b002d01 10000 100 24234 10205241 106507 103547
0b004501 0b004b01 10000 100 666350 9133397 1183733 600292
0b005f01 0b007d01 10000 100 35570 10409907 141269 113038
0b000301 0b001f01 10000 100 73158 10388334 208022 144568
0b006d01 0b002e01 10000 100 4532029 3414447 7187088 3882890
0b004b01 0b006201 10000 100 703289 9124810 1647522 672864
0b007301 0b004201 10000 100 24760 10750804 111503 103968
0b004601 0b006c01 10000 100 6841 10737320 264455 88941
0b000101 0b007201 10000 100 1321281 7297368 3725589 1190989
0b003c01 0b007301 10000 100 2371791 6241549 4781581 2071717
0b000d01 0b001901 10000 100 70904 10781494 245781 142649
0b007101 0b000a01 10000 100 4764641 2910579 8117701 4077888
0b007001 0b003001 10000 100 884263 7771311 3265159 824594
0b006301 0b007101 10000 100 12778 10948881 107120 93921
0b007501 0b001501 10000 100 2145494 6502241 4603399 1882001
0b001e01 0b001c01 10000 100 25670 11076006 62458 63134
0b005f01 0b000401 10000 100 4037170 4352161 6995535 3467995
0b003101 0b005c01 10000 100 89092 11210247 157410 157929
0b000301 0b002a01 10000 100 4631366 5159219 6224905 3966161
0b000101 0b001d01 10000 100 75675 11206127 183651 146658
0b000201 0b000c01 10000 100 1533050 9007608 2408825 1326945
0b004401 0b007301 10000 100 48327 11321092 139831 123743
0b005e01 0b003601 10000 100 18896 11393767 99561 99046
0b007f01 0b001401 10000 100 2250 11502025 85541 85115
0b001901 0b005601 10000 100 6669 11502517 92123 88804
0b007901 0b006d01 10000 100 431209 10539485 1092451 444756
0b005901 0b005d01 10000 100 33320 11657537 68882 69561
0b001b01 0b003c01 10000 100 74835 11643718 243104 145948
0b003901 0b004801 10000 100 72581 11774597 146860 144068
0b000101 0b003d01 10000 100 346565 11516415 441095 373776
0b006a01 0b004c01 10000 100 16657 11862502 111142 97178
0b004101 0b006f01 10000 100 1904001 8218592 3792990 1679552
0b001401 0b006801 10000 100 15949 12093982 107976 96573
0b000f01 0b005201 10000 100 110346 11948607 265454 175739
0b006401 0b001601 10000 100 7046726 2857303 9396273 5991185
0b007301 0b004c01 10000 100 77518 12282989 213943 148209
0b002501 0b000201 10000 100 163392 12261215 300042 220211
0b006a01 0b007901 10000 100 1844055 7930412 4665226 1629292
0b002d01 0b002301 10000 100 1911 12606994 42539 43205
0b007b01 0b007901 10000 100 2303153 8160360 4553342 1972596
0b003a01 0b007f01 10000 100 1162 12677474 83712 84206
0b004e01 0b004b01 10000 100 25565 12670352 95108 63050
0b007f01 0b001401 10001 100 17248 12686726 103304 97689
0b004d01 0b005c01 10000 100 339908 11907703 890418 368182
0b003201 0b002201 10000 100 34707 12674330 135424 112309
0b006a01 0b001301 10000 100 38398 12583856 232865 115416
0b005701 0b004a01 10000 100 2871189 10198795 2626196 2490436
0b003101 0b003201 10000 100 54106 12830886 86309 86996
0b001c01 0b002e01 10000 100 16033 12981519 98216 96679
0b003b01 0b001701 10000 100 148045 12894653 208964 207357
0b000c01 0b006c01 10000 100 59772 12843032 267355 133321
0b002e01 0b005801 10000 100 923159 11004784 2135255 857208
0b002201 0b002801 10000 100 194784 12731433 477278 204915
0b002f01 0b007001 10000 100 10394 13163329 97058 91937
0b003901 0b007201 10000 100 36940 13159754 116657 114172
0b006e01 0b000601 10000 100 1305900 10974726 2432570 1178070
0b006101 0b007901 10000 100 1298942 9634209 3774928 1172235
0b002e01 0b007c01 10000 100 1850256 11007701 2405080 1634483
0b000401 0b006d01 10001 100 8184 13357495 97893 90092
0b000a01 0b006e01 10000 100 2849080 10268135 3235842 2471904
0b006c01 0b007601 10000 100 38521 13388605 167497 115514
0b007101 0b004c01 10000 100 8332 13475565 100961 90211
0b002801 0b001601 10000 100 897950 10653929 2975531 836043
0b000101 0b006801 10000 100 30961 13516761 199159 109159
0b003301 0b002f01 10000 100 193109 13492131 258577 245136
0b000701 0b004a01 10000 100 1850 13666259 86347 84756
0b001901 0b001601 10000 100 2806522 9062923 4830720 2394606
0b004701 0b005b01 10000 100 2503 13888858 86429 85317
0b001201 0b003c01 10000 100 519999 13460496 560828 519167
0b001c01 0b004901 10000 100 11883 13950407 117398 93167
0b005e01 0b004001 10000 100 54470 13944277 170596 128888
0b005601 0b002f01 10000 100 25836 14100844 125690 104867
0b005f01 0b007001 10000 100 58708 14124770 135130 132432
0b003301 0b002601 10000 100 38320 14162786 116353 115353
0b002f01 0b005f01 10000 100 44603 14239977 122885 120610
0b001901 0b003c01 10000 100 67469 14163761 202945 139786
0b006001 0b007a01 10000 100 23624 14313026 115258 103020
0b005801 0b006401 10000 100 1751245 11126348 3322361 1551472
0b004a01 0b002f01 10000 100 829276 13652299 853953 778492
0b000c01 0b000201 10000 100 22934 14489888 60980 60830
0b001e01 0b001101 10000 100 77706 14511038 127877 106760
0b007b01 0b000101 10000 100 888656 13644984 1025111 828262
0b005501 0b004101 10000 100 20885 14403592 325829 100714
0b006c01 0b007201 10000 100 38942 14517333 248105 115851
0b003c01 0b001101 10000 100 1673625 10111575 4748750 1486381
0b006601 0b002001 10000 100 3016997 8979769 6049669 2612650
0b007c01 0b005b01 10000 100 2037 15045279 86149 84944
0b007201 0b006d01 10000 100 3745545 7183339 7969479 3223482
0b006f01 0b004f01 10000 100 10298 15055652 101524 91860
0b001d01 0b004e01 10000 100 14066 15063027 105722 95028
0b002801 0b003901 10000 100 61688 15012831 179309 134931
0b002501 0b005701 10000 100 342749 14225972 1000609 370570
0b006e01 0b005001 10000 100 62701 15264229 135261 135780
0b003c01 0b003901 10000 100 7500489 3389845 12020548 6330029
0b004f01 0b001c01 10000 100 69342 15331495 160114 141361
0b003601 0b006601 10000 100 79631 15478937 160214 149976
0b005c01 0b000c01 10000 100 5992 15557268 97436 88224
0b005701 0b004d01 10000 100 21371 15523623 132319 101141
0b007701 0b002801 10000 100 79309 15511767 151689 149719
0b000601 0b007801 10000 100 22312 15585850 124174 101932
0b000701 0b001901 10000 100 4844717 5807192 9940891 4145021
0b004001 0b004401 10000 100 42022 15697006 146176 76868
0b006d01 0b005801 10000 100 53387 15723435 184285 127983
0b006101 0b000b01 10000 100 34248 15855492 145470 111942
0b003501 0b001201 10000 100 23447 15873745 154017 102879
0b006601 0b003e01 10000 100 3141267 7113520 8922967 2716866
0b003a01 0b001201 10000 100 47757 16046337 153303 123248
0b006701 0b001d01 10000 100 4801403 4362989 11907463 4108719
0b002301 0b005101 10000 100 51255 16125334 189618 126200
0b001c01 0b001b01 10000 100 540156 15883323 493617 494499
0b002201 0b006a01 10000 100 1894607 12708090 3718176 1671653
0b004301 0b006101 10000 100 1070652 12865942 3671008 980848
0b000301 0b001b01 10000 100 1044 16486652 83617 84112
0b000b01 0b000901 10000 100 2121588 14793599 1880933 1820355
0b002b01 0b001801 10000 100 3110039 10384104 6296258 2690693
0b004601 0b006001 10000 100 2691 16656303 86032 85468
0b000701 0b003e01 10000 100 58367 16573452 182793 132159
0b000901 0b001101 10000 100 58831 16662565 164813 132530
0b007101 0b007601 10000 100 1501519 14440497 2405966 1300492
0b002b01 0b004401 10000 100 954509 13538501 3319491 883479
0b000d01 0b003901 10000 100 4180698 6101970 10922549 3588308
0b000201 0b006c01 10000 100 577136 15522013 1533573 567104
0b002e01 0b002d01 10000 100 2603794 14840752 2222921 2224628
0b004001 0b000001 10000 100 8609 16936784 143331 90432
0b004101 0b001501 10000 100 2911476 11960354 5241397 2524201
0b000201 0b006401 10000 100 6316379 6413700 10790942 5378876
0b005701 0b003501 10000 100 2270710 14388725 2892240 1986974
0b002801 0b002601 10000 100 60499 17232984 93924 92341
0b007201 0b007401 10000 100 12290 17294923 61283 51931
0b007c01 0b000e01 10000 100 2535 17298501 86147 85343
0b000f01 0b003b01 10000 100 65227 17207999 197794 137916
0b001801 0b002801 10000 100 67366 17299681 165780 139704
0b004801 0b007f01 10000 100 30857 17353560 123354 109076
0b003c01 0b000c01 10000 100 44054 17301800 201279 120171
0b003901 0b002a01 10000 100 17013 17423907 106522 97501
0b004c01 0b007d01 10000 100 31919 17400125 161185 109964
0b005d01 0b003f01 10000 100 7685 17498353 95106 89655
0b004e01 0b006601 10000 100 4416153 3910179 13778540 3785735
0b004b01 0b005901 10000 100 7758 17636980 94496 89713
0b004401 0b006501 10000 100 1431 17680190 83927 84421
0b003c01 0b000001 10000 100 4960238 9280971 8549936 4241892
0b000501 0b001201 10000 100 1706034 14850910 3000245 1513576
0b005101 0b003f01 10000 100 20855 17722138 146873 100690
0b002c01 0b002201 10000 100 84312 17806529 114926 112313
0b000201 0b001001 10000 100 8835 17859846 93142 90613
0b002601 0b002801 10000 100 6195 18010185 51446 46824
0b001901 0b007401 10000 100 914689 17263708 884313 850087
0b004201 0b003601 10000 100 73362 18050428 177724 144731
0b005b01 0b003901 10000 100 4021 18182028 102820 86608
0b007a01 0b004201 10000 100 27978 17988943 353607 106657
0b004b01 0b003801 10000 100 12462 18247926 98749 93668
0b000c01 0b002601 10000 100 31961 18256575 204715 109997
0b004201 0b004801 10001 100 9094 18408662 53213 49259
0b002701 0b001401 10000 100 8279171 4294402 14192237 7024488
0b007f01 0b006101 10000 100 26150 18523422 124475 105156
0b002901 0b007001 10000 100 1601740 16757162 1911228 1426108
0b005d01 0b006e01 10000 100 1795785 16909141 1817525 1588794
0b005401 0b005101 10000 100 6310490 13397058 5482375 5332334
0b000501 0b004201 10000 100 409030 18058956 830321 426168
0b003201 0b006901 10000 100 50954 18796143 127234 125921
0b001e01 0b002f01 10000 100 6237 18995973 93627 88458
0b000f01 0b000501 10000 100 3043336 16299331 2802159 2593158
0b003801 0b005a01 10000 100 2632213 9512774 9724621 2290077
0b006101 0b006601 10000 100 24744 19218709 65079 62355
0b004501 0b006101 10000 100 21376 19127576 157016 101145
0b001f01 0b004501 10001 100 1048843 17423853 1927666 962556
0b006401 0b006d01 10000 100 837222 18081845 1294358 743556
0b007f01 0b005601 10000 100 83405 19254038 166868 153149
0b001701 0b005c01 10000 100 71178 19271541 176624 142907
0b000001 0b005201 10000 100 8183 19374937 102995 90092
0b003001 0b004d01 10000 100 28906 19409640 122882 107438
0b006801 0b004d01 10000 100 4430943 12294659 7257884 3798104
0b004001 0b001101 10000 100 45614 19383941 197305 121457
0b005801 0b004601 10000 100 1167727 17108724 2549115 1062232
0b004c01 0b000901 10000 100 29870 19591155 132916 108248
0b002401 0b005b01 10000 100 2188191 14950472 4859411 1917810
0b004801 0b001701 10000 100 23000 19736360 111198 102483
0b000501 0b001d01 10000 100 21178 19765773 101018 100987
0b004001 0b001901 10000 100 7018253 7314532 12572272 5967332
0b003001 0b003d01 10000 100 1088207 18054738 1840875 953983
0b001c01 0b000401 10000 100 42161 19878576 127654 118580
0b005d01 0b000a01 10000 100 323146 19617244 405535 354158
0b004001 0b004b01 10000 100 7788306 7091507 12935414 6571342
0b005201 0b003801 10000 100 62495 20001462 136778 135615
0b004f01 0b002901 10000 100 258 20124682 81207 83444
0b006001 0b003201 10000 100 831241 18591317 1629819 780141
0b007401 0b003a01 10000 100 77809 20052427 185730 148442
0b000001 0b000f01 10000 100 1785574 16306912 3960748 1538641
0b006201 0b003b01 10000 100 47256 20129418 142434 122848
0b006e01 0b007601 10000 100 33028 20118753 166497 110928
0b000801 0b003101 10000 100 10725 20297983 171598 92202
0b005201 0b000901 10000 100 26588 20354808 124498 105507
0b004801 0b001f01 10000 100 35319 20360521 158772 112837
0b006b01 0b006f01 10000 100 8209390 13603108 6920954 6924376
0b003101 0b003d01 10000 100 1516464 18191163 2343419 1313024
0b001f01 0b003e01 10000 100 114053 20257482 319460 178858
0b001901 0b006801 10000 100 74494 20440101 189816 145675
0b007801 0b001a01 10000 100 2024951 18652014 2036331 1780920
0b007c01 0b004801 10000 100 61038 20515872 186627 134411
0b005d01 0b006e01 10001 100 29972 20561343 247851 108329
0b005101 0b006301 10000 100 10336 20674267 209199 91891
0b003d01 0b004101 10000 100 4723 20796345 89089 87170
0b000e01 0b007901 10000 100 19166 20830767 119340 99300
0b001201 0b004601 10000 100 1621862 18232237 2721270 1442974
0b004601 0b000201 10000 100 625223 20080444 908430 607416
0b005501 0b007601 10000 100 92829 20855278 162567 161034
0b004501 0b000c01 10000 100 452666 19830385 1219114 462728
0b006e01 0b003701 10000 100 2289890 17292269 3833481 2003048
0b003c01 0b004201 10000 100 10789 21040712 92506 92253
0b003b01 0b000c01 10000 100 12858 21118879 103471 93985
0b004201 0b002e01 10000 100 1186914 18687606 2593606 1078312
0b002601 0b007101 10000 100 7457864 10500451 10786539 6335878
0b007f01 0b000701 10000 100 21771 21186953 133325 101461
0b000f01 0b007901 10000 100 4177 21205445 141727 86733
0b003201 0b001001 10000 100 62259 21190684 186025 135426
0b003201 0b001801 10000 100 910981 20308963 1187363 846967
0b001901 0b005801 10000 100 17297 21443142 108097 97728
0b003e01 0b005201 10000 100 38183 21465748 116519 115244
0b000c01 0b004601 10000 100 2546 21593133 88082 85352
0b005e01 0b007901 10000 100 6462 21728061 102775 88638
0b006b01 0b000901 10000 100 46826 21677762 154925 122465
0b003701 0b001401 10000 100 68624 21778416 141166 140748
0b002b01 0b006301 10000 100 1760 21905765 86496 84684
0b006801 0b005101 10000 100 5105 21963615 92096 87514
0b001a01 0b003901 10000 100 685531 21086510 1063784 657967
0b006801 0b001701 10000 100 78026 21965727 191122 148654
0b006701 0b006401 10000 100 62851 22145511 95415 94300
0b001601 0b005101 10000 100 26511 22244415 105787 105445
0b001301 0b004e01 10000 100 56547 22187638 220790 130626
0b005201 0b004e01 10000 100 78725 22214869 193978 149213
0b003f01 0b000301 10000 100 107047 22159315 351598 172984
0b003f01 0b003301 10000 100 7011387 11862073 10654344 5919970
0b001101 0b004f01 10000 100 64086 22330664 197964 136964
0b001101 0b006c01 10000 100 7687468 6291918 16254082 6528393
0b000601 0b004301 10000 100 10906 22453987 99384 92347
0b004101 0b004401 10000 100 24500 22593047 62362 62160
0b002701 0b006701 10000 100 1293553 20374791 2367668 1167732
0b001c01 0b007b01 10000 100 17751 22647934 99004 98092
0b000a01 0b007a01 10000 100 3857592 12988286 9875270 3317420
0b000901 0b005601 10000 100 2831994 12800456 10082291 2457544
0b002301 0b007601 10000 100 67129 22753560 145217 139514
0b002e01 0b002c01 10000 100 51333 22918421 105376 84663
0b004c01 0b003201 10000 100 9912 23129037 110296 91513
0b004c01 0b007f01 10000 100 24537 23133409 129274 103789
0b004201 0b007001 10000 100 40703 23124723 150029 117336
0b004c01 0b002801 10000 100 67625 23094739 243523 139911
0b004b01 0b005c01 10000 100 73392 23241708 174792 144755
0b006a01 0b005801 10000 100 918355 21709178 1745091 853173
0b006001 0b006a01 10000 100 6347828 15475185 8091322 5363625
0b006f01 0b005801 10000 100 42961 23440844 132012 119220
0b007201 0b007101 10000 100 31339 23486531 91213 67900
0b002201 0b003e01 10000 100 6494034 6924956 16708340 5527835
0b007d01 0b001a01 10000 100 970499 22228344 1582325 896885
0b004101 0b006e01 10000 100 23287 23661535 160653 102751
0b004401 0b007101 10000 100 1986496 21379586 2517197 1748697
0b002c01 0b002401 10000 100 252771 23521210 472656 253532
0b004201 0b004b01 10000 100 8638 23981057 52737 48856
0b004201 0b003101 10000 100 3758261 16797868 7302898 3234154
0b006801 0b004f01 10000 100 6117 24090178 92140 88362
0b000601 0b004a01 10000 100 372398 23276009 909671 395441
0b002801 0b002101 10000 100 8173403 17303057 6897132 6894204
0b006a01 0b002001 10000 100 4249479 17980776 6377146 3645983
0b005a01 0b002a01 10000 100 9229 24359897 95204 90967
0b000201 0b000101 10000 100 53949 24427288 101231 86832
0b005201 0b003d01 10000 100 9496 24472586 90779 91180
0b002c01 0b002201 10001 100 1903262 22641613 1935763 1637323
0b007001 0b004b01 10000 100 11668 24427474 151338 92995
0b004701 0b006401 10000 100 1102860 22324424 2341404 1007843
0b002a01 0b001e01 10000 100 8731 24713362 112412 90530
0b000001 0b006501 10000 100 61006 24708747 167800 134385
0b007501 0b004001 10000 100 29838 24695686 195910 108222
0b002901 0b005201 10000 100 9312195 7795692 17150743 7890575
0b005901 0b001501 10000 100 77627 24693632 344367 148296
0b002a01 0b002b01 10000 100 528087 23795842 1250383 484383
0b005501 0b005101 10000 100 70269 25020281 132529 100541
0b004701 0b002701 10000 100 7209194 14756619 10413929 6127419
0b007101 0b004b01 10000 100 3181857 17472636 7754997 2750874
0b006401 0b004701 10000 100 8159340 7599528 17659231 6924016
0b000401 0b002c01 10000 100 3106586 18080281 7415275 2687777
0b003301 0b004101 10000 100 11088 25402595 97872 92531
0b005d01 0b003001 10000 100 38674 25427271 165352 115636
0b001201 0b007801 10000 100 27137 25590035 122626 105984
0b005701 0b004901 10000 100 5921 25715486 87671 88167
0b007101 0b001001 10000 100 43338 25690715 165636 119560
0b000a01 0b006f01 10001 100 76387 25737245 337647 147266
0b004501 0b001901 10000 100 3019933 21327419 4856104 2615114
0b002401 0b006a01 10000 100 7358 26248506 99363 89393
0b002001 0b003e01 10000 100 1242149 25179549 1196121 1124650
0b003e01 0b006801 10000 100 37365 26299975 146578 114551
0b002401 0b000a01 10000 100 663622 25487008 1160898 639595
0b006e01 0b007b01 10000 100 7422 26565156 89454 89444
0b001f01 0b005101 10000 100 2220281 23096727 3605381 1944711
0b007f01 0b004901 10000 100 22597 26584307 119733 102160
0b001401 0b001901 10000 100 38790 26748170 74216 74129
0b006901 0b005c01 10000 100 1883780 22824646 4051303 1662569
0b004801 0b005401 10000 100 32393 26902139 128568 110381
0b001301 0b001701 10000 100 3089 27069073 45824 44224
0b002d01 0b001601 10000 100 1595 27033094 85323 84552
0b000d01 0b000701 10000 100 13202209 15272685 11996312 11110362
0b002901 0b003401 10000 100 1429588 24990407 2299232 1281782
0b001401 0b006801 10001 100 17084 27241296 105460 97558
0b000d01 0b000101 10000 100 75350 27228344 151750 104798
0b007901 0b004401 10001 100 75081 27368163 220704 146183
0b003001 0b004501 10000 100 61232 27469106 147471 134566
0b003901 0b002a01 10001 100 6229 27822851 88364 88452
0b006601 0b001701 10000 100 1178 27879631 84694 84219
0b007101 0b000501 10000 100 837177 26447662 1582957 785120
0b007501 0b007f01 10000 100 27354 27981895 63881 64558
0b003701 0b000d01 10000 100 4353101 23812846 4255537 3732874
0b004b01 0b000801 10000 100 309131 27448181 636040 342408
0b005a01 0b000501 10000 100 1115218 26208518 2024734 1018228
0b003e01 0b003501 10000 100 2185330 24222790 4032340 1873806
0b007401 0b002601 10000 100 77296 28010159 260688 148032
0b007101 0b003a01 10000 100 126887 27988402 295716 189586
0b000301 0b007701 10000 100 35570 28166755 124420 113038
0b007001 0b006a01 10000 100 7799 28147903 207493 89746
0b003d01 0b004601 10000 100 10595 28206323 149784 92098
0b003e01 0b007301 10000 100 28384 28277584 114585 107020
0b007d01 0b001501 10000 100 6624526 18053665 10495625 5637220
0b005201 0b005301 10000 100 869926 26804788 1797950 770948
0b002201 0b000101 10000 100 7304203 14022206 14594574 6207074
0b001001 0b003a01 10000 100 4852930 20041636 8732194 4151899
0b006401 0b007e01 10000 100 685790 26957463 1818802 658174
0b005401 0b007301 10000 100 25207 28769765 106721 104364
0b002c01 0b005c01 10000 100 1408650 27684095 1291680 1264225
0b002301 0b005001 10000 100 29024 28930167 108524 107571
0b007201 0b004d01 10000 100 4184 29066360 88839 86739
0b007c01 0b006701 10001 100 4138 28894442 285119 86702
0b006d01 0b007801 10000 100 79818 28962854 237652 150126
0b002f01 0b001a01 10000 100 76603 29182164 155803 147439
0b003801 0b000c01 10000 100 28528 29297215 131719 107136
0b001f01 0b007e01 10000 100 28055 29320028 123576 106757
0b006601 0b004201 10000 100 983 28978022 470787 84024
0b004201 0b000301 10000 100 6328 29522226 129859 88531
0b003f01 0b001c01 10000 100 4347 29569274 89839 86869
0b006f01 0b004601 10000 100 996 29378937 336874 84035
0b005b01 0b001201 10000 100 4817724 22463283 7331441 4122390
0b000101 0b002001 10000 100 5178654 15936981 13888812 4424996
0b001201 0b001801 10000 100 112880 29761022 158158 136243
0b006401 0b003201 10000 100 2447111 25135257 4849812 2134892
0b004f01 0b002e01 10000 100 446977 29307418 745681 457946
0b005701 0b003701 10000 100 62244 30036309 174411 135414
0b006101 0b005f01 10000 100 1555276 25798528 4428157 1387171
0b000801 0b000f01 10000 100 41558 30198170 93374 76459
0b002a01 0b001601 10000 100 3775111 20058100 10310044 3248287
0b001001 0b000201 10000 100 11331 30301528 104772 92725
0b006b01 0b006a01 10000 100 15025 30348064 68128 54234
0b006a01 0b004401 10000 100 63995 30244377 199489 136853
0b005701 0b007001 10000 100 21154 30298215 204469 100968
0b002501 0b006d01 10000 100 27916 30403714 219978 106608
0b002b01 0b006501 10000 100 10404 30542338 119581 91945
0b006701 0b001f01 10000 100 786229 29467759 1255718 742404
0b002c01 0b005d01 10000 100 34414 30661426 123545 112075
0b001e01 0b001701 10000 100 25557 30790562 93166 63044
0b002a01 0b003401 10000 100 2490 30802016 87465 85307
0b003601 0b002201 10000 100 21615 30920946 120826 101336
0b006101 0b007401 10000 100 4978 31015514 91588 87374
0b002901 0b005501 10000 100 106877 31008352 173522 172810
0b003f01 0b005001 10000 100 597458 29845388 1390995 584129
0b005801 0b007c01 10000 100 899257 28969516 2292329 837165
0b007401 0b003501 10000 100 80345 31330561 243576 150586
0b005801 0b006d01 10000 100 1188113 26399005 5216065 1079348
0b003501 0b000101 10000 100 21163 31488445 170990 100975
0b001801 0b006901 10000 100 58900 31401872 261264 132585
0b005201 0b003501 10000 100 57465 31365467 315689 131399
0b001801 0b002201 10000 100 122192 31515764 220232 185676
0b001901 0b000001 10000 100 6546 31568038 189701 88705
0b000501 0b007701 10000 100 21315 31796483 126687 101096
0b000101 0b000401 10000 100 133573 31824106 199048 153604
0b005501 0b007e01 10000 100 48090 31884302 175884 123553
0b006601 0b002701 10000 100 291846 31682822 526488 327889
0b003a01 0b004501 10000 100 1266988 28112632 4138551 1145443
0b000a01 0b001901 10000 100 56535 32132673 183898 130616
0b001801 0b001a01 10000 100 39232 32291772 74659 74521
0b002801 0b007001 10000 100 9190 32306721 95953 90936
0b002c01 0b000601 10000 100 41679 32456348 119820 118156
0b007d01 0b000901 10000 100 492535 31448710 1184579 496159
0b003301 0b005101 10000 100 14331 32209936 437561 95240
0b007f01 0b004801 10000 100 57845 32436103 273734 131703
0b004501 0b003c01 10000 100 3475823 28347598 4367531 2997336
0b002101 0b004901 10000 100 6411 32638623 94805 88597
0b006101 0b004101 10000 100 8020125 15347686 17415515 6807306
0b000601 0b005401 10000 100 9650974 5344545 27497429 8174577
0b000f01 0b004f01 10000 100 28069 32704149 177858 106768
0b000301 0b004c01 10000 100 5478 32841077 92853 87812
0b002a01 0b006901 10000 100 6255575 22159589 10820720 5327890
0b002a01 0b006701 10000 100 6865 32943856 90207 88960
0b006c01 0b000901 10000 100 1668570 27811819 5238353 1482145
0b000201 0b003901 10000 100 522616 32240870 853069 521376
0b003301 0b004b01 10000 100 609451 31766044 1375784 594184
0b001301 0b003d01 10000 100 33560 33115251 138148 111353
0b000c01 0b007601 10000 100 13423 33161176 105932 94476
0b005301 0b007201 10000 100 27219 33173921 117715 106050
0b000a01 0b003d01 10000 100 517 33383536 85062 83652
0b002801 0b002101 10001 100 9075 33456177 48766 49244
0b007e01 0b004601 10000 100 7208 33433558 114801 89273
0b006401 0b007901 10000 100 7758771 23635617 10026200 6588162
0b001f01 0b004e01 10000 100 1420184 30934976 2773194 1273913
0b005701 0b007b01 10000 100 27606 33618174 120939 106360
0b005301 0b005e01 10000 100 135422 33678348 219237 155160
0b001a01 0b001701 10000 100 52983 33854052 85334 86021
0b005801 0b007b01 10000 100 3250319 28130718 5816342 2808293
0b003b01 0b003501 10000 100 15822672 15610004 18400740 13307340
0b006a01 0b007601 10000 100 3816173 30582866 3435586 3282711
0b007301 0b006b01 10000 100 78391 34169629 150026 148946
0b000001 0b001801 10000 100 3442353 26196013 8135358 2969293
0b007001 0b006d01 10000 100 2513 34291337 87090 85325
0b001401 0b006a01 10000 100 6786 34294968 92996 88897
0b007501 0b004201 10000 100 12318 34331919 97491 93553
0b003c01 0b001201 10000 100 61544 34489400 135497 134816
0b003d01 0b003701 10000 100 39504 34570978 76707 74739
0b005301 0b000e01 10000 100 7700474 14397030 20300054 6539297
0b000901 0b003301 10000 100 12909 34608301 105995 94026
0b006001 0b007b01 10000 100 4062 34673899 87520 86641
0b006e01 0b002101 10000 100 4091 34769583 90798 86664
0b005701 0b000d01 10000 100 1137 34860864 173931 84186
0b006201 0b000201 10000 100 5834218 19127546 16019396 4974638
0b004e01 0b001601 10000 100 34248 35028149 139651 111942
0b000b01 0b005401 10000 100 17582 34945664 228794 97956
0b002a01 0b006501 10000 100 1409021 33145567 2069959 1264560
0b002801 0b000101 10000 100 104383 35099121 176290 170738
0b003701 0b003001 10000 100 45521 35169534 116979 79783
0b007501 0b007c01 10000 100 37870 35215625 87815 73355
0b000401 0b006101 10000 100 32972 35348117 143386 110844
0b006101 0b005101 10000 100 77898 35421248 155957 148513
0b003401 0b004701 10000 100 2220309 30294528 5308716 1944733
0b007b01 0b002901 10000 100 77535 35395110 209207 148223
0b000e01 0b003b01 10000 100 11458 35581599 97764 92827
0b002801 0b004001 10000 100 36222 35566549 131052 113598
0b000401 0b003d01 10000 100 2887196 26615115 9266270 2503856
0b002b01 0b007f01 10000 100 11222 35738739 166574 92638
0b007e01 0b003401 10000 100 1164215 34645014 1275723 1059308
0b001301 0b000c01 10000 100 165426 35580152 437736 221915
0b003901 0b003201 10000 100 6293958 30819414 5407686 5318456
0b006b01 0b003f01 10000 100 3147984 28836729 7396674 2722470
0b007001 0b007501 10000 100 666008 35643821 646775 600019
0b001601 0b003a01 10000 100 27924 36276721 117962 106614
0b003601 0b001901 10000 100 789889 34918620 1570256 745447
0b004d01 0b007e01 10000 100 7040680 28023949 8527085 5986118
0b004601 0b000201 10001 100 4520575 27567527 9009271 3873266
0b003001 0b004801 10000 100 864121 35237109 1393796 807712
0b004901 0b006301 10000 100 40644 36553560 140007 117289
0b005401 0b006801 10000 100 4617 36752666 88932 87085
0b000401 0b006d01 10000 100 10209978 4774965 32156786 8643246
0b003401 0b000501 10000 100 42792 36845357 149900 119084
0b000801 0b001101 10000 100 23201 36884320 126669 102682
0b007d01 0b006801 10000 100 26402 36960899 125272 105358
0b005301 0b003601 10000 100 55923 36948064 166128 130088
0b002201 0b001401 10000 100 738873 36453344 712982 702676
0b003101 0b004201 10000 100 2036 37166712 84497 84944
0b007901 0b002701 10000 100 1693792 32770718 4560584 1503283
0b001e01 0b006401 10000 100 3304773 29058658 8343942 2853930
0b004401 0b003601 10000 100 652897 36336129 1236717 630592
0b007701 0b002901 10000 100 3049 37582540 87943 85792
0b002801 0b002901 10000 100 11753 37678303 51778 51463
0b004601 0b001801 10000 100 623924 37126934 612558 606300
0b002b01 0b005301 10000 100 1478391 33374825 4451438 1322706
0b005701 0b000701 10000 100 25032 37763070 112627 104224
0b007e01 0b001801 10000 100 21394 37980299 101857 101160
0b005901 0b000501 10000 100 4072 38040274 92022 86649
0b005201 0b006001 10000 100 29050 38021945 126907 107592
0b003101 0b006201 10000 100 46919 38037000 160483 122540
0b004e01 0b000e01 10000 100 704959 36913102 1290121 674239
0b007d01 0b003c01 10000 100 4947 38164467 88509 87349
0b001301 0b005f01 10000 100 15539 38170024 113162 96245
0b000301 0b004401 10000 100 149128 38066039 236153 208262
0b000a01 0b006301 10000 100 192033 37896818 423548 244237
0b007501 0b003e01 10000 100 3487248 29977058 8465308 3006937
0b001301 0b006a01 10000 100 12284935 20939079 17641572 10382892
0b001f01 0b006e01 10000 100 118438 38340558 283507 182520
0b005801 0b002c01 10000 100 22567 38405027 279600 102136
0b007101 0b000f01 10000 100 38686 38546228 147252 115646
0b000501 0b003501 10000 100 2341590 33534003 5181782 2046404
0b003101 0b007901 10000 100 68885 38577987 176290 140957
0b001901 0b004d01 10000 100 22884 38715144 185577 102390
0b003901 0b002a01 10002 100 123888 38596773 396129 187072
0b001e01 0b000f01 10000 100 16291319 16355865 22695937 13741868
0b004a01 0b005101 10000 100 229843 38706562 427127 275906
0b002201 0b004301 10000 100 25881 39034548 127048 104903
0b002701 0b006c01 10000 100 53277 38937127 293130 127895
0b002a01 0b003a01 10000 100 1216704 37761851 1657711 1103296
0b007501 0b005c01 10000 100 18892 39348851 155090 99043
0b003a01 0b004b01 10000 100 9563 39350766 256718 91234
0b005e01 0b005601 10000 100 28455 39721277 64800 65477
0b001201 0b006e01 10000 100 31526 39801486 110013 109649
0b006101 0b002101 10000 100 48209 39867822 187851 123648
0b000101 0b006401 10000 100 197683 39644419 479036 248949
0b000901 0b002601 10000 100 1429329 38241228 1943605 1281575
0b000901 0b006601 10000 100 28328 40103635 131431 106976
0b004d01 0b002301 10000 100 673327 38777253 1469949 647743
0b000c01 0b002801 10000 100 58739 40101501 180868 132456
0b006a01 0b002a01 10000 100 27044 40147102 167289 105910
0b002c01 0b000a01 10000 100 2419717 37860680 2599652 2111901
0b000701 0b005701 10000 100 199655 40169436 321260 250604
0b007d01 0b004901 10000 100 2890838 33398044 7236944 2506884
0b002401 0b003601 10000 100 24920 40523353 115861 104096
0b006101 0b003301 10000 100 78232 40494445 176908 148819
0b000d01 0b005401 10000 100 42225 40619137 128034 118631
0b003c01 0b001401 10000 100 1928 40662330 85046 84819
0b001901 0b002301 10000 100 8450265 21524416 19277840 7167930
0b004801 0b005001 10000 100 6436354 30981166 9821964 5479464
0b000b01 0b006b01 10000 100 4153 40717591 112925 86714
0b000001 0b007901 10000 100 51759 40737254 159232 126604
0b006301 0b004801 10000 100 21439227 12205485 28807510 18057877
0b006e01 0b004801 10000 100 25344 40882556 133763 104473
0b000a01 0b006f01 10000 100 7336004 25588858 15464569 6233744
0b004101 0b002201 10000 100 1397377 38999145 2243135 1254784
0b003901 0b002801 10000 100 4263725 36938777 4314678 3657917
0b001b01 0b001101 10000 100 39349 41207669 73933 74615
0b000b01 0b006601 10000 100 26668 41202672 110766 105571
0b003401 0b001901 10000 100 78628 41067862 362220 149136
0b002901 0b003501 10000 100 763462 40180286 1281160 723307
0b004301 0b006701 10000 100 5117 41477972 89227 87524
0b006401 0b007c01 10000 100 1327607 38937187 2630414 1196280
0b006101 0b002901 10000 100 285357 41145446 453136 322468
0b002a01 0b006f01 10000 100 17072 41523035 115926 97548
0b002701 0b004101 10000 100 2223935 37149114 4509225 1947749
0b002601 0b006f01 10000 100 56160 41513972 165682 130316
0b000101 0b002701 10000 100 9685121 17414901 24290227 8203239
0b002301 0b000301 10000 100 1813454 39006980 2701553 1603620
0b007801 0b005901 10000 100 50844 41943163 177279 125833
0b005b01 0b003f01 10000 100 27009 42257583 130009 105882
0b003a01 0b005f01 10000 100 35353 42336437 150607 112864
0b002a01 0b003a01 10001 100 101271 42229871 292607 168133
0b003401 0b001501 10000 100 2509 42496632 103691 85322
0b005101 0b001501 10000 100 464389 42071823 711273 472567
0b001801 0b001a01 10001 100 21922 42764191 63498 59982
0b007301 0b001901 10000 100 431504 42236821 615750 444992
0b000f01 0b005b01 10000 100 2297790 33618719 9258281 2009675
0b004e01 0b000401 10000 100 18571589 8131907 34786305 15653636
0b000e01 0b005301 10000 100 1071368 41213698 1705692 981459
0b004201 0b005701 10000 100 1497322 32785620 10165348 1338580
0b007901 0b003501 10000 100 3860340 31952360 11015108 3319734
0b007301 0b003001 10000 100 32766 42811907 170257 110680
0b004301 0b002c01 10000 100 64422 42829722 190596 137233
0b007901 0b005201 10000 100 57191 42766000 265383 131180
0b003901 0b001201 10000 100 24755 42929769 109860 103964
0b001801 0b000701 10000 100 342335 42415959 717019 370239
0b004d01 0b006d01 10000 100 9749321 19048323 24203671 8257056
0b006d01 0b007801 10001 100 14586 43186284 113912 95444
0b006101 0b006a01 10000 100 61759 43237158 112902 93388
0b001401 0b007901 10000 100 22389 43248060 108629 101994
0b004301 0b007c01 10000 100 43049 43207177 166034 119328
0b000001 0b000501 10000 100 185892 43124251 352033 197456
0b005e01 0b007801 10000 100 2003207 39913404 3636923 1762719
0b004401 0b000901 10000 100 8617562 28503392 15076648 7308180
0b000001 0b007a01 10000 100 6862873 35592376 8023108 5837037
0b002801 0b004301 10000 100 33798 43624262 149896 111544
0b004601 0b006801 10000 100 3396122 37982415 5792521 2930542
0b007201 0b005801 10000 100 10176972 20071693 23908215 8615574
0b007d01 0b003501 10000 100 11432 43813422 235110 92806
0b005801 0b006101 10000 100 7973998 25420995 18729233 6768600
0b002901 0b007101 10000 100 64583 44224945 227042 137362
0b006a01 0b002c01 10000 100 1680592 40512000 3984154 1492224
0b005801 0b007401 10000 100 5383098 35106367 9398961 4596424
0b003401 0b003201 10000 100 3153439 39682308 4863615 2685464
0b006b01 0b006d01 10000 100 26088 44481077 87064 63507
0b003e01 0b007601 10000 100 3679680 38594656 6040712 3168256
0b007901 0b006d01 10001 100 1602236 40102743 4544018 1426544
0b005401 0b000a01 10000 100 23229 44562512 128517 102704
0b003f01 0b002901 10000 100 15623 44572535 129701 96312
0b004401 0b005e01 10000 100 1237338 40814694 4024908 1120609
0b006e01 0b006301 10000 100 105776 44570024 306869 130291
0b005e01 0b004501 10000 100 3637867 40284497 4709008 3133192
0b002c01 0b005101 10000 100 81941 44819059 179189 151901
0b006401 0b002601 10000 100 24135 44810787 189639 103468
0b003a01 0b007101 10000 100 2953552 41865615 3199477 2559475
0b006e01 0b006c01 10000 100 1961334 42648719 2418466 1686008
0b001901 0b002701 10000 100 1888253 40770001 4318643 1666340
0b006601 0b007501 10000 100 12450 45095482 99026 93659
0b004a01 0b005501 10000 100 14259 45115745 95900 95183
0b005301 0b001f01 10000 100 104902 44991518 230221 171153
0b001901 0b002101 10000 100 1551654 42653712 2608545 1384120
0b005901 0b000101 10000 100 148348 45065290 233910 207600
0b004601 0b003e01 10000 100 2180663 40899389 4429344 1911480
0b006201 0b007701 10000 100 5461 45253390 91766 87799
0b000101 0b007101 10000 100 26383 45265753 114775 105343
0b006d01 0b003701 10000 100 2427087 42594124 2938950 2118104
0b006601 0b002401 10000 100 11760 45424556 172024 93068
0b003701 0b004201 10000 100 49326 45493223 165428 124580
0b007201 0b006701 10000 100 64287 45535054 166229 137125
0b006a01 0b005401 10000 100 3056 45632816 87976 85798
0b007401 0b002d01 10000 100 71739 45547490 219666 143356
0b005401 0b001d01 10000 100 4121189 38485719 7424416 3538436
0b005401 0b004601 10000 100 6499 45843270 92423 88668
0b000d01 0b005d01 10000 100 2884394 31970616 13991063 2501499
0b003401 0b000301 10000 100 9031456 26489070 19601054 7655193
0b001401 0b002601 10000 100 685825 45292084 828664 658202
0b005801 0b001101 10000 100 6611 46179545 89099 88757
0b006401 0b004001 10000 100 5615205 36175728 10128021 4791018
0b002a01 0b000e01 10000 100 2599683 40436513 6038363 2262786
0b002c01 0b007001 10000 100 393872 46156377 614464 413427
0b002601 0b004e01 10000 100 76403 46515073 364161 147279
0b000201 0b007101 10000 100 1104279 44214060 2696280 1009055
0b005101 0b005901 10000 100 50765 46826864 110426 84170
0b002c01 0b003801 10000 100 1981909 39387141 7677934 1744836
0b001801 0b002a01 10000 100 55084 46906160 179137 129417
0b001b01 0b005401 10000 100 58126 46996876 171855 131966
0b000c01 0b000301 10000 100 3705970 42355720 4989659 3148686
0b002701 0b004f01 10000 100 4383944 28436365 19046867 3758700
0b007901 0b001201 10000 100 692808 46321351 1261523 664057
0b002601 0b005e01 10000 100 1418664 46151239 1460467 1272620
0b003701 0b002c01 10000 100 12541798 33765929 14075237 10598251
0b007801 0b006f01 10000 100 40259 47691799 150174 116981
0b002201 0b007201 10000 100 20555 47759347 116900 100450
0b004601 0b004701 10000 100 1786968 45486994 2417836 1539795
0b006401 0b007601 10000 100 41765 48145714 119006 118224
0b007101 0b004301 10000 100 26154706 2233806 46053512 22011316
0b000201 0b002401 10000 100 1805361 42508228 5805370 1596839
0b004901 0b007201 10000 100 9011286 36243847 12148384 7638289
0b002701 0b003001 10000 100 4914447 37668773 10826192 4203493
0b001f01 0b001c01 10000 100 30772 48440359 118145 67408
0b002e01 0b007701 10000 100 6288905 39911207 8869629 5355821
0b001d01 0b006d01 10000 100 9262529 26989384 21848394 7848922
0b003701 0b006701 10000 100 41464 48850514 169904 117984
0b001e01 0b000501 10000 100 14253 49153021 95638 95178
0b002901 0b005701 10000 100 3869179 31105729 18145074 3327151
0b007401 0b004701 10000 100 1391431 45044856 4380316 1249797
0b007201 0b006c01 10000 100 1444601 46469212 3193300 1294368
0b004a01 0b003c01 10000 100 665220 48728433 1186851 640950
