0b000501 0b000101 10000 5003 2000000 0 1922527 187840
0b000b01 0b000101 10000 5007 2000000 0 1922779 187840
0b000a01 0b000101 10000 5008 2000000 0 1927443 187840
0b000901 0b000101 10000 5007 2000000 0 1576455 187840
0b000701 0b000101 10000 5005 2000000 0 1588739 187840
0b000501 0b000101 10000 5003 2000000 0 1603928 187840
0b000201 0b000101 10000 5000 2000000 0 1668232 187840
0b000601 0b000101 10000 5004 2000000 0 1688262 187840
0b000801 0b000101 10000 5006 2000000 0 1695053 187840
0b000401 0b000101 10000 5002 2000000 0 1764238 187840
