0b007601 0b000601 10000 100 14351 24898 94757 95256
0b004b01 0b000001 10000 100 46394 24730 121607 122120
0b003101 0b002b01 10000 100 2558 100822 84866 85361
0b002001 0b002701 10000 100 56809 246510 88547 89236
0b000901 0b001901 10000 100 64195 154630 189514 137052
0b004201 0b004001 10000 100 72465 298969 101680 102375
0b000b01 0b005f01 10000 100 4323 371077 86354 86850
0b004501 0b004b01 10000 100 10313 411348 49602 50272
0b002601 0b002d01 10000 100 29876 441784 90766 66652
0b005001 0b001601 10000 100 2709 450362 85787 85482
0b005201 0b007a01 10000 100 3733 469872 86581 86340
0b007601 0b007201 10000 100 9251 523629 48715 49384
0b003901 0b005801 10000 100 227435 301176 273318 273903
0b007b01 0b000501 10000 100 196643 356347 247506 248079
0b000d01 0b005f01 10000 100 79541 484225 149715 149904
0b000d01 0b004b01 10000 100 1376 576217 83883 84377
0b004c01 0b001101 10000 100 20275 589081 107761 100226
0b004301 0b006f01 10000 100 68261 511072 196653 140458
0b001001 0b001d01 10000 100 79823 678174 107832 108530
0b000301 0b000e01 10000 100 3564 775926 43937 44604
0b006f01 0b003d01 10000 100 22487 747561 119305 102072
0b003601 0b001301 10000 100 7293 789437 88844 89341
0b001e01 0b003701 10000 100 53585 775981 128123 128141
0b005301 0b001a01 10000 100 11081 692957 230143 92525
0b002a01 0b002f01 10000 100 79861 832177 107863 108560
0b004601 0b005301 10000 100 84052 588369 359750 153705
0b002401 0b002d01 10000 100 42385 863446 110834 77159
0b001201 0b005501 10000 100 77763 638231 373865 148405
0b004e01 0b007f01 10000 100 7405 923730 94049 89431
0b005201 0b007a01 10001 100 49524 801373 254855 124739
0b001001 0b007401 10000 100 71000 937659 142204 142726
0b007a01 0b007301 10000 100 75047 1066155 103860 104556
0b002c01 0b006b01 10000 100 3481 1111075 85643 86138
0b001401 0b002001 10000 100 3823 1112254 86386 86412
0b005401 0b006201 10000 100 8351 1117800 89873 90226
0b003b01 0b000d01 10000 100 42816 1195898 118593 119104
0b007201 0b001e01 10000 100 50677 1215821 166993 125700
0b004a01 0b003401 10000 100 4318 1288884 98412 86846
0b007201 0b004e01 10000 100 71617 1214826 185216 143258
0b003201 0b003701 10000 100 39712 1332124 74224 74905
0b005c01 0b000e01 10000 100 42304 1353778 187671 118694
0b005801 0b006f01 10000 100 642924 840085 734777 622230
0b003a01 0b004d01 10000 100 8754 1473833 139286 90548
0b007301 0b003a01 10000 100 38658 1503637 116218 115624
0b004d01 0b004e01 10000 100 192953 1458575 203062 203373
0b005a01 0b000201 10000 100 9953 1590718 99328 91546
0b001601 0b003301 10000 100 1154852 649087 1120420 1051433
0b004401 0b001d01 10000 100 65739 1659195 138145 138325
0b006501 0b001801 10000 100 7460 1717720 88978 89475
0b001d01 0b001701 10000 100 66233 1713638 98962 97159
0b006101 0b005601 10000 100 1216880 711646 1248209 1103436
0b006f01 0b006e01 10000 100 21255 1893821 76274 59448
0b007901 0b003701 10000 100 32556 1864458 110773 110512
0b004c01 0b006c01 10000 100 75196 1865615 145751 146275
0b002101 0b005701 10000 100 23392 1853712 196463 102835
0b005301 0b004b01 10000 100 343170 1136946 933014 370945
0b005401 0b000301 10000 100 193900 1746347 380625 245769
0b004101 0b007a01 10000 100 69782 2001061 141192 141713
0b002201 0b007d01 10000 100 17048 2133507 97844 97529
0b001b01 0b003d01 10000 100 50332 2119610 126110 125424
0b004601 0b002a01 10000 100 53326 2110004 171340 127934
0b002001 0b002401 10000 100 3625 2242051 47017 44653
0b004e01 0b002901 10000 100 79984 2075406 216498 150259
0b002401 0b004801 10000 100 23076 2215023 103635 102582
0b001501 0b000501 10000 100 40088 2255950 116334 116844
0b002f01 0b005401 10000 100 65861 1589937 798306 138423
0b001d01 0b001c01 10000 100 23891 2337112 60959 61634
0b004701 0b005c01 10000 100 24237 2328327 104196 103549
0b004e01 0b001201 10000 100 84203 2313364 214472 153826
0b004501 0b006f01 10000 100 5109 2358874 192727 87517
0b001501 0b004401 10000 100 69328 2386199 203141 141350
0b000501 0b004101 10000 100 62743 2566796 136158 135813
0b001601 0b004001 10000 100 61141 2529257 198613 134493
0b003001 0b002501 10000 100 40743 2481945 255596 117368
0b006801 0b007401 10000 100 57857 2062971 807870 131712
0b007401 0b004401 10000 100 62226 2776766 137281 135400
0b001101 0b001301 10000 100 24220 2885900 61260 61936
0b000401 0b007401 10000 100 509864 1729069 1308977 510675
0b001401 0b002101 10000 100 51101 2909321 130735 126077
0b001101 0b002901 10000 100 5565 2972353 88118 87882
0b006701 0b006d01 10000 100 35766 3055395 71795 71595
0b007f01 0b004201 10000 100 36480 2984352 144370 113804
0b001501 0b005301 10000 100 569529 2310324 865053 560711
0b007e01 0b007201 10000 100 1249170 1723083 1499228 1088936
0b002c01 0b006b01 10001 100 2372 2632340 595513 85212
0b001b01 0b000a01 10000 100 40785 3081425 151191 117402
0b006d01 0b000601 10000 100 179108 3011558 234560 233398
0b002101 0b002901 10000 100 75828 3103519 162168 105180
0b000301 0b002201 10000 100 43187 3135051 244783 119439
0b006601 0b001101 10000 100 10918 3309025 110447 92356
0b007501 0b001201 10000 100 154543 3155991 296949 212786
0b002501 0b002d01 10000 100 3684548 185007 3294971 3130742
0b005001 0b001b01 10001 100 64232 3213017 303714 137081
0b000a01 0b000701 10000 100 86154 3603829 114603 113864
0b003c01 0b006f01 10000 100 39516 3591349 149487 116348
0b003801 0b002301 10000 100 19147 3616380 132550 99285
0b000701 0b006701 10000 100 306337 3091785 682083 340058
0b004601 0b003001 10000 100 3974931 29792 3760287 3415784
0b003c01 0b004501 10000 100 9065 2983542 813379 90836
0b002501 0b005e01 10000 100 76964 3068175 776705 147728
0b000601 0b004001 10000 100 54374 3729106 129971 128811
0b000701 0b003d01 10000 100 72465 3772202 146242 143975
0b007a01 0b001e01 10000 100 146943 3295745 686071 206399
0b000c01 0b005401 10000 100 825290 2574560 1414175 775150
0b007901 0b007f01 10000 100 74687 3883315 106030 104229
0b000901 0b001401 10000 100 766384 2558954 1472459 725760
0b003f01 0b001801 10000 100 50672 3846383 249340 125696
0b004b01 0b007a01 10000 100 27657 3969127 127700 106400
0b005601 0b004601 10000 100 57445 3904090 198639 131383
0b000601 0b000d01 10000 100 182598 3859360 249274 194705
0b006e01 0b003601 10000 100 3034 3860415 254245 85780
0b006c01 0b005c01 10000 100 4425 4032206 89987 86932
0b005801 0b002001 10000 100 46816 3841957 339135 122457
0b000701 0b005901 10000 100 56944 3281233 907736 130944
0b007c01 0b006f01 10000 100 76068 3562680 660824 147011
0b000701 0b004e01 10000 100 2826 4203818 87536 85576
0b000801 0b001f01 10000 100 25704 4221612 105073 104761
0b004201 0b004e01 10000 100 474188 3270098 1057128 439190
0b007b01 0b004e01 10000 100 3538 4186378 333970 86184
0b000101 0b007201 10000 100 1645562 2326240 2209510 1462856
0b001101 0b002601 10000 100 45894 4079616 517832 121681
0b001c01 0b003201 10000 100 18100 4504831 106023 98409
0b002701 0b006801 10000 100 7392 3559632 1056865 89420
0b002f01 0b003e01 10000 100 470749 3918786 699124 477885
0b003c01 0b004301 10000 100 229959 3950659 675280 275999
0b001301 0b002301 10000 100 23861 4391198 266130 103210
0b005d01 0b005b01 10000 100 1199422 2734215 1942967 1047217
0b004d01 0b005c01 10000 100 42180 3396689 1306866 118595
0b002801 0b005301 10000 100 28779 4644178 119431 107336
0b004401 0b000801 10000 100 15547 4663996 109302 96252
0b006401 0b007701 10000 100 43368 4638949 202944 119584
0b005b01 0b007901 10000 100 68052 4646454 203590 140291
0b000101 0b001f01 10000 100 43024 4719333 158863 119308
0b003f01 0b000101 10000 100 3722 4808033 88733 86331
0b007901 0b004201 10000 100 29188 4774663 126923 107702
0b000301 0b000b01 10000 100 76248 4944048 104858 105555
0b002301 0b002b01 10000 100 2944499 2632921 2510555 2510287
0b004101 0b001a01 10000 100 717932 4407556 834601 685116
0b002201 0b003e01 10000 100 1569342 2490245 2785286 1398961
0b004a01 0b004401 10000 100 1414458 4163416 1227403 1227502
0b006b01 0b003001 10000 100 21974 5273130 118271 101624
0b003901 0b006501 10000 100 105399 3789866 1619466 171589
0b000001 0b003201 10000 100 7515 4276405 1138430 89519
0b005e01 0b001301 10000 100 12248 4958324 462987 93497
0b006901 0b002b01 10000 100 28014 4903942 517720 106724
0b001101 0b007001 10000 100 60908 5255254 183973 134268
0b006301 0b002b01 10000 100 999 4865524 608972 84037
0b002401 0b007801 10000 100 529025 4624782 865456 526772
0b007401 0b007801 10000 100 1348235 3838044 1684280 1171989
0b007e01 0b001701 10000 100 51717 4946536 624014 126570
0b007201 0b000f01 10000 100 195196 5316806 262822 246883
0b004601 0b007701 10000 100 53669 5194538 389681 128208
0b001401 0b001201 10000 100 65803 5500060 138721 96776
0b002f01 0b004d01 10000 100 40921 5317664 342375 117511
0b000801 0b000401 10000 100 39905 4980782 720336 75060
0b003101 0b004a01 10000 100 196414 5335646 392058 247896
0b004d01 0b003401 10000 100 225287 4310470 1442555 272108
0b002201 0b003001 10000 100 23633 5740037 123770 103028
0b003201 0b001201 10000 100 68839 5664662 209882 140920
0b005d01 0b002801 10000 100 23 5857799 80563 83256
0b002201 0b006201 10000 100 17953 5023169 961310 98253
0b002c01 0b001401 10000 100 7046 4759990 1243162 89144
0b004401 0b003301 10000 100 50947 4471233 1595690 125916
0b007801 0b005101 10000 100 332783 4978877 1114212 362213
0b004301 0b007401 10000 100 36001 5298205 796124 113421
0b001601 0b002f01 10000 100 8506 6032352 93253 90350
0b006b01 0b007601 10000 100 24798 4927388 1219073 103998
0b000501 0b000801 10000 100 19049 6100613 67827 57607
0b002601 0b001401 10000 100 1348512 3730152 2507035 1213811
0b000601 0b002901 10000 100 87887 6053778 190221 156888
0b001101 0b005d01 10000 100 12882 6145173 111344 94004
0b001201 0b003301 10000 100 63033 5186349 1104157 136084
0b001b01 0b006e01 10000 100 7006 6231337 108748 89112
0b001401 0b000401 10000 100 50779 5020573 1374129 125781
0b007401 0b005701 10000 100 261481 4506633 2022874 302445
0b000801 0b006f01 10000 100 2912 6441338 184974 85644
0b001001 0b000101 10000 100 40887 6447917 205380 117484
0b005a01 0b003501 10000 100 1496906 4052427 2612439 1338209
0b006c01 0b004c01 10000 100 3189276 3679905 2986042 2757116
0b000301 0b004501 10000 100 9811 6581288 91223 91432
0b005001 0b003201 10000 100 180286 3913048 2788860 234379
0b004c01 0b000c01 10000 100 1396714 4182588 2530806 1254216
0b003901 0b006401 10000 100 12705 6107280 642957 93863
0b007901 0b002b01 10000 100 14525 5369784 1430379 95396
0b004f01 0b001201 10000 100 188974 5745607 1142298 241636
0b004b01 0b001801 10000 100 40908 6136121 752270 117500
0b001101 0b004b01 10000 100 1038964 5247877 1702176 954268
0b001601 0b001a01 10000 100 138248 6817184 157150 157536
0b005201 0b006c01 10000 100 69087 4865806 2129265 141157
0b004e01 0b002e01 10000 100 83296 6709118 364000 153062
0b001701 0b007301 10000 100 131798 5690298 1424000 193707
0b003801 0b000901 10000 100 1356 6099696 1085860 84361
0b005e01 0b004601 10000 100 39335 5822211 1386974 116204
0b005c01 0b007e01 10000 100 1073 6572506 641744 84135
0b000f01 0b002801 10000 100 52765 7075228 207884 127447
0b002601 0b004001 10000 100 854371 5620445 1665964 799528
0b002001 0b005801 10000 100 4772096 811372 6494553 4084160
0b005001 0b001b01 10000 100 2102982 758990 6578847 1846340
0b005b01 0b007201 10000 100 46068 7320968 140792 121859
0b000901 0b000201 10000 100 7940851 81074 7391548 6699215
0b002001 0b003101 10000 100 45155 7410946 151209 121090
0b003201 0b006d01 10000 100 10361 7541659 95096 91911
0b006601 0b001f01 10000 100 51323 7652196 127324 126255
0b005501 0b002901 10000 100 6547 7535098 245679 88706
0b003d01 0b002d01 10000 100 859552 5406227 2384713 803865
0b007801 0b000801 10000 100 24812 7684149 142751 104009
0b002101 0b002e01 10000 100 5262946 3108599 4723878 4454056
0b004c01 0b006801 10000 100 71575 6787077 1058093 143224
0b003801 0b003e01 10000 100 22434 7796203 117969 60430
0b006601 0b003701 10000 100 2505137 2915438 5001569 2183540
0b007401 0b005601 10000 100 6820 7410708 608516 88924
0b005801 0b003501 10000 100 159278 7504913 540148 216766
0b001c01 0b004d01 10000 100 17096 7942846 107356 97568
0b001801 0b002201 10000 100 3362923 1944723 6113452 2902677
0b007101 0b002e01 10000 100 172150 6802154 1267626 227563
0b003a01 0b005201 10000 100 6779 6531501 1577898 88892
0b003d01 0b004b01 10000 100 23108 8004168 121373 102608
0b005101 0b000f01 10000 100 27274 6421715 1741222 106094
0b001a01 0b006b01 10000 100 42463 7512922 759612 118821
0b002601 0b003f01 10000 100 22060 7193007 1088306 101731
0b004001 0b007701 10000 100 304570 6715020 1568967 338568
0b000801 0b006501 10000 100 77363 7696860 603594 148085
0b002201 0b006001 10001 100 5779 8006301 314534 88053
0b000701 0b000101 10000 100 5008810 3964804 4371531 4240993
0b002a01 0b000501 10000 100 5338 8165207 247939 87700
0b002901 0b001c01 10000 100 51469 7853360 651784 126372
0b001801 0b002401 10000 100 65603 7492312 1197361 138216
0b002101 0b000101 10000 100 1444 8319843 378975 84432
0b007f01 0b002701 10000 100 217211 7631748 1112669 265340
0b001801 0b005301 10000 100 3347240 2175139 6587949 2889555
0b004501 0b002f01 10000 100 583722 7807754 969534 572603
0b002c01 0b004301 10000 100 73353 6917164 1904167 144724
0b004001 0b001b01 10000 100 77409 8682763 148173 148122
0b004b01 0b004501 10000 100 66000 8764746 96242 96934
0b005c01 0b002c01 10000 100 17726 8717205 155817 98072
0b001501 0b002101 10000 100 27798 8149227 800560 106513
0b005901 0b000201 10000 100 50174 8183367 782876 125297
0b006b01 0b007801 10000 100 1175663 7441938 1524663 1068888
0b000a01 0b002e01 10000 100 29283 8564979 417883 107778
0b004201 0b006f01 10000 100 444624 7847801 1162774 455987
0b006001 0b006a01 10000 100 1154667 7136751 1894219 1009685
0b001c01 0b000101 10000 100 12976 7455245 1616636 94080
0b006701 0b006301 10000 100 46340 8919359 156445 80476
0b006b01 0b007601 10001 100 1055606 6875395 2216687 968235
0b004b01 0b007201 10000 100 2625343 3547339 5545722 2284312
0b006001 0b005d01 10000 100 21338 7934528 1166214 101115
0b002701 0b002b01 10000 100 1056262 8176326 926110 927198
0b007a01 0b003801 10000 100 34210 7972191 1152925 111912
0b006401 0b000401 10000 100 2603121 2731964 6435816 2265690
0b004a01 0b003001 10000 100 73064 8590239 584810 144492
0b006301 0b006001 10000 100 1908958 6941585 2413021 1642072
0b003201 0b003c01 10000 100 65211 9262814 123578 96303
0b000f01 0b001e01 10000 100 178632 8856722 531088 232979
0b000101 0b007d01 10000 100 6819 9315647 94732 88924
0b004f01 0b001c01 10000 100 193966 9092600 357673 245822
0b000a01 0b000d01 10000 100 55906 9360707 131346 88475
0b003a01 0b006a01 10000 100 1386331 6885509 2610771 1245525
0b001b01 0b006601 10000 100 22734 7184586 2340924 102270
0b005001 0b003701 10000 100 278861 6164171 3434947 317002
0b002c01 0b000001 10000 100 919703 6649841 2995363 854290
0b001b01 0b006401 10000 100 76853 8478726 1201990 147639
0b000c01 0b003101 10000 100 1805034 6924810 2793318 1596577
0b006701 0b006601 10000 100 57991 9549263 185487 90220
0b004f01 0b007e01 10000 100 19435 9617452 126560 99516
0b005001 0b005f01 10000 100 120017 9326951 465034 142260
0b007d01 0b007001 10000 100 1783 9789661 42436 43103
0b007701 0b006c01 10000 100 73814 9651581 184558 145092
0b004501 0b006b01 10000 100 13376 9767733 99999 94438
0b006401 0b002601 10000 100 1963284 2916959 6981550 1729244
0b006801 0b002801 10000 100 1251220 4839305 5105558 1132252
0b000f01 0b004f01 10000 100 914169 7849302 2133301 849671
0b000b01 0b002701 10000 100 9994 9241126 795324 91579
0b004001 0b004a01 10000 100 6042 10008155 46401 46702
0b004301 0b001501 10000 100 22012 9956946 121305 101692
0b006f01 0b005b01 10000 100 2917973 864958 9240467 2529629
0b004a01 0b007601 10000 100 6297 10032688 90716 88506
0b001101 0b006b01 10000 100 25816 8445338 1727994 104851
0b000201 0b006d01 10000 100 1058398 8659429 1517884 970584
0b005e01 0b005501 10000 100 22863 10022500 211163 60773
0b003901 0b002301 10000 100 801273 8764263 1477770 755015
0b005601 0b007d01 10000 100 1307360 2795888 7470441 1179315
0b000101 0b001f01 10001 100 80 10196781 81982 83302
0b003501 0b007801 10000 100 86594 9543845 768170 155816
0b004401 0b003701 10000 100 5787 8826241 1531246 88060
0b000f01 0b007a01 10000 100 4161490 4312450 6069707 3572212
0b001601 0b000701 10000 100 11071 10333552 93320 92517
0b007b01 0b007001 10000 100 2088 10500375 42718 43385
0b007601 0b005d01 10000 100 2606810 3757021 6791268 2268756
0b003c01 0b001501 10000 100 150340 10351436 238272 209270
0b004701 0b000b01 10000 100 20287 10456878 139874 100236
0b006f01 0b007101 10000 100 633 10094667 529759 83744
0b002a01 0b000801 10000 100 20451 10487320 150976 100367
0b002801 0b003f01 10000 100 330795 10149093 508916 360546
0b005001 0b007801 10000 100 388924 4646154 6141356 409276
0b001001 0b004001 10000 100 76263 8271338 2520275 147167
0b003301 0b007f01 10000 100 68507 10654392 173343 140655
0b004201 0b006801 10000 100 43401 9676721 1258328 119610
0b004801 0b007301 10000 100 117543 9659162 1309550 181765
0b003701 0b004c01 10000 100 28235 10339294 634389 106901
0b005b01 0b001e01 10000 100 2331 10839650 156882 85180
0b005101 0b004e01 10000 100 590 9700025 1299161 83710
0b006901 0b000d01 10000 100 2176 9131209 1918413 85056
0b000501 0b004a01 10000 100 77883 9311229 1745919 148501
0b000b01 0b003901 10000 100 45487 10346307 762322 121356
0b007f01 0b006501 10000 100 133041 10899334 251241 194778
0b000c01 0b000b01 10000 100 1044603 9561799 1605850 917410
0b002c01 0b005d01 10000 100 1538312 5801225 5369229 1372947
0b003a01 0b005701 10000 100 47311 10919043 260185 122892
0b005001 0b003801 10000 100 661833 3871905 7317765 638087
0b007a01 0b003701 10000 100 44438 9690014 1565922 120478
0b002801 0b003d01 10000 100 16430 10006078 1251230 96996
0b006101 0b007b01 10000 100 9385 11166806 102296 91092
0b006a01 0b007f01 10000 100 179543 8966269 2324787 233746
0b000301 0b005301 10000 100 50104 10209598 1145326 125241
0b005d01 0b002401 10000 100 39154 10352582 1039750 116059
0b002b01 0b007901 10000 100 94771 9715770 1680868 162664
0b001e01 0b006b01 10000 100 44485 10805094 592008 120516
0b007001 0b004101 10000 100 3259696 5494006 5999896 2816140
0b004101 0b006301 10000 100 42829 11023181 615249 119114
0b004901 0b004c01 10000 100 57349 11571828 91218 89706
0b002e01 0b003a01 10000 100 25798 11691098 121933 104836
0b007e01 0b001c01 10000 100 23264 11667587 159032 102732
0b002101 0b000001 10000 100 979043 10132527 1724003 904066
0b000401 0b000901 10000 100 20858 11846248 58908 59092
0b005701 0b003101 10000 100 23793 11726221 185694 103156
0b005f01 0b006b01 10000 100 48311 9734345 2186598 123730
0b005201 0b005501 10000 100 25397 11879358 73972 62916
0b002201 0b006901 10000 100 23830 10836967 1180955 103185
0b005d01 0b000201 10000 100 7304 11917343 129174 89350
0b002501 0b006701 10000 100 66191 11853705 206309 138725
0b000901 0b002e01 10000 100 9662 11967309 101275 91313
0b000501 0b001301 10000 100 1917014 7787441 4301316 1690462
0b007d01 0b007701 10000 100 111303 11914420 177572 134943
0b003a01 0b003c01 10000 100 1668080 9196853 2900416 1440153
0b002a01 0b004a01 10000 100 27723 11413459 707777 106453
0b000d01 0b000801 10000 100 8833 12116024 53714 49012
0b000c01 0b004201 10000 100 29880 12093097 110857 108256
0b005001 0b001601 10001 100 22492 10566878 1653405 102076
0b001801 0b006801 10000 100 1506775 6221961 6005805 1346488
0b005c01 0b007d01 10000 100 27914 11881984 360279 106606
0b006d01 0b005401 10000 100 5107 10426306 1878122 87516
0b002d01 0b006e01 10000 100 29638 9837696 2496765 108062
0b000401 0b007901 10000 100 9187 11426503 999401 90933
0b006901 0b007601 10000 100 1821893 5176766 7249550 1610679
0b005b01 0b000201 10000 100 2648803 7719504 4722490 2303964
0b003f01 0b006901 10000 100 42299 10376415 2067027 118690
0b006601 0b006401 10000 100 128853 12301787 175394 149636
0b004b01 0b004001 10000 100 2133797 10555964 1946986 1830583
0b002801 0b005301 10001 100 1274789 10638173 1886418 1151991
0b001301 0b006601 10000 100 734220 10223270 2315100 698800
0b003d01 0b002d01 10001 100 2972392 6779537 5783371 2575276
0b000101 0b003601 10000 100 184761 11662098 907184 238112
0b001201 0b004201 10000 100 3955226 2918224 9655758 3399291
0b003701 0b002201 10000 100 60325 12038502 622583 133802
0b005101 0b007901 10000 100 4283379 658872 12031621 3674408
0b005901 0b005301 10000 100 49207 12194710 529946 82885
0b006a01 0b003001 10000 100 48484 11338190 1403724 123868
0b001b01 0b002401 10000 100 54305 12210297 590909 128756
0b005701 0b001001 10000 100 40435 12239237 562130 117122
0b005201 0b001e01 10000 100 3205405 3142673 9677130 2770634
0b007501 0b005801 10000 100 28580 12569433 261890 107177
0b005c01 0b004701 10000 100 26571 12712607 125518 105493
0b004801 0b004e01 10000 100 2865 12812152 43340 44007
0b002301 0b007b01 10000 100 3861 11404433 1482573 86442
0b006a01 0b003001 10001 100 37743 12094751 796464 114853
0b006c01 0b004a01 10000 100 8502 10301076 2615067 90347
0b006e01 0b001201 10000 100 4173678 2817773 10119760 3582424
0b004901 0b003a01 10000 100 2716 10573068 2426762 85488
0b004501 0b005701 10000 100 77829 11927386 1074640 148458
0b000f01 0b002601 10000 100 22760 12403807 620461 102291
0b000001 0b001601 10000 100 7523 12668717 476509 89525
0b003c01 0b002e01 10000 100 4006 13073788 87162 86596
0b002601 0b005001 10000 100 3569314 6494096 6814342 3075739
0b000301 0b001401 10000 100 11078 11681863 1645066 92523
0b004b01 0b003201 10000 100 140705 11978584 1353638 201178
0b001d01 0b004201 10000 100 30115 13186990 151537 108482
0b005d01 0b003c01 10000 100 23126 11838446 1516039 102622
0b005e01 0b006801 10000 100 1738587 3242912 10150456 1540847
0b004301 0b004201 10000 100 26143 13184083 214592 63551
0b004601 0b002a01 10001 100 63783 11991821 1437422 136684
0b003e01 0b006801 10000 100 101043 11352017 2107451 167951
0b002101 0b006401 10000 100 36401 13340468 128352 113741
0b001001 0b001901 10000 100 21070 13490287 78077 59300
0b005401 0b004b01 10000 100 24508 12884061 706235 103766
0b003201 0b006701 10000 100 1929 11932515 1679307 84820
0b003001 0b007e01 10000 100 34144 12594602 1020448 111859
0b007a01 0b000401 10000 100 923204 11209045 2447755 857244
0b005701 0b003801 10000 100 22943 12993209 664944 102437
0b007101 0b000901 10000 100 29223 13493793 172873 107730
0b003c01 0b005901 10000 100 32058 12217938 1450398 110113
0b000f01 0b004101 10000 100 1525394 10574903 3155232 1362113
0b005601 0b007301 10001 100 180217 13054575 681135 234324
0b004601 0b003101 10000 100 23823 11930203 1810201 103180
0b004201 0b003301 10000 100 27154 12912471 876638 105998
0b002201 0b006801 10000 100 1640 12385495 1405815 84588
0b000501 0b005501 10000 100 45417 13427379 368439 121300
0b007901 0b000301 10000 100 1300557 11647942 2171152 1173604
0b000301 0b001f01 10000 100 3205 13418077 415952 85917
0b005f01 0b004601 10000 100 3384998 3503695 10340883 2921182
0b007c01 0b005c01 10000 100 491518 12424182 1421326 495307
0b000101 0b005201 10000 100 27967 13545524 320627 106648
0b007201 0b000401 10000 100 31310 13431700 609313 109476
0b005801 0b006b01 10000 100 57250 11389447 2711884 131227
0b005b01 0b004d01 10000 100 2269 13635429 467060 85130
0b001501 0b001801 10000 100 172678 13310335 792667 186385
0b000901 0b001d01 10000 100 12607 13683241 460127 93784
0b006701 0b007c01 10000 100 199748 10596633 3572961 250678
0b005601 0b007001 10000 100 5730 14151154 98014 88014
0b005d01 0b002301 10000 100 34785 13211218 1068115 112372
0b001f01 0b007901 10000 100 913355 12053204 2250294 848981
0b005901 0b005701 10000 100 1657 14214378 89527 43002
0b006b01 0b007401 10000 100 27651 13636134 677320 106396
0b001401 0b001701 10000 100 68572 14271702 110952 99107
0b006b01 0b001301 10000 100 66393 14085457 471263 138887
0b005201 0b004d01 10000 100 62358 14154755 410980 135505
0b005c01 0b002c01 10001 100 30801 12245228 2357947 109031
0b007f01 0b006d01 10000 100 53587 14418064 230003 128143
0b000901 0b001901 10001 100 1389088 11901492 2755822 1247846
0b001a01 0b005501 10000 100 126933 14413518 250914 189623
0b007101 0b001101 10000 100 7046 13532671 1142707 89144
0b002101 0b004801 10000 100 2302877 10124459 4585997 2013936
0b004101 0b001601 10000 100 59995 14269859 517528 133500
0b001001 0b003301 10000 100 11797 12758878 2222515 93098
0b005701 0b000401 10000 100 29441 14530030 480650 107904
0b000801 0b004601 10000 100 69374 13883645 1155236 141387
0b003701 0b006d01 10000 100 5865 14971952 95350 88122
0b002601 0b001501 10000 100 1237781 12631165 2492617 1120964
0b002501 0b006b01 10000 100 776532 13232879 1900595 734262
0b004101 0b001501 10000 100 1437293 12758782 2379325 1288253
0b001901 0b005101 10000 100 71809 14619480 534109 143412
0b000f01 0b006b01 10000 100 26652 13482831 1675419 105558
0b006d01 0b007901 10000 100 67543 13448185 1736525 139845
0b003801 0b000501 10000 100 2928153 6518962 8669311 2538196
0b003701 0b003401 10000 100 8897483 7395880 7808068 7501269
0b005701 0b005901 10000 100 1615 15168071 48902 42968
0b007d01 0b006601 10000 100 598 14827583 399917 83716
0b002801 0b003d01 10001 100 44155 11988429 3240094 120252
0b000a01 0b001b01 10000 100 21688 13964940 1275573 101395
0b002601 0b004301 10000 100 3931464 8292095 6956806 3379360
0b003801 0b005901 10000 100 179028 13182354 2071576 233334
0b000701 0b005e01 10000 100 23510 13170943 2101630 102929
0b003301 0b000201 10000 100 23883 11585731 3691683 103228
0b000101 0b007301 10000 100 17575 12610919 2678551 97951
0b004401 0b005401 10000 100 25880 14210680 1081589 104902
0b001701 0b001601 10000 100 138971 14316515 1005187 158114
0b001201 0b000901 10000 100 904904 13491792 1835843 841875
0b002701 0b000f01 10000 100 8341 14783532 547455 90218
0b007701 0b001d01 10000 100 9931 14221668 1182178 91528
0b000c01 0b004101 10000 100 2447393 8604892 6808393 2135117
0b000701 0b006a01 10000 100 30557 11118475 4306311 108836
0b004401 0b007f01 10000 100 215158 12717024 2721455 263620
0b003b01 0b003901 10000 100 848064 9309719 6133745 752652
0b000301 0b005b01 10000 100 78456 14838345 683102 148998
0b003701 0b000c01 10000 100 25513 14877872 644358 104608
0b006901 0b006b01 10000 100 260577 15324534 317974 260084
0b007501 0b007701 10000 100 929174 14463596 1202185 820651
0b002701 0b005a01 10000 100 10191 15328924 398759 91775
0b003801 0b007101 10000 100 17945 14972994 813718 98247
0b001401 0b003f01 10000 100 79939 15225776 623453 150223
0b004101 0b001601 10001 100 71634 15225958 659461 143272
0b006101 0b004301 10000 100 23918 12984590 2925935 103256
0b003901 0b006701 10000 100 20492 14902134 1041330 100400
0b001801 0b003b01 10000 100 946 15771709 212275 83995
0b005001 0b005801 10000 100 4775374 2458635 13574226 4045297
0b005501 0b004701 10000 100 5637 15955478 89967 87940
0b000201 0b005401 10000 100 19322 15853540 192144 99425
0b000d01 0b007f01 10000 100 4774770 5969148 10080576 4086376
0b001001 0b004f01 10000 100 28330 14426746 1664677 106977
0b004001 0b005e01 10000 100 27399 15983526 126942 106194
0b007a01 0b002901 10000 100 284792 14677017 1442690 321977
0b007501 0b005c01 10000 100 20096 15998574 131695 100083
0b002201 0b000601 10000 100 22849 15061386 1120409 102362
0b005301 0b001e01 10000 100 59751 15722945 462640 133304
0b002a01 0b001e01 10000 100 28337 12910445 3276309 106983
0b003901 0b004c01 10000 100 65838 16040932 187358 138404
0b002501 0b003a01 10000 100 552653 15008714 1336430 546557
0b005301 0b007301 10000 100 188261 14438812 2101754 241066
0b007001 0b000401 10000 100 6297323 1705804 14870012 5362901
0b005001 0b005201 10000 100 1505 16561083 42758 42880
0b001c01 0b005501 10000 100 732 16137629 502096 83824
0b001901 0b002001 10000 100 27951 14791405 1924438 106636
0b007901 0b001801 10000 100 47595 15557425 1164798 123119
0b000b01 0b002301 10000 100 71078 15011457 1717879 142827
0b002101 0b003201 10000 100 4841 16571330 284038 87264
0b004301 0b006c01 10000 100 17544 15393750 1502648 97926
0b004401 0b003b01 10000 100 1082870 11259630 5688385 991083
0b006501 0b006701 10000 100 2562 16912762 43098 43764
0b003901 0b000201 10000 100 13732 15868378 1111114 94723
0b003801 0b007c01 10000 100 57173 16726770 260660 131165
0b007901 0b000b01 10000 100 24019 16830586 180591 103375
0b000701 0b004201 10000 100 2860 14783345 2257774 85603
0b002b01 0b006c01 10000 100 78227 16461457 591938 148815
0b003401 0b001c01 10000 100 917201 10745726 6314050 852212
0b004b01 0b002a01 10000 100 70187 16633300 526268 142076
0b007801 0b000001 10000 100 1389314 11633559 5562581 1248027
0b006001 0b000601 10000 100 29037 16102973 1134155 107581
0b002c01 0b004b01 10000 100 47386 14153985 3109784 122952
0b002201 0b003d01 10000 100 62095 16297700 986917 135295
0b004301 0b006001 10000 100 1296951 9936139 7375659 1170565
0b001001 0b003701 10001 100 1191020 15665737 1727395 1081788
0b003801 0b002901 10000 100 1617813 9269434 8126624 1439581
0b001001 0b006f01 10000 100 6899 16308943 1102309 88988
0b006501 0b005901 10000 100 1226236 11645379 5800140 1111305
0b001201 0b006701 10000 100 176848 16664129 788633 231475
0b007501 0b002701 10000 100 58810 16696552 759992 132513
0b001301 0b004d01 10000 100 324612 15161490 2303514 355369
0b004d01 0b004301 10000 100 2154956 14093863 3376061 1848316
0b002701 0b007c01 10000 100 14290 14782401 2713571 95208
0b001001 0b003701 10000 100 4888542 6448160 11090046 4181771
0b000401 0b004201 10000 100 1755451 13462060 4094962 1554991
0b005001 0b007701 10000 100 2996595 11461910 6152847 2595560
0b002c01 0b000d01 10000 100 1554486 14059923 3564504 1386500
0b004301 0b000901 10000 100 54429 17342201 287375 128855
0b003201 0b002b01 10000 100 2864174 12641351 4991448 2484555
0b002701 0b003101 10000 100 7290 16587179 1070228 89339
0b002801 0b007801 10000 100 1151449 14647940 3011478 1048596
0b001e01 0b007901 10000 100 16249 16644360 1035364 96852
0b005801 0b004d01 10000 100 58988 15985491 1697880 132656
0b007b01 0b002601 10000 100 949007 12374169 5313449 878885
0b002a01 0b001801 10000 100 3572 17089003 608858 86211
0b004301 0b004201 10001 100 1248 17424334 276688 42675
0b004d01 0b000501 10000 100 1463709 14200769 3500288 1310384
0b005e01 0b006301 10000 100 13840 14671975 3067261 94809
0b002f01 0b001e01 10000 100 78719 15951796 1793019 149208
0b003001 0b002301 10000 100 68143 16233513 1562641 140364
0b007601 0b001601 10000 100 10996 15514086 2296486 92419
0b000801 0b002301 10000 100 988103 14725378 3107315 911660
0b004201 0b001401 10000 100 176817 17046317 838699 231450
0b004b01 0b001c01 10000 100 35298 15789632 2125322 112820
0b006701 0b003201 10000 100 5703021 8217983 9709076 4864650
0b003801 0b006801 10000 100 4870320 628485 17362651 4166502
0b004e01 0b003201 10000 100 1510037 13802198 4201455 1349252
0b005301 0b000301 10000 100 19035 16646930 1364729 99196
0b002901 0b004b01 10000 100 257928 11885805 6149298 299449
0b007601 0b001001 10000 100 18625 15975877 2115499 98829
0b002801 0b004c01 10000 100 1758379 14543004 3548543 1557448
0b001c01 0b007801 10000 100 856 18021124 93688 83923
0b005601 0b002801 10000 100 82035 17157541 967803 152015
0b003e01 0b004f01 10000 100 3691464 5142405 12997444 3178144
0b005601 0b003a01 10000 100 62827 17208199 946345 135880
0b004701 0b001d01 10000 100 20867 17120820 1105900 100700
0b005c01 0b006001 10000 100 18350 17947531 346374 98609
0b000901 0b006d01 10000 100 3330639 12655346 5654224 2875621
0b001601 0b007b01 10000 100 182418 16687547 1624467 236161
0b000a01 0b006b01 10000 100 46438 16134316 2197600 122155
0b002901 0b000901 10000 100 16405 14910193 3459229 96976
0b000f01 0b003e01 10000 100 37760 17557581 820187 114867
0b002c01 0b003601 10000 100 4553 16700070 1680113 87034
0b004e01 0b002101 10000 100 73822 18267090 150181 145099
0b005901 0b000e01 10000 100 843981 10009745 8411412 790794
0b000701 0b004901 10000 100 6266 17822354 627324 88481
0b003301 0b007601 10000 100 2156635 13660365 4824023 1891336
0b006c01 0b004a01 10001 100 754238 11347025 7140101 715582
0b003f01 0b001d01 10000 100 52478 16750887 1757663 127217
0b002001 0b002e01 10000 100 28732 18194205 318979 65699
0b006601 0b004201 10000 100 1261628 14180847 4356964 1140963
0b003501 0b004501 10000 100 2824007 6258587 12317701 2450885
0b005701 0b001801 10000 100 56090 18382731 229706 130260
0b006f01 0b003001 10000 100 24941 16308052 2369781 104112
0b006d01 0b004401 10000 100 25799 17161126 1533253 104837
0b004901 0b001801 10000 100 2048467 12309885 6479332 1800655
0b000901 0b004201 10000 100 110013 18544709 254177 175472
0b006e01 0b005601 10000 100 904781 16941396 1913455 841776
0b000c01 0b006001 10000 100 1521677 17215917 1644638 1358986
0b002c01 0b005c01 10000 100 43659 18441618 425381 119816
0b005001 0b006601 10000 100 1758069 17098307 1802066 1557200
0b007001 0b006801 10000 100 548906 15842221 3090617 543406
0b005c01 0b002a01 10000 100 66568 17829074 1127605 139027
0b006e01 0b004201 10000 100 3770127 12446855 6538532 3244108
0b005901 0b002a01 10000 100 24921 15124021 3871818 104096
0b004f01 0b001c01 10001 100 46434 18026585 973711 122152
0b007301 0b004901 10000 100 4312 18904549 97816 86841
0b000101 0b000801 10000 100 1329166 14190509 4837784 1156004
0b004f01 0b004d01 10000 100 216552 18500395 670763 223174
0b001c01 0b002a01 10000 100 22362 18312622 959133 101972
0b000201 0b005601 10000 100 542436 15018422 4264686 538000
0b000a01 0b005c01 10000 100 3640798 11049132 8238922 3135652
0b006b01 0b002401 10000 100 197225 18769917 523718 248583
0b000901 0b006401 10000 100 395209 17050682 2294222 414573
0b002401 0b003a01 10000 100 21725 16945495 2406147 101424
0b007d01 0b002201 10000 100 74439 18935072 446306 145631
0b004d01 0b003c01 10000 100 408674 18062351 1360932 425844
0b007101 0b007b01 10000 100 74556 19320014 107910 104124
0b004701 0b003601 10000 100 66265 18081387 1350594 138784
0b000101 0b007a01 10000 100 1667 18507511 964903 84610
0b002f01 0b000701 10000 100 36451 18513177 978434 113781
0b000701 0b005401 10000 100 9609 19411736 99308 91271
0b006e01 0b000f01 10000 100 505478 17351721 2196710 507012
0b002701 0b005f01 10000 100 46000 18549727 1005023 121766
0b000501 0b001501 10000 100 88928 18366176 1216778 157760
0b006e01 0b005d01 10000 100 26526 19479582 122049 105457
0b006501 0b000e01 10000 100 1288 18295079 1324826 84307
0b005601 0b007301 10000 100 4747574 10400868 9224454 4063582
0b000101 0b002d01 10000 100 2547 17795129 1980205 85352
0b005901 0b006901 10000 100 1555375 5055290 14739077 1387250
0b005601 0b007501 10000 100 57232 18037873 1779038 131212
0b000701 0b004901 10001 100 14338 19720108 109184 95246
0b005c01 0b007001 10000 100 5127 19636266 215103 87532
0b001301 0b001c01 10000 100 10334 19801825 92479 50289
0b007701 0b004f01 10000 100 7105365 3779328 16140015 6040362
0b003401 0b007701 10000 100 32114 19779769 167903 110158
0b003b01 0b000901 10000 100 7759 19491424 457316 89714
0b002001 0b002601 10000 100 27125 19574495 410480 64375
0b005601 0b003201 10000 100 25049 19536395 459491 104237
0b000801 0b003601 10000 100 362240 18213937 1783629 386931
0b000201 0b002e01 10000 100 7132 18558197 1453460 89212
0b001101 0b001a01 10000 100 53811 19942320 93478 86722
0b000001 0b007401 10000 100 674687 17392936 2659856 648869
0b003501 0b002201 10000 100 1590422 17063955 2994213 1416632
0b001d01 0b003101 10000 100 8122 18085018 2081538 90043
0b004001 0b000a01 10000 100 269354 18897639 1325611 309051
0b000201 0b001f01 10000 100 72929 19846528 380617 144346
0b002d01 0b006201 10000 100 1128214 9221753 11064787 1029124
0b006401 0b000d01 10000 100 4304134 9040577 11254375 3691819
0b005e01 0b002801 10000 100 48395 20120231 192994 123797
0b002601 0b002501 10000 100 37073 20006040 390557 72717
0b006d01 0b001f01 10000 100 64680 19942921 470919 137440
0b004001 0b004f01 10000 100 1977111 18425018 2027942 1699244
0b002a01 0b006b01 10000 100 22597 17522647 2933324 102160
0b000f01 0b001d01 10000 100 3209 20250575 206634 85920
0b000801 0b004e01 10000 100 323251 19945508 541822 354242
0b004c01 0b000f01 10000 100 1039104 15911696 4599652 954419
0b006c01 0b006801 10000 100 1760650 9058058 11459001 1517742
0b005001 0b005e01 10000 100 42490 20424324 94915 77243
0b001901 0b005501 10000 100 568290 18654458 1869092 559681
0b004801 0b004201 10000 100 2801 20494466 45186 43956
0b001301 0b000701 10001 100 7586 19446977 1093853 89576
0b007c01 0b001101 10000 100 22049 19599373 981414 101722
0b002201 0b007301 10000 100 30990 19444041 1165115 109182
0b002601 0b001001 10000 100 9092 19052191 1561928 90857
0b005501 0b004901 10000 100 35098 19774037 848021 112660
0b003501 0b005201 10000 100 181029 19931542 691518 235012
0b005c01 0b004001 10000 100 40567 19440256 1282855 117228
0b007f01 0b006401 10000 100 716594 18168618 2595703 684008
0b003401 0b001a01 10000 100 25648 19060678 1739644 104716
0b007f01 0b001f01 10000 100 28316 19876430 999990 106966
0b000901 0b003001 10000 100 166895 20052976 840459 223128
0b003a01 0b002001 10000 100 1930465 13868483 7082297 1701722
0b007e01 0b006201 10000 100 380977 17538716 3441434 402612
0b005301 0b004801 10000 100 5813 20361377 620944 88080
0b000201 0b001101 10000 100 8531 20913377 130230 90370
0b006d01 0b005901 10000 100 36881 20884679 186613 114125
0b006d01 0b001701 10000 100 72632 19664584 1521356 144108
0b001a01 0b002801 10000 100 55364 21040767 145754 129641
0b000f01 0b001601 10000 100 2435 20984360 278618 85263
0b002101 0b003f01 10000 100 75274 20538657 749387 146337
0b001301 0b001d01 10000 100 72716 20696616 599335 102576
0b007f01 0b005201 10000 100 20313 19865170 1433179 100256
0b004801 0b007501 10000 100 134839 20414392 886881 196255
0b004401 0b002401 10000 100 1902472 12354774 8961573 1678252
0b001301 0b004301 10000 100 9012 21170330 240410 90793
0b000b01 0b004b01 10000 100 23084 20922749 495944 102588
0b007f01 0b001301 10000 100 857682 20151218 1372448 802292
0b003001 0b005401 10000 100 6490851 378802 21153699 5525135
0b002d01 0b006801 10000 100 28015 20205264 1335895 106725
0b002101 0b006601 10000 100 288 21560756 84544 83468
0b007001 0b000001 10000 100 499589 20983956 697535 502071
0b005201 0b005301 10000 100 34799 21606448 76543 70783
0b003801 0b003c01 10000 100 1794836 19475983 2242000 1546396
0b000201 0b003701 10000 100 25739 21418463 305752 104789
0b004501 0b000e01 10000 100 149372 21592055 251172 208457
0b005201 0b000901 10000 100 13284 19367950 2487116 94364
0b007001 0b002401 10000 100 2650959 12119088 9755979 2305765
0b004601 0b001201 10000 100 1246 21148372 788810 84273
0b002001 0b001001 10000 100 15032 21662271 276172 95840
0b001401 0b007001 10000 100 73436 21377357 565826 144790
0b003a01 0b003b01 10000 100 1064993 19224541 2718713 934490
0b003a01 0b001901 10000 100 102508 21335514 640676 169161
0b006f01 0b006b01 10000 100 5243900 7994691 13992954 4438089
0b002201 0b002b01 10000 100 2230 21915433 98340 43499
0b006101 0b003601 10000 100 2281102 16478538 5541225 1995710
0b005d01 0b005c01 10000 100 142022 21087385 997247 160708
0b006101 0b001401 10000 100 5353561 4252843 17855523 4571642
0b004a01 0b002901 10000 100 28307 21243428 916282 106959
0b000a01 0b003301 10000 100 168169 20677485 1510888 224224
0b006501 0b001c01 10000 100 293232 20639676 1553351 329075
0b006b01 0b002601 10000 100 16587 20610516 1589497 97122
0b005901 0b002901 10000 100 524948 14188526 8021114 523318
0b002f01 0b004101 10000 100 6270 20132045 2107641 88484
0b005001 0b000e01 10000 100 1963812 12388390 9856463 1729667
0b000101 0b006801 10000 100 3611395 6943915 15310402 3111016
0b006901 0b004a01 10000 100 2965 20913529 1351490 85687
0b002e01 0b001b01 10000 100 1575113 16784572 5556782 1403808
0b004001 0b004c01 10000 100 1074144 21240674 1129339 942195
0b005701 0b003301 10000 100 2173 20965771 1440038 85053
0b006601 0b007201 10000 100 9909 21365089 1123800 91511
0b002201 0b002c01 10000 100 53556 21663624 832923 86518
0b007401 0b004d01 10000 100 4674084 12362666 10203429 4001987
0b003a01 0b003e01 10000 100 437747 21569674 1011374 408616
0b001f01 0b006401 10000 100 24027 21902489 726694 103381
0b001a01 0b005a01 10000 100 73651 20904252 1774712 144962
0b001001 0b007901 10000 100 35020 21605255 1085314 112598
0b002401 0b006c01 10000 100 400296 19514327 3196047 418835
0b006101 0b001d01 10000 100 48580 21862538 858318 123945
0b000401 0b005a01 10000 100 22263 21572922 1196535 101893
0b000201 0b001801 10000 100 48521 22282562 492239 123898
0b001d01 0b001301 10000 100 66280 22690024 99480 97196
0b003601 0b007101 10000 100 11570 22530098 284907 92916
0b005f01 0b005a01 10000 100 486 22794941 41094 42027
0b000f01 0b000401 10000 100 2511 22569738 315158 43724
0b000501 0b003d01 10000 100 1694912 21251329 1733880 1504217
0b007a01 0b001801 10000 100 298403 20963363 2048215 333404
0b002301 0b002f01 10000 100 1772644 19844947 3208508 1527798
0b000a01 0b000201 10000 100 62125 22989096 105282 93719
0b006801 0b007901 10000 100 5419268 9189061 13909894 4626742
0b000f01 0b000901 10000 100 4793615 17408046 5698998 4060581
0b006c01 0b007701 10000 100 22393 22511312 603796 101997
0b000b01 0b003701 10000 100 40551 22629154 501195 117215
0b007001 0b001d01 10000 100 16880 21747353 1409108 97356
0b001701 0b005d01 10000 100 1336765 13604587 9655835 1203952
0b004e01 0b001501 10000 100 56742 22405379 862017 130782
0b003601 0b006a01 10000 100 1412280 14916519 8371783 1267283
0b005a01 0b006401 10000 100 21941 21909050 1433008 101597
0b002e01 0b004f01 10000 100 905 22288360 1064794 83962
0b004101 0b004001 10000 100 78350 23221054 142186 107313
0b003e01 0b006301 10000 100 78039 22722370 707983 148664
0b001e01 0b004201 10000 100 64795 22339528 1148651 137532
0b007701 0b005701 10000 100 20352 21526301 1981504 100288
0b002c01 0b002601 10000 100 9913473 3092144 20478198 8353076
0b002d01 0b000001 10000 100 228538 20180307 3422390 274824
0b006201 0b000101 10000 100 2052998 16271420 7398095 1804433
0b001501 0b006c01 10000 100 3040225 11723710 11970133 2632154
0b005e01 0b002701 10000 100 38767 23513067 186672 115711
0b002101 0b004801 10001 100 2399 23145996 653747 85234
0b003701 0b000a01 10000 100 26864 22180603 1643395 105728
0b004601 0b000701 10000 100 39776 22590024 1241042 116556
0b001901 0b004101 10000 100 304 23087907 768904 83481
0b004101 0b006901 10000 100 239328 22270023 1588938 283878
0b001201 0b002001 10000 100 30978 21282398 2588200 109172
0b006101 0b006301 10000 100 4967638 17788755 6088092 4206481
0b005f01 0b005e01 10000 100 110791 23750266 168922 134495
0b000b01 0b001d01 10000 100 2154 22486880 1436326 85038
0b004401 0b000c01 10000 100 79453 23702162 232226 149834
0b001e01 0b000501 10000 100 2139722 12979315 10997242 1877153
0b004201 0b007601 10000 100 6490751 1933535 22047722 5525055
0b004301 0b000d01 10000 100 529957 21732282 2305915 527517
0b004e01 0b006d01 10000 100 474039 22647599 1394094 480671
0b007501 0b000701 10000 100 1081848 20887964 3163689 990227
0b007101 0b000901 10001 100 20485 23952431 126130 100394
0b004d01 0b001701 10000 100 33260 23058806 1064392 111113
0b006201 0b007a01 10000 100 1676285 19582215 4698884 1488624
0b007b01 0b007601 10000 100 8259183 11522624 12778341 6966130
0b003c01 0b002a01 10000 100 1827 22763952 1572963 84738
0b002601 0b001a01 10000 100 41842 23297913 1072548 118286
0b003e01 0b007901 10000 100 22490 24238360 140873 102075
0b007801 0b000c01 10000 100 1395909 19542918 4853136 1253533
0b000601 0b006b01 10000 100 542807 21455659 2956533 538296
0b005601 0b002b01 10000 100 4376581 12995653 11421401 3752541
0b003301 0b000401 10000 100 829254 20307499 4122295 778475
0b003401 0b005201 10000 100 2427069 19571953 4864209 2118090
0b000401 0b002101 10000 100 50195 23898417 619064 125314
0b005c01 0b001001 10000 100 42476 23007457 1513928 118832
0b005601 0b006501 10000 100 135905 23330057 1201219 197146
0b006f01 0b005f01 10000 100 192361 21680168 2870786 244500
0b001601 0b007901 10000 100 52038 23500815 1057414 126865
0b007901 0b004901 10000 100 161642 22048792 2518987 218734
0b004e01 0b006701 10000 100 851336 21179089 3456691 796985
0b007c01 0b006a01 10000 100 2854 23741419 986227 85598
0b001f01 0b007b01 10000 100 75089 24110024 618591 146189
0b006c01 0b000601 10000 100 1538123 17962725 6846254 1372796
0b000101 0b006401 10000 100 24619 23957753 875740 103855
0b002b01 0b005701 10000 100 10131 24395575 449264 91727
0b007b01 0b005401 10000 100 11851 24237844 609124 93141
0b001701 0b003e01 10000 100 30310 23730458 1129345 108638
0b001f01 0b006001 10000 100 37053 23789243 1072380 114301
0b000f01 0b000501 10000 100 34481 24893855 138881 70528
0b003401 0b004301 10000 100 892 23617795 1467294 83952
0b007701 0b006601 10000 100 7323 25014687 95064 89365
0b007501 0b000401 10000 100 75351 24085556 1053020 146399
0b007a01 0b002701 10000 100 76293 24790416 378194 147191
0b004a01 0b002801 10000 100 4870417 11799018 13447253 4166580
0b006901 0b004001 10000 100 176753 23080185 2176306 231399
0b003801 0b001201 10000 100 5176259 2851343 22440671 4423004
0b007b01 0b003b01 10000 100 1999977 17198748 8109069 1759981
0b005801 0b005501 10000 100 5769 24015160 1317013 46445
0b001501 0b006201 10000 100 430023 19134330 6205688 443768
0b004c01 0b006401 10000 100 21316 25215628 143895 101097
0b006e01 0b003201 10000 100 1597 25091825 302651 84554
0b004d01 0b001201 10000 100 19549 24987974 411350 99607
0b006f01 0b002301 10000 100 1767230 18675312 6769907 1564875
0b002001 0b004d01 10000 100 8147 24893718 595719 90063
0b004701 0b006201 10000 100 5965 25235637 291827 88202
0b000c01 0b004301 10000 100 2576 25533357 90791 85376
0b005801 0b005201 10000 100 13758 25550574 78130 53144
0b002c01 0b001601 10000 100 1913 25549455 87180 84807
0b000f01 0b003001 10000 100 16355 25550351 102830 96936
0b007201 0b000601 10000 100 58829 25029829 625848 132528
0b006001 0b001001 10000 100 49277 23993412 1692812 124541
0b002301 0b002601 10000 100 28704 25334440 355574 65676
0b005b01 0b003b01 10000 100 15320 24886868 842358 96070
0b004401 0b006401 10000 100 63762 24098271 1635041 136667
0b004e01 0b003001 10000 100 104019 24839289 915481 170447
0b000501 0b004801 10000 100 51553 23070288 2805287 126439
0b007901 0b006801 10000 100 180812 24631216 1274804 234800
0b002801 0b003a01 10000 100 42698 25290056 726090 119009
0b001001 0b005b01 10000 100 4787783 19566184 6456146 4097285
0b003101 0b006401 10000 100 45640 25658012 364913 121478
0b004c01 0b001401 10000 100 7043308 8505399 17553764 5988336
0b001101 0b004701 10000 100 1620882 22546907 3554267 1442152
0b007c01 0b006801 10000 100 20029 25201199 906739 100029
0b004101 0b003801 10000 100 52373 25617934 530656 127133
0b005101 0b004501 10000 100 18383 25081703 1076957 98636
0b004101 0b002601 10000 100 21945 24932438 1287795 101600
0b007501 0b001f01 10000 100 49033 25085034 1154760 124346
0b007d01 0b002e01 10000 100 20528 25870749 469668 100428
0b003101 0b003f01 10000 100 1298424 25194878 1167295 1130220
0b007e01 0b005501 10000 100 4336536 11315208 15048925 3718969
0b006801 0b002e01 10000 100 5501 25059632 1318696 87831
0b005201 0b004d01 10001 100 26364 25868318 543118 105328
0b000401 0b007101 10000 100 52552 24891398 1711899 127276
0b006501 0b000a01 10000 100 46029 25074344 1572892 121828
0b000c01 0b004e01 10000 100 26949 26497227 193222 105796
0b001e01 0b000101 10000 100 117542 24417939 2274766 181764
0b001b01 0b002f01 10000 100 23160 26016573 732790 102649
0b006001 0b002701 10000 100 3496142 20563138 6247007 3014398
0b000801 0b004901 10000 100 3250053 20890623 5949492 2808080
0b001c01 0b006c01 10000 100 150794 25528325 1394776 209633
0b001b01 0b007801 10000 100 22591 26746901 205091 102156
0b000901 0b005d01 10000 100 1478 26301901 665749 84459
0b001601 0b004301 10000 100 7623081 13792255 13211321 6474426
0b007401 0b005e01 10000 100 166741 26583950 550082 223005
0b005f01 0b004501 10000 100 27189 27008322 127866 106026
0b000401 0b005b01 10000 100 1010557 21214852 5935961 930468
0b002a01 0b004101 10000 100 75032 25455503 1715950 146144
0b000601 0b000701 10000 100 573983 25165885 2011179 522828
0b007c01 0b006401 10000 100 24820 25816374 1413159 104016
0b002801 0b005601 10000 100 28079 27074622 165369 106776
0b001801 0b001401 10000 100 4000 27154795 110932 44953
0b005801 0b002501 10000 100 820183 21015724 6256568 770872
0b006601 0b004101 10000 100 3266085 14968656 12323766 2821520
0b004201 0b005501 10000 100 36154 26790136 508768 113544
0b005f01 0b001201 10000 100 29324 27183021 119852 107811
0b006001 0b001701 10000 100 63786 27111450 195427 136686
0b000f01 0b002d01 10000 100 562956 22991398 4321584 555184
0b007c01 0b005901 10000 100 264442 25605457 1716357 304929
0b005c01 0b000601 10000 100 55233 26860466 476884 129536
0b003a01 0b004501 10000 100 54193 27123856 281612 128666
0b007201 0b004901 10000 100 92453 25931960 1547261 160733
0b002401 0b002501 10000 100 199184 26225425 1263991 208627
0b003901 0b007801 10000 100 1895 27217277 337207 84792
0b007301 0b003001 10000 100 45174 27126079 479273 121105
0b002b01 0b001101 10000 100 23322 27261295 362967 102779
0b004a01 0b004001 10000 100 10206 27576188 58290 50187
0b001301 0b007201 10000 100 4611109 6334387 21309104 3949188
0b007701 0b003a01 10000 100 43076 27265850 397235 119350
0b005401 0b006801 10000 100 53924 24602407 3076016 128412
0b000001 0b004501 10000 100 7559351 10649528 17043533 6420984
0b005501 0b000201 10000 100 7891 26882141 849278 89820
0b001801 0b005a01 10000 100 2094 27440419 301755 84990
0b003e01 0b007501 10000 100 7380 27317644 441539 89411
0b004701 0b003601 10001 100 181232 26826097 938074 235174
0b004f01 0b003e01 10000 100 23064 26811040 991120 102572
0b004c01 0b006501 10000 100 56424 27627639 184465 130528
0b004d01 0b000201 10000 100 21186 27009864 995249 100993
0b001501 0b006a01 10000 100 58873 27181667 836848 132564
0b001101 0b002801 10000 100 653063 24450110 3696414 630764
0b007e01 0b002a01 10000 100 9763 26506225 1642465 91394
0b002c01 0b004201 10000 100 514853 25663952 2506469 514858
0b003e01 0b003f01 10000 100 7592 28092923 89744 47980
0b003301 0b001201 10000 100 682 28046350 141935 83784
0b001e01 0b005c01 10000 100 4085524 13723003 14570688 3508521
0b004101 0b001801 10000 100 2922677 20123494 8196377 2533584
0b004601 0b006901 10000 100 1870738 21530421 6810911 1651636
0b000901 0b001601 10000 100 131433 25084493 3271469 193415
0b006901 0b005601 10000 100 1818 27361325 1025570 84731
0b001701 0b007e01 10000 100 5842676 8722132 19699474 4981712
0b002401 0b007001 10000 100 22819 26870149 1554817 102338
0b005201 0b006601 10000 100 27518 28222189 214050 106289
0b003701 0b002601 10000 100 95942 27957999 539890 163640
0b004801 0b007f01 10000 100 6532 27993986 520890 88694
0b000b01 0b006401 10000 100 2497 28265707 271588 85312
0b006a01 0b000901 10000 100 27297 27807970 764139 106112
0b007001 0b000f01 10000 100 916228 27091596 1503807 851395
0b003201 0b007201 10000 100 4054791 20088613 8523445 3482744
0b004e01 0b005901 10000 100 42371 28266299 384381 118748
0b001901 0b004401 10000 100 71208 28114305 612305 142931
0b007201 0b006201 10000 100 4404538 17011660 11718749 3775982
0b000101 0b007201 10001 100 983 28538925 224672 84024
0b006e01 0b004c01 10000 100 2889 28442660 346473 85626
0b003801 0b005401 10000 100 179637 26832535 1975717 233821
0b002101 0b001b01 10000 100 1253985 22669215 6152160 1134541
0b006001 0b004601 10000 100 65677 28213546 614267 138276
0b004c01 0b000e01 10000 100 2262808 22625518 6318409 1980345
0b006501 0b007d01 10000 100 72726 28724966 236847 144184
0b003d01 0b000b01 10000 100 27750 27288737 1735825 106475
0b000f01 0b005101 10000 100 3308689 15200711 13861928 2857216
0b002f01 0b001b01 10000 100 1955089 13445380 15617621 1722381
0b006301 0b005801 10000 100 171718 28101781 966493 227179
0b006401 0b002901 10000 100 3296805 21545025 7527444 2847248
0b000e01 0b004901 10000 100 1851600 24166878 4928529 1635596
0b000201 0b001901 10000 100 417718 24593419 4521965 433425
0b001f01 0b004c01 10000 100 1326 28634715 487700 84337
0b002f01 0b002301 10000 100 39657 29037780 107996 74861
0b000e01 0b005201 10000 100 61895 28610476 537349 135096
0b004701 0b003c01 10000 100 774726 27576384 1572074 732740
0b000601 0b001f01 10000 100 8539 28968237 227885 90376
0b005b01 0b000201 10001 100 551684 24991033 4220883 545744
0b006501 0b001e01 10000 100 37809 28281381 933408 114906
0b000801 0b006701 10000 100 620754 27680790 1616059 603649
0b006201 0b005e01 10000 100 1406 28887037 421747 84401
0b002c01 0b000701 10000 100 17280 27758906 1591747 97715
0b002401 0b006401 10000 100 47123 27445357 1911276 122741
0b001f01 0b005801 10000 100 4680445 12874802 16493073 4007306
0b002f01 0b006601 10000 100 885866 28331619 1036609 825915
0b005901 0b006501 10001 100 32984 29200564 330705 110854
0b001701 0b003501 10000 100 7899630 7767825 21764152 6706264
0b000101 0b006501 10000 100 6300 29066968 467967 88508
0b002c01 0b005401 10000 100 1814 27113456 2444089 84728
0b003701 0b006101 10000 100 9454 28993116 581022 91147
0b001f01 0b002701 10000 100 1130083 24626495 4980318 1030696
0b005701 0b003b01 10000 100 20794 28256578 1362408 100641
0b004601 0b001301 10000 100 893 29342793 287935 83952
0b007901 0b007101 10000 100 4349 29608454 45902 45271
0b003d01 0b001501 10000 100 506892 28023799 1694456 508182
0b005b01 0b007501 10000 100 20627 27496735 2247006 100508
0b004301 0b003601 10000 100 7074025 11488203 18257684 6014100
0b001c01 0b005e01 10001 100 29568 27824223 1932638 108006
0b005001 0b001f01 10000 100 7014 28340353 1426975 89118
0b001401 0b003301 10000 100 7049916 15410735 14385663 5993852
0b006d01 0b004101 10000 100 181024 29194106 615050 235008
0b004501 0b004201 10000 100 138794 29330715 505789 157972
0b003b01 0b005501 10000 100 6359331 6244464 23601086 5414888
0b003d01 0b005701 10000 100 49212 29562142 319959 124489
0b001901 0b005101 10001 100 711535 26633964 3256015 679768
0b000301 0b005501 10000 100 363371 27553932 2361061 387874
0b005c01 0b006101 10000 100 1646162 15337380 14615024 1463374
0b001e01 0b002201 10000 100 1177981 27485394 2467931 1070820
0b004301 0b006601 10000 100 2403783 19456833 10513068 2098540
0b006001 0b003a01 10000 100 591462 27336645 2639692 579102
0b004c01 0b007201 10000 100 7423 28654949 1421879 89445
0b006401 0b007d01 10000 100 54321 29374970 717688 128768
0b006401 0b003d01 10000 100 1582438 23658430 6452740 1409937
0b004d01 0b006f01 10000 100 62461 29932811 178731 135588
0b007c01 0b006901 10000 100 999123 28451533 1661874 920898
0b005a01 0b007401 10000 100 14718 29497027 632546 95550
0b000f01 0b000001 10000 100 33820 30139260 103640 69961
0b006001 0b000901 10000 100 7424 28989350 1278121 89446
0b007a01 0b004c01 10000 100 5079883 13385821 16916100 4342178
0b005a01 0b003201 10000 100 5572 29674511 679689 87888
0b001501 0b007e01 10000 100 64433 27713374 2657254 137242
0b006f01 0b000d01 10000 100 8557343 3148884 27254615 7257701
0b000401 0b000001 10000 100 2069 30368890 45053 43370
0b003d01 0b003501 10000 100 184 30461693 42800 41785
0b005301 0b003401 10000 100 28895 29788146 733967 107429
0b005c01 0b003601 10000 100 2492362 13152519 17411427 2172820
0b003501 0b002b01 10000 100 20293 28845205 1766891 100240
0b006a01 0b005601 10000 100 629805 29287082 1350869 611236
0b003401 0b001301 10000 100 735512 26933022 3728343 699872
0b004601 0b003401 10000 100 14579 30139772 542280 95439
0b002a01 0b005d01 10000 100 1105274 19768546 10950095 1009889
0b002001 0b003e01 10000 100 51739 28363760 2360381 126588
0b002201 0b003301 10000 100 20193 29386499 1337978 100160
0b005401 0b007101 10000 100 738286 22264786 8464336 702206
0b007601 0b004501 10000 100 62580 30592143 163532 135683
0b001801 0b007501 10000 100 26590 30326579 437750 105508
0b003001 0b002c01 10000 100 184143 29799131 1014141 237618
0b007601 0b005a01 10000 100 148219 30178609 660672 207496
0b007501 0b004801 10000 100 6136 30633501 301277 88377
0b003401 0b007501 10000 100 18597 29204774 1747286 98807
0b007c01 0b001701 10000 100 42221 30814610 169403 118628
0b001e01 0b001601 10000 100 54214 30889608 109021 87083
0b003d01 0b004e01 10000 100 21448 30069315 984292 101203
0b003101 0b004701 10000 100 90532 30390128 670816 159120
0b006401 0b006501 10001 100 5560 30917562 158019 46278
0b003901 0b004001 10000 100 800211 25132658 5943799 754127
0b006f01 0b005901 10000 100 30424 29928092 1173406 108729
0b001701 0b002701 10000 100 189077 30637120 479805 241757
0b006b01 0b000501 10000 100 1955586 24950680 6185664 1722779
0b005301 0b000701 10000 100 1002588 27555561 3585015 923785
0b003101 0b006601 10000 100 30190 30995960 156138 108542
0b001001 0b005c01 10000 100 28313 30270018 905550 106964
0b003301 0b004a01 10000 100 126186 30914807 295682 189025
0b005301 0b002301 10000 100 1824 30718590 496023 84736
0b007401 0b004101 10000 100 3506517 20383981 10834254 3023082
0b000101 0b002b01 10000 100 123579 30363162 868811 186824
0b005c01 0b006a01 10000 100 9565 30619399 646012 91236
0b006101 0b007201 10000 100 58473 31056378 238079 132244
0b003b01 0b000c01 10000 100 5430 30247233 1085510 87774
0b002001 0b003801 10000 100 34208 29485731 1897098 111910
0b004501 0b001501 10000 100 4605052 22569239 8849311 3944112
0b000f01 0b001201 10000 100 70551 29533181 1888778 142367
0b006a01 0b001b01 10000 100 1735 31285232 188683 84664
0b006601 0b000201 10000 100 97659 31308042 295057 165090
0b003601 0b006301 10000 100 18868 31117219 540879 99024
0b006a01 0b000001 10000 100 62110 31140803 521731 135307
0b006f01 0b007101 10001 100 11946 30483568 1243973 93217
0b001301 0b000e01 10000 100 2363 31111622 752571 85205
0b006301 0b006001 10001 100 4147594 27802927 4123272 3518958
0b006701 0b000801 10000 100 1364398 27628512 4338993 1227134
0b006f01 0b007201 10000 100 48857 30850718 1117433 124167
0b006c01 0b000801 10000 100 65958 30864902 1117202 138500
0b004901 0b006101 10000 100 7410 31614319 476276 89435
0b000301 0b001101 10000 100 44524 31676424 430124 120547
0b001101 0b002a01 10000 100 1405198 27939812 4176684 1261348
0b002e01 0b002001 10000 100 173245 31343056 813584 186877
0b005801 0b002001 10001 100 62609 29477547 2691712 135706
0b001f01 0b003a01 10000 100 314895 30251406 1963599 347212
0b003301 0b004a01 10001 100 28775 32155475 167352 107333
0b006401 0b007001 10000 100 51995 31942085 404373 126792
0b003601 0b000e01 10000 100 1953947 25750149 6598017 1721391
0b004101 0b006801 10000 100 24394 31080490 1288613 103675
0b005101 0b003c01 10000 100 3961 32080337 328151 86522
0b006701 0b004301 10000 100 46395 31255190 1157323 122120
0b007401 0b007901 10000 100 58403 32316859 101446 90588
0b001801 0b004a01 10000 100 1520654 22096212 10342753 1358129
0b003601 0b002701 10000 100 8680 32299668 167873 90489
0b004801 0b005b01 10000 100 3964 31935553 532126 86524
0b000901 0b007501 10000 100 35798 31171465 1299154 113220
0b000801 0b004d01 10000 100 67043 31035839 1441964 139445
0b002b01 0b001801 10000 100 16304 31964319 610026 96896
0b006201 0b004701 10000 100 4033266 20595927 12008013 3464718
0b007a01 0b006401 10000 100 95770 32102386 552515 163502
0b007d01 0b001201 10000 100 1488 31394572 1277786 84467
0b005c01 0b003001 10000 100 612739 31526452 1172774 596930
0b002a01 0b002301 10000 100 4955226 7473932 25236611 4196091
0b002c01 0b003201 10000 100 75703 29906244 2826875 146680
0b000e01 0b004301 10000 100 1167887 29793443 2984288 1062360
0b000201 0b003801 10000 100 4295017 17084544 15707236 3684180
0b007e01 0b003b01 10000 100 21122 31914135 920030 100942
0b003901 0b000a01 10000 100 1393748 23844974 8989756 1251728
0b001501 0b004401 10002 100 46730 32481590 356703 122388
0b004401 0b007801 10000 100 613 32749981 117728 83728
0b003c01 0b005401 10000 100 7167916 17724179 15153276 6092784
0b003b01 0b003701 10000 100 1777022 30515092 2445688 1531492
0b000501 0b003701 10000 100 90548 30935724 2083156 159132
0b002101 0b002501 10000 100 41364 32748633 273402 76304
0b006201 0b005301 10000 100 37442 32255266 789951 114612
0b001101 0b000401 10000 100 13914 30365250 2687126 94868
0b003c01 0b004001 10000 100 334592 31630719 1500256 363737
0b003001 0b001a01 10000 100 5733739 6788685 26387901 4890376
0b001501 0b004401 10001 100 936151 26118082 7137631 868101
0b006a01 0b002c01 10000 100 591273 31083841 2212176 578951
0b005c01 0b006801 10000 100 23939 33006682 291779 103272
0b005c01 0b001a01 10000 100 11985 31028478 2300109 93248
0b006c01 0b000b01 10000 100 192432 32952964 383986 244556
0b004901 0b003901 10000 100 4157 32673547 671760 86717
0b006e01 0b000401 10000 100 24482 32022687 1325244 103745
0b001201 0b001301 10000 100 1688258 30070589 3306802 1457064
0b001f01 0b004e01 10000 100 5675 32607600 791320 87970
0b000f01 0b007201 10000 100 2315459 28243049 5202736 2024501
0b007f01 0b007501 10000 100 3722151 27975955 5550422 3162284
0b006c01 0b006f01 10000 100 67047 33436032 139178 97848
0b007d01 0b004501 10000 100 5582 33497824 132616 87896
0b002301 0b007e01 10000 100 290126 32630092 1009392 326475
0b001001 0b006e01 10000 100 69468 32859172 796403 141462
0b002801 0b000501 10000 100 69670 32743090 943157 141624
0b003901 0b003201 10000 100 39563 33205718 507998 74786
0b003c01 0b007d01 10000 100 1525640 29617061 4120555 1362310
0b005701 0b005c01 10000 100 70458 33647692 100286 100692
0b000901 0b006601 10000 100 69781 32322844 1523430 141712
0b002101 0b001e01 10000 100 42941 33474814 451358 119204
0b000c01 0b001d01 10000 100 501050 31865649 2109501 503316
0b001f01 0b003001 10000 100 2041 32748271 1227904 84948
0b005001 0b002d01 10000 100 64269 32338825 1705207 137111
0b004401 0b002301 10000 100 6362047 8504006 25542673 5417176
0b003101 0b000201 10000 100 44648 33487455 566483 120646
0b001a01 0b002901 10000 100 3697175 16506001 17550662 3182943
0b002501 0b000801 10000 100 15659 33809680 253802 96341
0b002901 0b001b01 10000 100 6824165 15388460 18683690 5804612
0b004b01 0b007001 10000 100 19449 33969608 112291 99527
0b005d01 0b003801 10000 100 55591 31797394 2286325 129823
0b004501 0b002301 10000 100 1986 31928537 2193747 84865
0b002c01 0b007201 10000 100 37493 30991664 3137721 114653
0b004001 0b004d01 10000 100 487638 33155601 1050377 450449
0b007301 0b001501 10000 100 576975 31392375 2829500 566936
0b001301 0b007a01 10000 100 1701374 24128207 10099790 1509656
0b005401 0b004e01 10000 100 708070 26848098 7403660 676881
0b002901 0b002b01 10000 100 919093 33147090 1116187 812202
0b000601 0b004501 10000 100 18940 33946436 316965 99081
0b001301 0b005c01 10000 100 10546 33263935 1010216 92059
0b003801 0b005d01 10000 100 74319 33223062 1057264 145535
0b006d01 0b005101 10000 100 4599 34191824 105163 87071
0b001d01 0b002601 10000 100 43901 31284525 3016210 120010
0b006601 0b002901 10000 100 28485 33421897 898758 107101
0b003c01 0b003e01 10000 100 7996242 18489874 15833552 6745678
0b003e01 0b002101 10000 100 191444 30318624 4017194 243728
0b007c01 0b006301 10000 100 199820 32744678 1591537 250736
0b000601 0b001301 10000 100 8081 33661027 675519 90010
0b007f01 0b003101 10000 100 1474133 29501693 4872361 1319146
0b001401 0b004a01 10000 100 56218 32459640 1942331 130363
0b001401 0b005b01 10000 100 19316 31803115 2604372 99420
0b004a01 0b003601 10000 100 10410 33843824 593639 91950
0b000801 0b000f01 10000 100 26895 34373089 96029 64152
0b003401 0b007401 10000 100 56912 33548086 923059 130918
0b003a01 0b000601 10000 100 35682 33559993 920618 113128
0b002b01 0b006401 10000 100 28754 31561786 2956583 107316
0b000101 0b003601 10001 100 747490 32673331 1851080 709915
0b007201 0b000d01 10000 100 1617 33199588 1332613 84570
0b002f01 0b004701 10000 100 859193 32289666 2275714 803578
0b006801 0b001e01 10000 100 6181337 14069805 20506436 5265658
0b003b01 0b007701 10000 100 55692 32764643 1819923 129904
0b006701 0b002d01 10000 100 25556 33636258 960544 104643
0b002701 0b002f01 10000 100 917988 32868668 1777972 811241
0b006001 0b006701 10000 100 38939 34474671 204125 74248
0b007a01 0b007e01 10000 100 7889943 16902353 17804822 6656530
0b002901 0b004001 10000 100 76408 34474525 249774 147283
0b004001 0b001201 10000 100 107374 34509316 265865 173246
0b004f01 0b002001 10000 100 68390 33165833 1635403 140561
0b006d01 0b003001 10000 100 4268464 12050014 22812576 3661900
0b005801 0b006b01 10001 100 140189 33834036 1080727 200765
0b007c01 0b003301 10000 100 1695 34515038 422831 84632
0b003d01 0b004801 10000 100 37653 34398429 570672 114781
0b004d01 0b007a01 10000 100 33857 34230756 797028 111591
0b006701 0b004001 10000 100 5239570 18513696 16526234 4476072
0b005701 0b002b01 10000 100 3146 34440776 684226 85870
0b001101 0b003301 10000 100 76643 33371901 1754676 147471
0b004a01 0b004201 10000 100 464 35099823 40914 42009
0b000801 0b000c01 10000 100 55974 35029441 112815 88529
0b003601 0b004d01 10000 100 5898909 7034382 28141777 5028848
0b000701 0b002b01 10000 100 388523 32820556 2405314 408956
0b000901 0b001b01 10000 100 1107 34436677 814143 84162
0b004701 0b006101 10000 100 69834 35048822 202578 141755
0b001701 0b005901 10000 100 66091 34046538 1237524 138645
0b005c01 0b001601 10000 100 78131 35124367 258320 148738
0b001401 0b003c01 10000 100 1444863 30922232 4472053 1294578
0b007801 0b006401 10000 100 1523436 30016684 5426599 1360470
0b003301 0b001301 10000 100 24020 34748947 761955 103376
0b000401 0b006601 10000 100 248589 34162084 1351630 291632
0b002c01 0b003501 10000 100 1793489 27515533 8068100 1586880
0b003801 0b005901 10001 100 1399222 33220187 2371054 1256337
0b002d01 0b006c01 10000 100 185213 32945929 2779637 238512
0b005601 0b001b01 10000 100 146668 30765198 5003646 206179
0b001e01 0b005e01 10000 100 358970 34558514 1213171 384161
0b001401 0b006e01 10000 100 947433 33479988 2362011 877549
0b005301 0b002601 10000 100 11895779 4451578 31401370 10056629
0b001d01 0b005701 10000 100 10838 35170866 688214 92292
0b000e01 0b000f01 10000 100 1585286 34220044 1639172 1370731
0b007901 0b004301 10000 100 1705017 32130952 3800702 1512724
0b005201 0b005101 10000 100 7638556 27855869 8081138 6445782
0b003501 0b004c01 10000 100 1561774 30325623 5713319 1392600
0b005801 0b003d01 10000 100 39276 35674672 469402 116156
0b007901 0b004f01 10000 100 13238 35814428 349272 94328
0b003a01 0b004c01 10000 100 8818 35577949 653039 90600
0b007e01 0b007c01 10000 100 1336 36143357 92774 42745
0b003e01 0b005501 10000 100 4501431 22473388 13827712 3857221
0b007001 0b005201 10000 100 34060 34871460 1457830 111792
0b000a01 0b005201 10000 100 21836 36199885 143973 101513
0b002a01 0b003601 10000 100 2059992 26216164 10159190 1810297
0b006001 0b004e01 10000 100 1676772 29046181 7402577 1489014
0b001d01 0b007601 10000 100 20337 35401980 1062854 100276
0b006001 0b000101 10000 100 108399 35919112 571051 174104
0b007501 0b001f01 10001 100 281623 35731289 768202 319327
0b007f01 0b006b01 10000 100 4970 35487903 1026347 87368
0b004701 0b007201 10000 100 7123 35030901 1511805 89205
0b003c01 0b007f01 10000 100 35639 36214311 404237 113093
0b007901 0b002001 10000 100 953596 33346243 3288660 882710
0b003101 0b001a01 10000 100 7261 36545107 101891 89316
0b002001 0b001f01 10000 100 21317 36173699 475958 101098
0b005901 0b006501 10000 100 4975410 3035269 33670558 4254606
0b006d01 0b007601 10000 100 468430 34669132 2069370 475953
0b005e01 0b002c01 10000 100 6970161 19240796 17523033 5927015
0b004d01 0b004501 10000 100 1843080 34760870 2018783 1586873
0b000601 0b000101 10000 100 1654586 30337999 6448132 1428820
0b006801 0b002f01 10000 100 8748546 12800580 24002316 7417998
0b003a01 0b007001 10000 100 173569 35271396 1553102 228736
0b002e01 0b002f01 10000 100 3746 36788862 56590 44750
0b006f01 0b002501 10000 100 144235 35220057 1739077 204156
0b003a01 0b006a01 10001 100 9023194 14505997 22490061 7648276
0b000701 0b003f01 10000 100 1023602 32768997 4263920 941403
0b002a01 0b004601 10000 100 4514762 13633750 23473894 3868385
0b004201 0b006d01 10000 100 45902 36707456 508220 121688
0b003201 0b005401 10000 100 1170992 32043882 5176894 1064960
0b001f01 0b002001 10000 100 3649 36336408 896901 86272
0b000701 0b003c01 10000 100 134869 34504275 2734157 196279
0b006d01 0b003401 10000 100 761359 33594832 3668251 721548
0b004901 0b003501 10000 100 1691391 28972810 8351775 1501285
0b007d01 0b004a01 10000 100 4385181 22039633 15291709 3759767
0b001801 0b002001 10000 100 5895174 19257400 18095403 5025745
0b006a01 0b003201 10000 100 6344 37014106 339769 88544
0b004501 0b004d01 10000 100 48477 37012674 357335 82263
0b001901 0b000401 10000 100 1501443 32028245 5358269 1342031
0b001901 0b007f01 10000 100 766698 36090373 1296189 726011
0b006001 0b006801 10000 100 1795956 26183316 11210965 1547331
0b004901 0b006d01 10000 100 3483999 23574878 13847469 3004184
0b002f01 0b005f01 10000 100 1522622 35315298 2206746 1359780
0b000201 0b003601 10000 100 23587 35741701 1804807 102991
0b002e01 0b006801 10000 100 16618 36255779 1300389 97147
0b000d01 0b004901 10000 100 124668 36241030 1321000 187734
0b000901 0b000f01 10000 100 792 37526324 42956 42272
0b003c01 0b007d01 10001 100 2517 35863344 1722303 85328
0b006d01 0b006601 10000 100 3254925 29934049 7671125 2770532
0b007801 0b000001 10001 100 1886736 25739412 11892360 1665049
0b006301 0b001401 10000 100 1839498 31622500 6040739 1625454
0b007e01 0b002801 10000 100 29322 36256014 1535706 107809
0b007e01 0b004e01 10000 100 3504753 16700795 21142757 3021594
0b004401 0b006a01 10000 100 1336800 35238360 2637411 1203980
0b001d01 0b003701 10000 100 69498 36148435 1737934 141486
0b003101 0b007e01 10000 100 25007 37755703 201998 104204
0b007c01 0b001301 10000 100 22757 36379364 1642733 102288
0b005201 0b006201 10000 100 213140 37753378 304014 261929
0b003001 0b007301 10000 100 44180 37164197 896918 120272
0b004301 0b005401 10000 100 7172694 19679471 18404376 6096798
0b000801 0b006801 10000 100 29897 37307031 805519 108269
0b006001 0b006f01 10000 100 115251 37681076 464274 138255
0b000901 0b006501 10000 100 189369 35706160 2443864 241991
0b007401 0b004401 10001 100 28475 37013217 1226124 107093
0b007401 0b004f01 10000 100 1501 37783269 466492 84477
0b006a01 0b000b01 10000 100 625343 36491148 1776454 607512
0b004b01 0b001f01 10000 100 72962 37148680 1130929 144372
0b005101 0b000a01 10000 100 72932 37482599 846810 144348
0b006301 0b003701 10000 100 77963 37458393 872548 148565
0b003301 0b006301 10000 100 27599 37213976 1140319 106354
0b005201 0b007101 10000 100 341256 35921727 2447524 369337
0b000901 0b001e01 10000 100 64631 37003222 1380396 137400
0b007701 0b005701 10001 100 27159 37245928 1182421 106002
0b006501 0b001201 10000 100 397898 35686208 2759320 416801
0b003e01 0b000401 10002 100 418616 34508128 3939120 434182
0b006e01 0b003601 10001 100 4144369 24216225 14254251 3557863
0b004b01 0b003801 10000 100 202121 37015382 1512772 252692
0b001c01 0b002e01 10000 100 1843 37806720 753780 84751
0b006901 0b003401 10000 100 298433 36170583 2422805 333428
0b007301 0b003c01 10000 100 1730878 32002299 6625286 1534372
0b004401 0b006101 10000 100 133109 37982715 661173 194832
0b001b01 0b007901 10000 100 1639758 34148030 4514638 1457982
0b005d01 0b006801 10000 100 7778689 627469 38220911 6604864
0b000201 0b000701 10000 100 35519 38758022 92397 71397
0b002d01 0b004201 10000 100 4196261 17293490 21575302 3601373
0b001f01 0b005d01 10000 100 348354 37089725 1779347 375284
0b002201 0b000901 10000 100 351655 35480654 3423614 378040
0b007801 0b002601 10000 100 7429217 9317120 29621562 6311885
0b001301 0b001901 10000 100 4683836 16663781 22281332 3968534
0b001401 0b005101 10000 100 26923 36407954 2614801 105775
0b007601 0b005801 10000 100 2527611 31318945 7722773 2202364
0b003501 0b007901 10000 100 29846 38233043 822960 108228
0b002c01 0b007d01 10000 100 23140 38790330 275003 102633
0b001b01 0b005b01 10000 100 64788 37711163 1446401 137526
0b001a01 0b002901 10001 100 59727 37442791 1846924 133285
0b007401 0b004c01 10000 100 2772 38334896 994684 85532
0b000301 0b003901 10000 100 3737 39155153 190324 86343
0b001001 0b007501 10000 100 1939428 31154907 8241661 1709238
0b006301 0b000701 10000 100 33210 37699884 1704725 111073
0b004f01 0b005301 10000 100 29107 37551336 1857244 107637
0b003001 0b003601 10000 100 55281 39233277 215793 87975
0b000401 0b000e01 10000 100 15231755 13754766 25708653 12811912
0b000601 0b002901 10001 100 4991984 18859188 20605060 4268480
0b005a01 0b001901 10000 100 401559 33547133 5925767 419884
0b003001 0b006401 10000 100 51260 38411753 1062985 126204
0b005201 0b001601 10000 100 4938 37980323 1512188 87342
0b007201 0b001001 10000 100 2297307 30048732 9445735 2009288
0b007a01 0b006501 10000 100 4086461 26596471 12915127 3509309
0b002c01 0b002701 10000 100 49800 39380368 192787 83360
0b005401 0b000d01 10000 100 5653 39115254 458760 87952
0b005201 0b002101 10000 100 25356 38657668 938107 104483
0b001201 0b002701 10000 100 2661451 30796153 8815926 2314581
0b004c01 0b000401 10000 100 20465 38108451 1513983 100378
0b000301 0b000e01 10001 100 35852 39385556 258422 71664
0b007e01 0b007f01 10000 100 181301 39009691 662610 193629
0b001901 0b003001 10000 100 8588 38395633 1280889 90416
0b002001 0b004d01 10001 100 225337 33899623 5790749 272148
0b001301 0b000001 10000 100 3437275 15075566 24828851 2965039
0b005401 0b006401 10000 100 22751 37994385 1920542 102284
0b001a01 0b004b01 10000 100 60280 38100214 1817796 133766
0b000701 0b007501 10000 100 7545743 12525020 27416657 6409560
0b002b01 0b001601 10000 100 12619 36936570 3081674 93794
0b000301 0b000801 10000 100 17006 39718031 304789 55896
0b002901 0b000001 10000 100 366447 38975989 1061821 390450
0b001601 0b006901 10000 100 14058 38327232 1728016 95022
0b002b01 0b003e01 10000 100 53608 39225894 839268 128160
0b006001 0b002b01 10000 100 84200 38880642 1202056 153824
0b002801 0b000301 10000 100 14865 40082832 96750 95668
0b006401 0b005701 10000 100 249460 38104361 2150256 292368
0b005501 0b002c01 10000 100 8643 39037792 1220842 90460
0b004f01 0b003901 10000 100 4787 40179363 92831 87221
0b006801 0b004501 10000 100 18677 39112197 1193879 98871
0b004401 0b000a01 10000 100 18101 39867736 445117 98410
0b006501 0b004801 10000 100 1843331 35754265 4572618 1628674
0b000001 0b000501 10000 100 35028 40280971 76437 71004
0b006c01 0b005b01 10000 100 105406 38570342 1895449 171595
0b003601 0b002c01 10000 100 419838 37285363 3185507 435198
0b006201 0b006801 10000 100 3094278 26692037 13786911 2635870
0b000f01 0b007d01 10000 100 456802 38170716 2346718 466190
0b001301 0b001b01 10000 100 4813765 17751128 22783777 4077469
0b001e01 0b002b01 10000 100 34670 40378807 199564 112280
0b006c01 0b006401 10000 100 2148498 33927931 6672554 1842920
0b004301 0b000f01 10000 100 3248 39824018 787146 85952
0b003f01 0b001f01 10000 100 1963577 35041893 5574207 1729479
0b004601 0b001101 10000 100 1440299 30144609 10490239 1290773
0b003f01 0b000c01 10000 100 15427 39824620 810996 96156
0b005401 0b005b01 10000 100 20217 40343076 310611 58580
0b003001 0b007601 10001 100 27708 40167438 487346 106441
0b007a01 0b002601 10000 100 5790151 22194366 18562811 4937695
0b005601 0b004d01 10000 100 795601 28936760 11841642 750247
0b003001 0b000701 10000 100 533 39192130 1647330 83664
0b002801 0b005801 10000 100 64992 39784756 1076024 137689
0b005601 0b002b01 10001 100 5306094 19231175 21640032 4531864
0b004901 0b003b01 10000 100 76982 37726002 3163155 147742
0b000601 0b005401 10000 100 2915780 30042757 10862337 2527798
0b003f01 0b003c01 10000 100 880527 38862159 2044271 779852
0b004101 0b007401 10000 100 68599 39091442 1875807 140728
0b004701 0b005601 10000 100 8505 40310638 676276 90349
0b006401 0b004901 10000 100 135548 39231830 1769764 196860
0b006d01 0b006e01 10000 100 26317581 9325480 31743065 22106276
0b006501 0b005401 10000 100 6556 40358083 714855 88713
0b003a01 0b001b01 10000 100 1323500 35400712 5701616 1192841
0b002201 0b002a01 10000 100 803154 39202106 1906260 714996
0b003c01 0b000601 10000 100 46276 40297160 827304 122025
0b005501 0b004001 10000 100 4512396 33355255 7795856 3866416
0b004101 0b007b01 10000 100 310207 40661117 526400 343308
0b000d01 0b002d01 10000 100 1775334 34817767 6416335 1571665
0b000401 0b005901 10000 100 30410 39778491 1469680 108718
0b002501 0b007f01 10000 100 5079831 20691382 20567689 4342136
0b004e01 0b006501 10000 100 59598 40875442 402918 133182
0b005501 0b004901 10001 100 7874 40559471 787005 89806
0b007d01 0b006601 10001 100 2326 39809553 1581928 85176
0b002201 0b004301 10000 100 162182 40921214 474056 219204
0b004101 0b005c01 10000 100 199107 41062824 353509 250165
0b001f01 0b002f01 10000 100 2897040 30170417 11282577 2512115
0b001101 0b006f01 10000 100 2135120 33814987 7663139 1873318
0b005701 0b005801 10000 100 18446 41477670 57928 57086
0b002801 0b006601 10000 100 18410 40809636 769344 98657
0b002a01 0b004301 10000 100 29920 39724051 1864366 108288
0b002001 0b001101 10000 100 4934805 15971513 25685034 4220548
0b000d01 0b006b01 10000 100 13878 40740889 926517 94840
0b003701 0b000d01 10000 100 398373 38591707 3112895 417220
0b002701 0b007901 10000 100 46072 39690854 2052410 121862
0b007401 0b005701 10001 100 34278 40696260 1062782 111966
0b002a01 0b003c01 10000 100 9037 41273867 556626 90813
0b002901 0b006001 10000 100 12521 40725950 1111838 93716
0b001001 0b003501 10000 100 36217 40478643 1367547 113594
0b001201 0b002201 10000 100 27058 41356006 515902 105921
0b005f01 0b001101 10000 100 10765 41105419 862717 92234
0b004e01 0b006b01 10000 100 25678 41085968 896828 104740
0b001301 0b000101 10000 100 55213 41148444 834423 129520
0b005501 0b005e01 10000 100 33690 41789409 196055 69857
0b001901 0b003501 10000 100 3762 40771878 1232383 86363
0b001c01 0b004701 10000 100 7250041 12647054 29360381 6161671
0b000201 0b004d01 10000 100 6110981 16322143 25686490 5206647
0b003b01 0b001b01 10000 100 20004 39846694 2165106 100009
0b007701 0b004e01 10000 100 114171 40858300 1165147 178952
0b002301 0b003f01 10000 100 521120 39063896 2974352 520140
0b001d01 0b003e01 10000 100 3764128 32438060 9616979 3239078
0b004601 0b004801 10000 100 72723 41526489 551863 102581
0b000001 0b005e01 10000 100 21333 41472750 608099 101111
0b007a01 0b007601 10000 100 948384 38585460 3508661 836748
0b003901 0b007b01 10000 100 30088 41214855 919599 108460
0b004c01 0b006301 10000 100 77985 41941776 199432 148583
0b001901 0b006e01 10000 100 22206 41275105 882644 101848
0b006201 0b001601 10000 100 2698162 36531304 5644084 2345371
0b005701 0b004801 10000 100 2473 41061582 1132365 85293
0b000301 0b003001 10000 100 2015788 32056130 10184045 1773244
0b003401 0b004501 10000 100 833886 38848979 3407537 782334
0b000201 0b002f01 10000 100 64545 41877414 445231 137332
0b001a01 0b004501 10000 100 183333 41079955 1292508 236932
0b005c01 0b002401 10000 100 245046 41087582 1302489 288683
0b000001 0b002801 10000 100 183 42312104 86545 83384
0b003b01 0b005b01 10000 100 8264 41330828 1085087 90156
0b003001 0b007601 10000 100 28722 39880128 2561256 107291
0b006601 0b003201 10000 100 768 41734295 708495 83852
0b006c01 0b007301 10000 100 4161249 19074851 23433435 3572020
0b000401 0b006f01 10000 100 6457 41274949 1247318 88634
0b005101 0b007601 10000 100 30871 42272833 269775 109087
0b004001 0b004e01 10000 100 42635 42527479 113835 77359
0b006701 0b002701 10000 100 34805 41183264 1529446 112388
0b005701 0b007201 10000 100 66129 42174658 539514 138676
0b002001 0b007e01 10000 100 76672 41748968 971351 147494
0b005801 0b002f01 10000 100 875664 36040025 6732304 817369
0b002b01 0b003001 10000 100 2255465 36339328 6444590 1974202
0b004d01 0b003101 10000 100 69295 39558273 3236102 141324
0b000f01 0b002f01 10000 100 49868 41430242 1486270 125014
0b006801 0b007901 10001 100 62971 40901104 2051308 135996
0b006c01 0b006601 10000 100 1874384 35409390 7622202 1613107
0b007601 0b003501 10000 100 130192 42165262 984180 192384
0b001a01 0b002a01 10000 100 2198 42355361 799046 85073
0b001301 0b002a01 10000 100 31733 42918252 243756 109815
0b001a01 0b006a01 10000 100 8546 42319607 912164 90382
0b000c01 0b003f01 10000 100 776787 36476968 6807668 734466
0b006701 0b000c01 10000 100 13137 41791213 1556829 94247
0b001301 0b004201 10000 100 644386 42013620 1354850 623476
0b000701 0b005501 10000 100 4783231 23221981 20313308 4093490
0b005901 0b006501 10002 100 26838 42632773 905695 105707
0b005401 0b000501 10000 100 3567014 17559474 26058335 3073822
0b007401 0b000d01 10000 100 20974 41233296 2444567 100785
0b005501 0b000e01 10000 100 135356 43444902 298235 196707
0b002b01 0b003701 10000 100 1117013 39034343 4747825 1019741
0b001a01 0b002b01 10000 100 6236 43083406 817918 88457
0b005201 0b002201 10000 100 40731 41594759 2315391 117359
0b002201 0b007301 10001 100 184 40821831 3091721 83385
0b002901 0b005401 10000 100 18332 43200845 758515 98595
0b000001 0b000c01 10000 100 40907 43772117 204778 75900
0b002801 0b000a01 10000 100 198851 41186413 2795508 249922
0b000a01 0b002501 10000 100 2134978 38299741 5688161 1873166
0b002e01 0b002d01 10000 100 73884 43650894 355311 103548
0b005301 0b005001 10000 100 986744 40143041 3872931 868896
0b004601 0b002d01 10000 100 265738 40879077 3229842 306004
0b002e01 0b007001 10000 100 2580731 30394793 13728520 2246895
0b003c01 0b000401 10000 100 966017 40450219 3716462 893146
0b007401 0b002401 10000 100 1527 43504072 681048 84498
0b007401 0b005101 10000 100 607851 40497452 3692965 592828
0b000801 0b001901 10000 100 25442 43878074 337315 104552
0b001001 0b004a01 10000 100 27430 43738837 479218 106219
0b007e01 0b007d01 10000 100 2873061 35122433 9127494 2450410
0b003101 0b006c01 10000 100 2382 43581887 678063 85220
0b003701 0b007501 10000 100 2159090 35674636 8599810 1893416
0b006901 0b007801 10000 100 4762180 28303281 16012677 4075843
0b003b01 0b005001 10000 100 10678276 7615665 36724121 9035894
0b006c01 0b003e01 10000 100 27044 42888494 1462771 105910
0b002701 0b003201 10000 100 27421 42895607 1470189 106212
0b004501 0b007501 10000 100 700110 40878969 3513046 670206
0b007801 0b004f01 10000 100 592708 42952873 1479384 580137
0b003101 0b004c01 10000 100 1703186 40572189 3875290 1511182
0b003901 0b006d01 10000 100 67811 42884390 1642607 140060
0b002301 0b007b01 10001 100 63946 43600080 972571 136814
0b003001 0b007601 10002 100 95295 42687255 1904850 163122
0b006b01 0b002e01 10000 100 592082 43361328 1271584 579636
0b005301 0b007301 10001 100 5278518 16638113 28003901 4508728
0b007001 0b000701 10000 100 4847021 34726074 9949894 4146980
0b007501 0b006001 10000 100 76634 42864014 1834053 147464
0b004f01 0b003001 10000 100 29079 43720058 1017649 107615
0b004f01 0b004701 10000 100 21131 44686285 60591 59349
0b006701 0b007a01 10000 100 4883041 26921826 17826321 4177178
0b004b01 0b000c01 10000 100 473780 42173595 2606982 480425
0b000301 0b001601 10000 100 3269022 25177307 19618119 2823985
0b003701 0b005301 10000 100 331 44455311 340881 83503
0b000b01 0b001a01 10000 100 9096 44147400 674696 90860
0b004101 0b000b01 10000 100 111412 44372080 472594 176630
0b004b01 0b001701 10000 100 196831 43886921 1026102 248229
0b002a01 0b005501 10000 100 78987 43609581 1323859 149423
0b006401 0b000501 10000 100 83739 44588790 347030 153416
0b001701 0b001501 10000 100 1260699 41103373 3842890 1098581
0b007001 0b007f01 10000 100 14200 44886183 67444 53536
0b006e01 0b000801 10000 100 131695 43788561 1283632 193624
0b002801 0b004401 10000 100 37249 44936483 154492 114458
0b006401 0b001001 10000 100 1577537 39763837 5330017 1405824
0b002001 0b001801 10000 100 109710 44511037 588858 175192
0b006701 0b007f01 10000 100 7498555 4850225 40288810 6370005
0b006901 0b004b01 10000 100 147582 42050940 3132754 206948
0b002c01 0b005601 10000 100 33649 43735218 1497912 111424
0b007001 0b000a01 10000 100 13855 43788238 1527283 94821
0b003901 0b004001 10002 100 28135 44426805 906494 106821
0b002a01 0b004c01 10000 100 1175213 41177481 4178217 1068528
0b006001 0b001301 10000 100 6832269 25183922 20220288 5811402
0b007801 0b006601 10000 100 508813 44023854 1399616 509796
0b007b01 0b005201 10000 100 7428 45006422 428619 89449
0b005e01 0b001601 10000 100 13689 43612450 1913944 94688
0b001c01 0b005e01 10002 100 1181696 40687405 4858319 1073945
0b001801 0b000e01 10000 100 6410025 24549797 21001413 5457402
0b007401 0b003101 10000 100 895320 40353954 5210939 833862
0b005e01 0b001601 10001 100 21601 44205305 1367161 101325
0b003101 0b001501 10000 100 25015 45355094 244501 104210
0b002b01 0b005b01 10000 100 1753 45181728 425718 84679
0b004701 0b000301 10000 100 2800 45152299 457277 85555
0b005e01 0b007a01 10000 100 1136845 39872017 5765249 1036336
0b000e01 0b001a01 10000 100 999429 39513834 6125518 921143
0b007e01 0b002b01 10000 100 158884 43363558 2285493 216412
0b006c01 0b006801 10001 100 6902620 10138480 35659460 5828771
0b005a01 0b003b01 10000 100 7609718 8900512 36926774 6463198
0b002e01 0b005201 10000 100 17430 44945951 910638 97835
0b002e01 0b001101 10000 100 61904 44365348 1496333 135104
0b001c01 0b005e01 10000 100 9531090 18898029 27006375 8074100
0b003a01 0b003d01 10000 100 60733 45618444 334376 92528
0b002d01 0b007e01 10000 100 2058796 37022522 8937151 1809302
0b006901 0b004e01 10000 100 27644 44685510 1277582 106390
0b007701 0b002201 10000 100 1031954 42955953 3229339 948392
0b000b01 0b007601 10000 100 46855 44403620 1805574 122488
0b005601 0b005e01 10000 100 25655 46236822 66828 63122
0b001401 0b000301 10000 100 185844 44171796 2143435 239017
0b004701 0b003f01 10000 100 827593 42024943 4300582 777069
0b000d01 0b005e01 10000 100 5007567 26772491 19577188 4281560
0b002801 0b005601 10001 100 57831 45178501 1172928 131692
0b001f01 0b000801 10000 100 35838 45840053 583328 113252
0b003e01 0b007f01 10000 100 68642 44208620 2257433 140763
0b007901 0b003e01 10000 100 909495 43439671 3071521 845740
0b007f01 0b003f01 10000 100 65927 45655567 906694 138476
0b007401 0b000201 10000 100 1049177 40067232 6523654 962861
0b007001 0b000d01 10000 100 1925168 43656118 2984973 1697292
0b006e01 0b005a01 10000 100 4181 46590213 170225 86736
0b006701 0b000501 10000 100 1276655 40720966 6083508 1153560
0b003b01 0b003c01 10000 100 13179 46720537 104448 52680
0b000d01 0b000901 10000 100 1538 46788198 74605 42907
0b002b01 0b003101 10000 100 9284 45097076 1872520 91011
0b000801 0b005001 10000 100 66335 46635842 337931 138840
0b002801 0b001301 10000 100 8384 46227085 751908 90252
0b005a01 0b001801 10000 100 620467 39222677 7767974 603420
0b004c01 0b003801 10000 100 20129875 2322454 44721510 16960092
0b001e01 0b002101 10000 100 39129 46638673 491614 116039
0b000701 0b004901 10002 100 22676 45508593 1625102 102224
0b001201 0b004301 10000 100 1254039 41775837 5380904 1134623
0b007e01 0b006101 10000 100 5411 46853737 318019 87759
0b007801 0b000401 10000 100 43574 46395646 908650 119748
0b002201 0b001101 10000 100 2220293 40881384 6445147 1944720
0b005f01 0b005301 10000 100 8522132 33534929 13810832 7186588
0b002b01 0b007601 10000 100 9492 45298450 2072019 91177
0b007a01 0b006001 10000 100 915275 42781137 4592958 850594
0b002801 0b002d01 10000 100 984544 45308149 2091166 867059
0b007f01 0b003601 10000 100 55868 46068995 1339370 130044
0b005601 0b005f01 10000 100 422931 46902562 508531 396188
0b004501 0b007c01 10000 100 3092 46885119 544728 85827
0b003c01 0b000701 10000 100 530248 44496299 2938483 527788
0b000d01 0b007c01 10000 100 38478 45708202 1756669 115480
0b004301 0b001301 10000 100 7896 46384972 1119233 89824
0b005601 0b000701 10000 100 97278 47154894 401473 164785
0b000301 0b002c01 10000 100 92292 44889206 2700186 160604
0b001f01 0b005201 10000 100 7261 45546617 2069276 89316
0b001501 0b004901 10000 100 4566823 16927166 30713998 3912031
0b003d01 0b006301 10000 100 4622437 29751534 17904228 3958672
0b000801 0b003101 10000 100 8976732 26385182 21316314 7609302
0b001201 0b000d01 10000 100 171446 46179837 1530033 226961
0b003301 0b007e01 10000 100 4406128 39523923 8188400 3777331
0b006401 0b002a01 10000 100 3578712 27256483 20458791 3083603
0b005901 0b002201 10000 100 477530 45470787 2277726 483579
0b003601 0b000401 10000 100 26878 45376918 2378376 105739
0b000501 0b007d01 10000 100 1546022 40274184 7491609 1379422
0b000301 0b007701 10000 100 189263 45272399 2518116 241906
0b007201 0b006b01 10000 100 176992 46096298 1698826 231590
0b000c01 0b007501 10000 100 341932 43225209 4602283 369878
0b004f01 0b003101 10000 100 22071 47793069 118291 101740
0b002b01 0b002001 10000 100 9634 47806531 127081 49691
0b006b01 0b006801 10000 100 6106985 24927721 23021856 5161696
0b002001 0b003601 10000 100 4409504 24780609 23195897 3780147
0b004801 0b006701 10000 100 358090 45788109 2212644 383457
0b002d01 0b000101 10000 100 704568 43952843 4072955 673926
0b006301 0b002001 10000 100 2929557 42701601 5343742 2539357
0b005501 0b000201 10001 100 1892 48024997 85448 84790
0b006401 0b005b01 10000 100 8532 47687292 517007 90371
0b007201 0b001401 10000 100 103789 46627194 1577143 170224
0b000901 0b001301 10000 100 4572104 33361321 14851038 3916486
0b002301 0b004801 10000 100 54948 47202502 1055753 129270
0b000c01 0b006601 10000 100 24676 47951125 513319 103900
0b005a01 0b003301 10000 100 6600 46592040 1892257 88748
0b003501 0b004601 10000 100 2511942 41033088 7464135 2189214
0b004501 0b003101 10000 100 22943 47453775 1087041 102437
0b006901 0b005001 10000 100 8910760 19740719 28911433 7553990
0b006801 0b007101 10000 100 22183 46850341 1809108 101829
0b001201 0b004b01 10000 100 75384 47474549 1225612 146425
0b007c01 0b007001 10000 100 680815 47522510 1200275 612402
0b000301 0b001b01 10000 100 1425628 39071447 9744094 1278460
0b001a01 0b007c01 10000 100 10605 47269005 1557381 92106
0b005201 0b003a01 10000 100 2839 47971860 860183 85586
0b003001 0b001601 10000 100 1021021 41566940 7327835 939261
0b007e01 0b004601 10000 100 8602697 14634315 34266825 7295712
0b002b01 0b004301 10000 100 109731 46910271 2080165 175208
0b003e01 0b004601 10000 100 29125 48935704 168609 107652
0b001801 0b005e01 10000 100 904003 46209427 2971222 841154
0b004501 0b005601 10000 100 148032 46142088 3130107 207347
0b002b01 0b004701 10000 100 76675 47462992 1823025 147496
0b003a01 0b002101 10000 100 5110468 30460744 18840716 4367836
0b005a01 0b002701 10000 100 706725 42699346 6672732 675728
0b007001 0b004301 10000 100 24724 49185935 188994 103939
0b005301 0b005f01 10000 100 35512 49179760 279438 71392
0b006c01 0b007301 10001 100 6041228 28573384 20979270 5148195
0b004701 0b004201 10000 100 17971 49576091 63825 56668
0b003f01 0b005601 10000 100 5398519 34154283 15495150 4609336
0b007901 0b006301 10000 100 15324 48171851 1583995 96073
0b004b01 0b003c01 10000 100 2422255 44898509 4908714 2114047
0b000601 0b007901 10000 100 6214134 27778376 22181210 5293163
0b004b01 0b006a01 10000 100 1698289 43253044 6707956 1507072
0b005201 0b004301 10000 100 40406 48495644 1500524 117099
