0b005801 0b002e01 10000 100 2450 76701 84780 85275
0b006b01 0b001a01 10000 100 46836 61464 121961 122473
0b004001 0b000a01 10000 100 23640 154399 102530 103033
0b003101 0b000401 10000 100 64056 121680 136421 136940
0b004f01 0b004101 10000 100 20521 189073 74860 58823
0b001301 0b000f01 10000 100 5600 234720 87414 87910
0b003801 0b001c01 10000 100 16345 257868 96428 96928
0b003a01 0b006f01 10000 100 110569 337405 180966 175917
0b003201 0b001e01 10000 100 39878 455885 116128 116638
0b003d01 0b005e01 10000 100 53367 544689 127452 127967
0b002201 0b006e01 10000 100 3472 629998 103425 86131
0b006701 0b007701 10000 100 4151 684046 94136 86712
0b007401 0b003401 10000 100 38850 685747 115268 115777
0b003f01 0b006d01 10000 100 19658 749606 99192 99694
0b001f01 0b002701 10000 100 57466 862759 130883 131400
0b003101 0b004101 10000 100 47926 841801 164397 123384
0b005901 0b003701 10000 100 92607 903595 160326 160856
0b007901 0b006201 10000 100 703904 356165 708727 673356
0b007201 0b004d01 10000 100 4208 1014844 89205 86758
0b001f01 0b003701 10000 100 1057 1161967 83896 84122
0b001701 0b000e01 10000 100 476400 793515 493175 482636
0b003401 0b002401 10000 100 19001 1190362 105641 99168
0b004601 0b001f01 10000 100 173345 983797 400069 228557
0b007301 0b006601 10000 100 6357 1375987 103427 88554
0b001c01 0b004f01 10000 100 42746 1327821 153751 119048
0b004a01 0b000c01 10000 100 57412 1340414 201691 131356
0b002501 0b006601 10000 100 4718 1542159 86670 87166
0b007c01 0b003001 10000 100 122833 1447707 185646 186189
0b005c01 0b000c01 10000 100 364933 1202603 436656 389162
0b004f01 0b007b01 10000 100 52140 1491220 162758 126947
0b004f01 0b007701 10000 100 145807 1629506 265705 205452
0b000c01 0b007a01 10000 100 75037 1754469 145624 146148
0b003d01 0b007301 10000 100 37781 1760932 145301 114884
0b004d01 0b000101 10000 100 77312 1928021 158264 148044
0b002c01 0b000701 10000 100 7076 2003240 88671 89168
0b004201 0b004d01 10000 100 16143 2053283 61630 55167
0b000601 0b005201 10000 100 8005 2030874 89698 89949
0b001101 0b001501 10000 100 24794 2249155 61719 62395
0b004b01 0b000601 10000 100 24913 2232446 110199 104090
0b003501 0b006a01 10000 100 57716 2237432 156445 131600
0b000e01 0b001901 10000 100 747064 754621 1641609 709574
0b007b01 0b007f01 10000 100 1415329 1165938 1256621 1228237
0b006101 0b007001 10000 100 5491 2349504 99496 87823
0b003601 0b004a01 10000 100 4260 2391355 88028 86800
0b007901 0b007b01 10000 100 13078 2430299 56435 52600
0b002601 0b001a01 10000 100 1419235 597717 1911570 1273116
0b001d01 0b002d01 10000 100 1358 2481559 94157 84363
0b000d01 0b004101 10000 100 55265 2386503 276991 129562
0b002301 0b001001 10000 100 1315729 1488209 1185297 1186317
0b003301 0b007c01 10000 100 36600 2591277 132112 113900
0b004601 0b002901 10000 100 1983825 156457 2598543 1746445
0b007001 0b003101 10000 100 14215 2536388 325285 95148
0b005d01 0b004701 10000 100 34246 2441091 493189 111940
0b004301 0b002f01 10000 100 29076 2834042 107600 107612
0b001201 0b000e01 10000 100 7366 2884904 100081 89400
0b005f01 0b001a01 10000 100 52319 2754760 234305 127090
0b004e01 0b001a01 10000 100 13546 2996445 104869 94574
0b006d01 0b001801 10000 100 58175 2994405 133600 132005
0b003b01 0b005501 10000 100 39134 2804802 474660 116043
0b002801 0b002d01 10000 100 3592289 251229 3052461 3053402
0b002001 0b004201 10000 100 1704379 1497716 1882287 1512175
0b002a01 0b007e01 10000 100 38614 3201152 217701 115588
0b001b01 0b004601 10000 100 39522 2624130 811341 116353
0b004601 0b006401 10000 100 27442 3283600 155240 106228
0b003701 0b007c01 10000 100 21468 2864729 725196 101219
0b003d01 0b004901 10000 100 31168 3509550 108856 109363
0b007201 0b004601 10000 100 12355 3490593 144364 93583
0b007401 0b000001 10000 100 22910 3536624 102580 102411
0b001e01 0b001d01 10000 100 2199372 1764548 1897616 1885577
0b003501 0b007601 10000 100 770288 2923429 760539 729036
0b007201 0b001c01 10000 100 28181 3571485 130153 106858
0b003401 0b006001 10000 100 4741 3279889 449685 87184
0b007c01 0b005b01 10000 100 986537 2400787 1397579 910330
0b004001 0b002901 10000 100 1253 3522597 399221 84279
0b002501 0b001401 10000 100 34586 3793455 140565 112212
0b004701 0b006c01 10000 100 2569157 1466330 2485978 2237213
0b000b01 0b002701 10000 100 5874 3885700 87633 88129
0b007901 0b005a01 10000 100 46552 3733884 307082 122246
0b006201 0b003701 10000 100 120209 3300521 851740 184013
0b000e01 0b001801 10000 100 50449 3991462 204810 125517
0b003901 0b001601 10000 100 6414 4098954 110572 88600
0b005801 0b004901 10000 100 64916 4113540 137109 137628
0b001b01 0b001d01 10000 100 20187 4266669 58122 58556
0b000e01 0b000a01 10000 100 9908 4301313 51786 49910
0b004201 0b005501 10000 100 620054 3701684 675963 603089
0b006601 0b000801 10000 100 37639 4270543 131595 114770
0b002101 0b006b01 10000 100 883389 2919220 1572052 823856
0b005501 0b003501 10000 100 1589599 2951527 1559142 1415935
0b005101 0b006201 10000 100 584937 3539579 1005108 573613
0b005801 0b003b01 10000 100 652 4320853 242986 83760
0b006301 0b004501 10000 100 523898 3265673 1498929 522440
0b001d01 0b004101 10000 100 791020 2815577 1975327 746428
0b004f01 0b003401 10000 100 1362 4406066 386448 84366
0b005201 0b003e01 10000 100 28475 4716637 108508 107093
0b004a01 0b000e01 10000 100 40946 4674361 154159 117531
0b007201 0b001a01 10000 100 1156842 3347120 1484741 1053102
0b007301 0b004201 10000 100 757242 4201410 723651 718100
0b003d01 0b005a01 10000 100 612718 4112506 823723 596913
0b005001 0b001901 10000 100 1815339 1645777 3322168 1605205
0b002c01 0b006e01 10000 100 42065 4895664 119611 118503
0b007201 0b006401 10000 100 97309 4987910 176516 164810
0b007c01 0b003f01 10000 100 406135 3700676 1464463 423736
0b005f01 0b005801 10000 100 64468 4711783 553808 95670
0b001501 0b007401 10000 100 34894 5141119 145031 112459
0b000001 0b001901 10000 100 1245137 3060593 2244389 1127156
0b004001 0b004901 10000 100 104543 5225087 132158 129266
0b006901 0b005401 10000 100 1060716 2820593 2569518 972515
0b004e01 0b002801 10000 100 1900571 3718210 1730023 1676655
0b004601 0b006f01 10000 100 2444231 1238298 4233099 2132472
0b001901 0b006401 10000 100 4956947 608478 4888794 4239106
0b004e01 0b003301 10000 100 161782 5255429 273764 218846
0b004c01 0b006201 10000 100 1788 5571967 103828 84707
0b003201 0b000401 10000 100 8780 4810699 879715 90569
0b005f01 0b004801 10000 100 1837206 2388823 3314164 1623544
0b006101 0b000e01 10000 100 3279 4482293 1289192 85976
0b002e01 0b006a01 10000 100 945 5821998 84730 83994
0b005301 0b006301 10000 100 68868 5037391 932357 140944
0b004001 0b004301 10000 100 44929 5904109 88042 79271
0b007901 0b004101 10000 100 73333 4061529 1957385 144708
0b000401 0b004b01 10000 100 72477 5167100 864392 143984
0b003f01 0b003801 10000 100 1171797 4477998 1583580 1024042
0b000e01 0b001001 10000 100 55087 5451733 686561 129420
0b003901 0b002001 10000 100 4410627 2230067 3960291 3781084
0b002f01 0b007b01 10000 100 1373 5736564 610328 84375
0b007101 0b007701 10000 100 62062 5438994 1036154 93668
0b004301 0b001801 10000 100 20613 6363358 121275 100496
0b006401 0b001901 10000 100 124850 5871774 625530 187880
0b001501 0b001301 10000 100 1940705 4090790 2407808 1668698
0b003801 0b007701 10000 100 1112934 4062865 2457097 1016286
0b005901 0b004201 10000 100 71050 4526416 1995238 142804
0b005401 0b000f01 10000 100 29270 5525775 1001937 107768
0b003501 0b003601 10000 100 9609 6556513 52353 49671
0b005a01 0b000601 10000 100 3691959 2705489 3958216 3178540
0b006801 0b005101 10000 100 16778 6428115 247291 97275
0b004801 0b004401 10000 100 58396 6589796 89893 90582
0b004701 0b000f01 10000 100 58457 6505634 179480 132231
0b004e01 0b000b01 10000 100 63893 5758697 949821 136772
0b002501 0b005f01 10000 100 1720968 2777561 3932333 1526060
0b000c01 0b006b01 10000 100 14020 6671766 110092 94992
0b003f01 0b005a01 10000 100 595235 4745630 2041888 582274
0b007d01 0b000101 10000 100 2459 4945331 1936351 85282
0b001a01 0b005e01 10000 100 138881 6499007 421318 199642
0b001701 0b000101 10000 100 12465 6833226 93172 93671
0b005d01 0b003301 10000 100 8685 5265710 1662483 90493
0b005a01 0b006c01 10000 100 22439 6871677 119913 102034
0b003701 0b000f01 10000 100 7276 6998078 91775 89328
0b000301 0b007101 10000 100 22322 5645338 1552961 101940
0b000701 0b000501 10000 100 840413 5084745 2179107 746224
0b006e01 0b005d01 10000 100 1142984 3601182 3741449 1041478
0b007d01 0b002901 10000 100 18200 7363556 101134 98489
0b001d01 0b007e01 10000 100 28669 7477222 130277 107248
0b007901 0b004901 10000 100 458974 3761807 3938785 468004
0b002e01 0b001501 10000 100 38206 6814121 1028089 115262
0b005d01 0b005501 10000 100 1382 7702541 157402 42782
0b001001 0b004801 10000 100 76535 7097640 784330 147384
0b000f01 0b005101 10000 100 67059 6803517 1160257 139458
0b003101 0b007501 10000 100 421 7890641 82260 83575
0b003401 0b005601 10000 100 1880208 5254969 2738701 1659596
0b002e01 0b007801 10000 100 54455 7876722 149621 128876
0b007001 0b003101 10001 100 47544 7357824 804514 123078
0b000b01 0b007401 10000 100 27276 7399257 803434 106096
0b004101 0b000d01 10000 100 839800 7342485 864514 787296
0b002001 0b006901 10000 100 37248 8085739 124676 114457
0b000801 0b006801 10000 100 994 7021501 1280513 84033
0b005401 0b003a01 10000 100 5074 7422217 898519 87489
0b005101 0b002d01 10000 100 973299 3937709 4387559 899240
0b002601 0b006901 10000 100 37730 7726786 648471 114843
0b006e01 0b005201 10000 100 9718 8402892 100203 91358
0b007001 0b002501 10000 100 59122 8374992 132284 132801
0b005201 0b002b01 10000 100 26105 8003409 593549 105120
0b002801 0b002101 10000 100 152435 8453305 168696 169423
0b001b01 0b001901 10000 100 1683923 7001014 1629658 1453404
0b007701 0b005501 10000 100 132205 7907146 734068 194071
0b006f01 0b006201 10000 100 1282806 7476116 1181222 1117112
0b005e01 0b003001 10000 100 785811 7013832 1731735 742031
0b004501 0b001801 10000 100 30964 8581487 177229 109161
0b001001 0b003601 10000 100 1568481 6239676 2531278 1398234
0b005c01 0b007401 10000 100 883782 7163640 1609850 824171
0b003e01 0b005a01 10000 100 21551 7862048 977434 101285
0b006201 0b004c01 10000 100 21899 8487898 357633 101564
0b006301 0b002901 10000 100 58888 8719143 151993 132576
0b007c01 0b005201 10000 100 664334 7105931 1849055 640203
0b002901 0b000101 10000 100 4106 8647746 339491 86676
0b002e01 0b001301 10000 100 2733308 5133269 3862600 2374832
0b005e01 0b000501 10000 100 168008 7326829 1692491 224096
0b006e01 0b005f01 10000 100 136026 8381059 668333 197281
0b000701 0b000801 10000 100 1696133 4790851 4276337 1463671
0b000901 0b007a01 10000 100 23664 7387437 1751558 103052
0b001201 0b001c01 10000 100 16619 9082828 57912 55548
0b007401 0b001001 10000 100 2641492 4822653 4357261 2297846
0b007701 0b005301 10000 100 1624954 5103850 4108202 1445563
0b007d01 0b003b01 10000 100 1026104 7651585 1560721 943520
0b003601 0b005e01 10000 100 46388 8598393 700267 122115
0b000701 0b000e01 10000 100 5008 9379034 54308 45836
0b002701 0b006a01 10000 100 1562198 6159054 3291762 1392977
0b005901 0b001001 10000 100 2719982 4624290 4900526 2363633
0b003401 0b000901 10000 100 2513 8428013 1185175 85325
0b004401 0b001301 10000 100 69687 8314304 1319490 141637
0b007301 0b007501 10000 100 20243 9630585 57926 58600
0b002d01 0b006401 10000 100 668131 8100286 1595446 643394
0b000b01 0b000401 10000 100 43064 9627519 77921 77740
0b006101 0b000301 10000 100 4980676 181323 9659849 4259011
0b004401 0b007101 10000 100 724 8934167 939769 83817
0b000501 0b003f01 10000 100 77706 9110831 866394 148360
0b003401 0b007001 10000 100 51391 9167970 836448 126309
0b004801 0b005c01 10000 100 6718 9528072 494582 88843
0b001401 0b002001 10000 100 34207 9887130 139699 111909
0b006a01 0b000501 10000 100 673195 7777905 2262305 647637
0b005701 0b004c01 10000 100 185887 9141452 935144 239052
0b001e01 0b001a01 10000 100 34903 9450632 654886 70866
0b005401 0b003c01 10000 100 24092 8979786 1178900 103433
0b005a01 0b007201 10000 100 2161089 6293224 3931069 1895092
0b007601 0b006e01 10000 100 6996 9561123 707814 89065
0b004b01 0b003801 10000 100 46790 9885301 421553 122436
0b001501 0b003501 10000 100 8030 9486739 822335 89969
0b004201 0b004a01 10000 100 5025 10265476 45278 45850
0b005f01 0b001101 10000 100 168930 9937527 411029 224833
0b004601 0b002501 10000 100 15719 9833701 522338 96389
0b007901 0b004b01 10000 100 2014 9335042 1037238 84926
0b002201 0b007b01 10000 100 2792386 5493935 4948448 2424360
0b004301 0b005101 10000 100 20507 9847188 795946 100412
0b002e01 0b004701 10000 100 79088 10297919 394062 149542
0b001501 0b007601 10000 100 1436840 5668426 5084191 1287852
0b005c01 0b000601 10000 100 5001 10719875 154270 87431
0b006101 0b001601 10000 100 121813 10707060 251370 185335
0b002a01 0b001e01 10000 100 1340527 4062967 6907170 1207116
0b006b01 0b007201 10000 100 66390 10678513 315945 138884
0b006501 0b005401 10000 100 26879 11016712 109347 105740
0b004201 0b003401 10000 100 1326047 7094416 4037974 1194994
0b001e01 0b001701 10000 100 137530 10647016 548670 156923
0b004601 0b000001 10000 100 38428 9407937 1827665 115440
0b006e01 0b004c01 10000 100 30713 10520916 727620 108960
0b002a01 0b006301 10000 100 4259149 1059297 10196413 3654103
0b004501 0b000301 10000 100 1026405 8473630 2782604 943760
0b007e01 0b002301 10000 100 1772748 8269228 3018725 1569481
0b004c01 0b001401 10001 100 858219 10000322 1291444 802760
0b001301 0b001e01 10000 100 1518019 8540025 2763846 1314344
0b000701 0b004601 10000 100 128334 10314680 1059434 190820
0b001a01 0b002001 10000 100 21496 10635537 775808 101241
0b004701 0b004301 10000 100 1062823 9082659 2367684 932677
0b005f01 0b000d01 10000 100 66940 10493726 976201 139324
0b001a01 0b007301 10000 100 28316 11178543 318862 106966
0b007501 0b007e01 10000 100 20724 11449143 58311 58985
0b004001 0b006201 10000 100 4177 10833616 736606 86733
0b000301 0b000701 10000 100 169596 11420127 186479 183804
0b001e01 0b002f01 10000 100 1652299 6024563 5598374 1468514
0b004c01 0b001401 10000 100 1705979 7899101 3724111 1513493
0b005901 0b001e01 10000 100 13278 9928590 1715586 94360
0b007c01 0b005501 10000 100 950935 10014404 1668350 880466
0b005c01 0b001e01 10000 100 4620459 4298575 7388753 3957013
0b007101 0b001a01 10000 100 47293 11624368 124659 122877
0b002501 0b001c01 10000 100 38988 10084308 1688039 115888
0b007801 0b000b01 10000 100 565379 10707914 1084023 557237
0b002901 0b002601 10000 100 4093 11841671 49106 45066
0b004701 0b003d01 10000 100 4466404 4785483 7113553 3827856
0b003f01 0b007801 10000 100 625085 10310570 1612338 607306
0b001001 0b006c01 10000 100 52302 11800619 128898 127076
0b007501 0b001301 10000 100 55292 11473434 474918 129584
0b003001 0b004f01 10000 100 28750 11833491 117805 107313
0b001301 0b000701 10000 100 5517 11348464 630236 87844
0b002601 0b001c01 10000 100 29046 10545747 1439693 107588
0b000b01 0b000501 10000 100 976303 10512557 1484019 860159
0b001801 0b003201 10000 100 952 11160360 841830 84000
0b004001 0b004601 10000 100 224157 11166430 871311 229565
0b006401 0b007a01 10000 100 5663486 2062131 10009376 4831486
0b001001 0b003201 10000 100 67082 11964726 210487 139476
0b005f01 0b004501 10000 100 75274 11891385 360227 146337
0b006b01 0b004601 10000 100 32774 11196000 1080735 110686
0b007d01 0b001101 10000 100 28978 11336781 993188 107496
0b002e01 0b000501 10000 100 24854 11294141 1063925 104043
0b005e01 0b003001 10001 100 7884 12244356 146608 89814
0b004a01 0b000c01 10001 100 25632 12265470 146882 104704
0b002a01 0b001c01 10000 100 3056250 2492857 9949040 2645588
0b003e01 0b002b01 10000 100 23050 11531603 951882 102561
0b007801 0b000b01 10001 100 32516 12211935 324470 110480
0b003501 0b005f01 10000 100 60182 12492125 185844 133688
0b004e01 0b007701 10000 100 20165 11304657 1419178 100138
0b001d01 0b004601 10000 100 2889435 7231890 5518299 2505724
0b004501 0b004001 10000 100 6854 12727353 47019 47352
0b004801 0b000e01 10000 100 27688 12249303 616612 106425
0b003501 0b007b01 10000 100 58670 12337760 531895 132401
0b001801 0b002901 10000 100 23765 12450374 485596 103133
0b007a01 0b004b01 10000 100 26903 12820127 116986 105759
0b007501 0b007201 10000 100 69804 12897728 101951 100131
0b005701 0b003c01 10000 100 1409646 11016941 2114386 1265060
0b006101 0b006301 10000 100 6379 13085600 46351 46972
0b004301 0b003b01 10000 100 23712 12833495 403511 103091
0b004a01 0b006101 10000 100 11062 13351284 114530 92510
0b007901 0b004501 10000 100 150382 12810834 664306 209304
0b000501 0b006201 10000 100 89271 13190346 384830 158072
0b007c01 0b005101 10000 100 59697 13432320 166264 133261
0b007b01 0b000a01 10000 100 1161463 10562380 3091655 1056991
0b000901 0b005701 10000 100 6987 13561094 94986 89058
0b002501 0b000101 10000 100 3412879 8826866 4849750 2944562
0b001601 0b002201 10000 100 2342147 6139459 7539049 2046888
0b006301 0b000a01 10000 100 4721720 1721848 11985035 4041900
0b004f01 0b004201 10000 100 20860 13545871 168729 59094
0b004001 0b004201 10000 100 79758 13544893 195449 108478
0b005901 0b004101 10000 100 74557 11806962 1939922 145725
0b006f01 0b007f01 10000 100 65253 13628734 157174 137936
0b000f01 0b004201 10000 100 14495 12942010 1020718 95372
0b003501 0b005e01 10000 100 74517 13457260 519834 145693
0b000201 0b006701 10000 100 1000441 11497089 2497627 921991
0b000d01 0b004e01 10000 100 4999595 7032063 7033074 4274876
0b006901 0b006201 10000 100 508083 13188476 892165 467612
0b002e01 0b001a01 10000 100 770454 12780320 1303415 729169
0b003301 0b000c01 10000 100 87066 12441512 1654074 156232
0b004001 0b003301 10000 100 695485 12871287 1273818 666314
0b000001 0b003e01 10000 100 64689 13208081 942457 137447
0b000a01 0b003901 10000 100 18116 13118280 1054218 98422
0b007901 0b001301 10000 100 9741 14135297 94451 91376
0b007c01 0b003c01 10000 100 108049 14041844 218493 173824
0b003701 0b006f01 10000 100 1554966 10133266 4160324 1386884
0b002a01 0b005b01 10000 100 28028 14176101 118386 106736
0b004301 0b005c01 10000 100 507 14114436 195579 83644
0b003001 0b006001 10000 100 4047025 6055171 8263915 3476263
0b006e01 0b003301 10000 100 28778 14224963 141099 107336
0b004f01 0b001b01 10000 100 80810 14122941 331382 150958
0b000e01 0b004501 10000 100 377630 12597553 1863942 399819
0b006701 0b002701 10000 100 327425 13802622 676837 357735
0b001c01 0b005a01 10000 100 46493 13244144 1260697 122199
0b006701 0b000801 10000 100 47814 14049849 457799 123294
0b000e01 0b005f01 10000 100 25596 13635554 876557 104675
0b004201 0b004501 10000 100 3600426 10896348 3622101 3060219
0b002601 0b007c01 10000 100 44946 13304033 1221961 120884
0b003601 0b003101 10000 100 731684 13860835 712314 655056
0b002901 0b004401 10000 100 1959776 10734439 3880781 1726284
0b006001 0b000601 10000 100 6146478 8250155 6394606 5236427
0b003701 0b002d01 10000 100 914573 10055066 4605734 849994
0b000d01 0b005f01 10000 100 7929075 1563517 13111087 6730972
0b005d01 0b007b01 10000 100 3891300 1338313 13348582 3345692
0b003001 0b004201 10000 100 694445 12298118 2405722 665444
0b004d01 0b005c01 10000 100 29075 13954686 761669 107612
0b002701 0b004901 10000 100 6288 14809299 92646 88499
0b005b01 0b007101 10000 100 4019699 2400413 12505563 3453327
0b007a01 0b007901 10000 100 159184 14683917 308788 175091
0b004a01 0b003901 10000 100 4751 14855316 153682 87192
0b007001 0b006401 10000 100 50077 14935164 140534 125220
0b002701 0b002301 10000 100 16814 15064629 59468 55704
0b004801 0b007801 10000 100 27248 13341042 1787837 106073
0b000401 0b000a01 10000 100 1372835 11840201 3346340 1192591
0b007a01 0b003201 10000 100 76085 13919559 1341406 147024
0b006701 0b007b01 10000 100 61239 14946873 317403 134572
0b003c01 0b001801 10000 100 4396957 4910248 10362311 3769610
0b007701 0b001101 10000 100 1876245 13308775 1966568 1656272
0b001801 0b004201 10000 100 127781 14047353 1240139 190340
0b001201 0b006d01 10000 100 155695 14818145 536979 213746
0b002801 0b000901 10000 100 916 14755112 616604 83971
0b003501 0b005801 10000 100 63021 13843453 1598551 136074
0b003d01 0b003b01 10000 100 815448 14269670 1235038 725292
0b004c01 0b007501 10000 100 640074 14325096 1188103 619873
0b007e01 0b001101 10000 100 49116 13326433 2207206 124412
0b005501 0b000d01 10000 100 112511 13677355 1876014 177548
0b001101 0b004001 10000 100 4858963 4439857 11126662 4156956
0b007d01 0b001f01 10000 100 5619 15383500 200524 87925
0b000a01 0b007801 10000 100 1011637 11721505 3873889 931370
0b003801 0b007301 10000 100 192950 15268361 351463 244971
0b003001 0b003301 10000 100 1770729 13106469 2665556 1526189
0b005f01 0b002f01 10000 100 43597 15669388 129504 119767
0b004601 0b000901 10000 100 2257388 13170892 2632279 1975817
0b001401 0b000d01 10000 100 36003 13673542 2134885 113423
0b002c01 0b006201 10000 100 744143 14829693 994861 707122
0b000401 0b007001 10000 100 1337 14306162 1548537 84346
0b005c01 0b007101 10000 100 1403 15512591 370223 84399
0b002a01 0b006301 10001 100 38654 15765977 141158 115620
0b002d01 0b005401 10000 100 51234 15771719 145139 126184
0b007501 0b005e01 10000 100 37021 13674165 2305042 114276
0b004301 0b006a01 10000 100 4963329 7795138 8290409 4244480
0b007301 0b000e01 10000 100 50454 15878340 252860 125521
0b002501 0b002901 10000 100 33575 15899054 242015 69765
0b003301 0b003d01 10000 100 3073 15844144 303513 44212
0b003701 0b007301 10000 100 660438 12563944 3649031 636932
0b000d01 0b000b01 10000 100 5536 16134901 92924 46259
0b001f01 0b007301 10000 100 186775 15803030 444649 239800
0b003b01 0b007001 10000 100 2055390 12593302 3687055 1806462
0b006001 0b001001 10000 100 1580437 13223627 3072376 1408260
0b007e01 0b003301 10000 100 842704 12883637 3475864 789734
0b006401 0b005901 10000 100 18899 15686277 697210 99048
0b004d01 0b003701 10000 100 75518 15946404 454657 146532
0b001e01 0b000601 10000 100 22755 16346966 104650 102287
0b001901 0b000001 10000 100 9669 14384755 2170000 91319
0b007801 0b002301 10000 100 20074 16419095 146810 100065
0b005801 0b001301 10000 100 79337 15107495 1535573 149741
0b006801 0b006a01 10000 100 26013 16491943 151726 63447
0b005101 0b001d01 10000 100 5152 14812961 1965931 87552
0b003b01 0b005501 10001 100 1240914 14609101 2197003 1123585
0b007901 0b001401 10000 100 1414544 15296589 1634924 1269171
0b000901 0b006701 10000 100 119891 15615604 1333103 183720
0b006c01 0b004901 10000 100 6177052 5665464 11295695 5262076
0b003001 0b003a01 10000 100 63649 16898624 96973 94976
0b000901 0b003b01 10000 100 13162 15357124 1644670 94267
0b001901 0b001201 10000 100 28902 16948217 84152 65835
0b003a01 0b005c01 10000 100 3794162 8168103 8887931 3264257
0b001101 0b003e01 10000 100 1391987 9023445 8046361 1250242
0b000501 0b005a01 10000 100 70235 16722291 434018 142114
0b004f01 0b001e01 10000 100 26856 16845247 313259 105721
0b004001 0b006601 10000 100 1001 15989132 1175243 84077
0b007801 0b006601 10000 100 63501 16987106 313406 136458
0b007801 0b003101 10000 100 550260 14845358 2592629 544566
0b000a01 0b006101 10000 100 71805 15989651 1479576 143408
0b006c01 0b002901 10000 100 4173188 9081365 8417752 3582032
0b006901 0b001d01 10000 100 3487018 12416293 5148646 3006753
0b000601 0b002201 10000 100 2401930 13428289 4146115 2096980
0b007601 0b000801 10000 100 599960 14562644 3026202 586208
0b006301 0b002c01 10000 100 48569 16791014 818845 123936
0b007401 0b002c01 10000 100 32992 16234161 1381914 110860
0b002d01 0b001e01 10000 100 26330 15960968 1667430 105300
0b000e01 0b005201 10000 100 30201 16651632 985228 108551
0b004c01 0b000501 10000 100 11563 17518187 123592 92911
0b007901 0b003901 10000 100 108136 16339503 1325032 173894
0b002f01 0b005201 10000 100 197901 17342370 347032 249124
0b001501 0b007901 10000 100 21296 17153932 543672 101081
0b004601 0b007c01 10000 100 68957 17040433 660920 141015
0b004e01 0b007b01 10000 100 8398 17203921 504551 90264
0b004d01 0b002201 10000 100 22684 17300247 458039 102230
0b001801 0b000901 10000 100 83501 17223369 598921 153226
0b002f01 0b002c01 10000 100 32139 17751326 71452 68578
0b006601 0b005501 10000 100 28289 17617378 209225 106944
0b007401 0b003401 10001 100 57554 17168908 677637 131470
0b001c01 0b003201 10000 100 3469469 7361084 10500832 2992023
0b001b01 0b002d01 10000 100 2724713 8233800 9699265 2367610
0b001d01 0b000a01 10000 100 3834112 7956005 9990852 3297753
0b005901 0b007b01 10000 100 1105248 16104685 1864418 1009868
0b006d01 0b003401 10000 100 27384 15171901 2827388 106182
0b001901 0b005201 10000 100 4621407 12316671 5700102 3957810
0b000901 0b007001 10000 100 26970 17180848 858420 105812
0b001a01 0b000801 10000 100 3004 17965782 86364 85756
0b002201 0b002801 10000 100 194255 17700094 371119 204492
0b002101 0b005501 10000 100 28930 16952944 1124761 107457
0b007401 0b000b01 10000 100 3501627 12878200 5200714 3018978
0b003d01 0b007001 10000 100 2998669 14441973 3749653 2597296
0b007701 0b007001 10000 100 7500 18161495 48076 47907
0b004e01 0b006201 10000 100 24498 17314066 901914 103758
0b000c01 0b003301 10000 100 1049796 15460750 2855490 963356
0b007d01 0b002701 10000 100 3237702 11868500 6490333 2797700
0b001001 0b003501 10000 100 101880 16828977 1547054 168620
0b002001 0b001201 10000 100 74511 16196765 2212151 145688
0b002901 0b006901 10000 100 77773 17765874 645747 148413
0b004f01 0b005101 10000 100 7543759 8553979 9890419 6407896
0b003801 0b007801 10000 100 1847283 16397729 2187857 1631989
0b000f01 0b005401 10000 100 3767046 12052826 6539316 3241528
0b003e01 0b007201 10000 100 4852999 7170888 11437932 4151954
0b005901 0b001501 10000 100 50538 18465118 160368 125588
0b003801 0b005a01 10000 100 3915 17589366 1055124 86485
0b007c01 0b000801 10000 100 58639 18308958 343303 132376
0b001b01 0b004401 10000 100 29887 18567758 119488 108261
0b001f01 0b006f01 10000 100 1669089 16042093 2685511 1482599
0b000301 0b001901 10000 100 51153 18659621 167422 126119
0b004901 0b004d01 10000 100 6863 18775175 58321 47359
0b003201 0b001c01 10000 100 45698 18706083 140526 121524
0b002901 0b003b01 10000 100 10980 18648470 219082 92406
0b001a01 0b002201 10000 100 17115 18767135 105427 97583
0b002501 0b003101 10000 100 26647 18816614 112110 105554
0b003f01 0b007a01 10000 100 139129 18328173 682017 199879
0b007f01 0b007b01 10000 100 6966628 9201102 9877794 5882435
0b006401 0b004301 10000 100 21405 18944086 154736 101168
0b004a01 0b002601 10000 100 2364050 10401006 8741482 2065256
0b000a01 0b003501 10000 100 9688 19046430 102787 91334
0b000101 0b000b01 10000 100 1505652 16875689 2360837 1303952
0b001a01 0b007b01 10000 100 43718 19035332 221714 119864
0b005601 0b006c01 10000 100 9653 19186897 98191 91306
0b006701 0b000b01 10000 100 38428 18844155 507091 115440
0b004401 0b001501 10000 100 5103 19150159 212798 87512
0b005a01 0b004101 10000 100 61201 18954910 415249 134541
0b003101 0b000501 10000 100 8869 19284727 100032 90640
0b007e01 0b005301 10000 100 5405245 14239074 5196175 4614986
0b003a01 0b006601 10000 100 6455 17933649 1507894 88632
0b000b01 0b004901 10000 100 37114 19213820 276808 114350
0b000b01 0b003a01 10000 100 8239 19389106 102552 90136
0b006801 0b006401 10000 100 2817 19471444 44198 43968
0b002901 0b002201 10000 100 3566186 14186958 5342042 3031521
0b000701 0b003601 10000 100 20111 19441976 105760 100095
0b004301 0b006301 10000 100 110833 18522431 1037264 176128
0b004201 0b002e01 10000 100 5796 19229969 393040 88067
0b002a01 0b001001 10000 100 31266 19477684 155564 109441
0b004c01 0b007f01 10000 100 1924969 15672196 3988669 1697095
0b007101 0b000c01 10000 100 7317 19592052 94381 89360
0b003101 0b004b01 10000 100 2069406 11067369 8641248 1818212
0b001e01 0b004f01 10000 100 537125 19052986 706953 533559
0b000001 0b001e01 10000 100 35206 19636155 161270 112747
0b005801 0b000d01 10000 100 1561494 15963602 3946717 1392376
0b003901 0b002d01 10000 100 609896 18762370 1186938 594540
0b006d01 0b000d01 10000 100 2109846 14669579 5371674 1852100
0b006e01 0b004d01 10000 100 4799827 11151168 8909435 4107381
0b007b01 0b004501 10000 100 826459 18744897 1320288 776124
0b006b01 0b001501 10000 100 15907 18713954 1368334 96540
0b000601 0b001301 10000 100 68445 19895244 198688 140605
0b001f01 0b002d01 10000 100 8456 18112416 1982947 90310
0b005201 0b006d01 10000 100 3493309 10854533 9250292 3012016
0b003f01 0b005c01 10000 100 3731 18428769 1774647 86338
0b003001 0b002b01 10000 100 6183 17849290 2400074 88415
0b003201 0b006401 10000 100 9936 19362849 958151 91532
0b004701 0b004c01 10000 100 37560 20260658 91854 73107
0b007801 0b007901 10001 100 3334406 14094886 6258503 2837188
0b001b01 0b006801 10000 100 49070 20211826 145714 124376
0b007801 0b007001 10000 100 7162 20311526 53093 47636
0b005f01 0b003c01 10000 100 44646 19082261 1327853 120644
0b000d01 0b003901 10000 100 33817 19387987 1058534 111559
0b005d01 0b005f01 10000 100 1983322 10374190 10123088 1704443
0b005701 0b007001 10000 100 26553 19165917 1372415 105479
0b007d01 0b005201 10000 100 64219 20343095 242291 137071
0b003201 0b000301 10000 100 58105 19576437 1014722 131949
0b007001 0b000001 10000 100 29067 20473201 119785 107605
0b006e01 0b002601 10000 100 13755 19077040 1546550 94741
0b003501 0b007701 10000 100 18906 20569756 99967 99054
0b007201 0b003001 10000 100 184766 20281049 396375 238116
0b000601 0b002501 10000 100 4717685 16272744 4416159 4038519
0b004d01 0b005001 10000 100 70542 20381947 313297 142360
0b006901 0b001801 10000 100 173770 20406924 319089 228897
0b007601 0b001901 10000 100 166095 20279313 460462 222488
0b003401 0b000b01 10000 100 20846 20613406 152795 100683
0b000601 0b007c01 10000 100 6083 20043913 723819 88335
0b001701 0b003701 10000 100 36556 20584818 189789 113865
0b000701 0b004301 10000 100 1683223 14771420 6025986 1494444
0b007b01 0b001101 10000 100 6410 20039738 834295 88596
0b002201 0b000a01 10000 100 1220080 18068556 2848493 1106150
0b003101 0b003301 10000 100 1543190 19596950 1334158 1335441
0b005701 0b001d01 10000 100 616794 19919546 1025946 600328
0b007d01 0b006f01 10000 100 3727967 12812213 8239743 3208728
0b001f01 0b001b01 10000 100 4989 21059337 45115 45783
0b007601 0b001e01 10000 100 2422925 18390493 2714305 2114583
0b007c01 0b003901 10000 100 4345863 6566545 14600971 3726776
0b001901 0b002701 10000 100 54796 20974112 202390 129148
0b005301 0b006601 10000 100 22829 19828491 1350672 102346
0b000a01 0b007b01 10000 100 18141 21010348 286983 98442
0b006b01 0b001f01 10000 100 13742 21059034 240943 94731
0b001801 0b007401 10000 100 101042 20127577 1220553 167950
0b000901 0b005901 10000 100 629517 20332397 1038892 611005
0b003d01 0b001001 10000 100 704114 20302065 1085062 673563
0b007701 0b007301 10000 100 23935 21346790 67650 61669
0b002401 0b000801 10000 100 6409 20742323 700862 88596
0b005301 0b001d01 10000 100 275574 18457775 3041586 314257
0b006f01 0b001401 10000 100 2993629 16225312 5366771 2593072
0b002001 0b001901 10000 100 3964 20781260 825844 86524
0b003401 0b005601 10001 100 37919 20364444 1266484 114994
0b007c01 0b007101 10000 100 791916 20896017 784593 705545
0b007701 0b001d01 10000 100 166627 20789808 912444 222914
0b006001 0b007a01 10000 100 56792 21662116 143158 130822
0b003b01 0b004101 10000 100 56883 19792736 2081372 130895
0b006201 0b004101 10000 100 53028 21708759 255347 127696
0b002a01 0b007a01 10000 100 22462 21670709 324947 102052
0b005c01 0b007e01 10000 100 131851 21780323 317094 193749
0b002b01 0b005c01 10000 100 776193 20199731 1969555 733991
0b004a01 0b007101 10000 100 20615 21107553 1075840 100498
0b001001 0b006901 10000 100 2426776 15803845 6514095 2117817
0b006f01 0b001101 10000 100 1440 22252242 84434 84428
0b004101 0b005c01 10000 100 12599 21650827 687503 93778
0b006001 0b004301 10000 100 42972 22099528 246652 119228
0b005301 0b005001 10000 100 38803 22184393 169846 74140
0b004301 0b004b01 10000 100 22317 21849946 505846 60336
0b007401 0b006001 10000 100 10260 21978167 396435 91830
0b005401 0b001301 10000 100 4007097 6931462 15443338 3442784
0b000101 0b002601 10000 100 29268 22255401 122767 107766
0b002201 0b006301 10000 100 147474 21325666 1057331 206862
0b005a01 0b000a01 10000 100 1667868 12872759 9562445 1481545
0b003b01 0b004701 10000 100 35206 20811337 1664589 112747
0b000901 0b006c01 10000 100 31938 21949140 532889 109979
0b004101 0b003a01 10000 100 24243 20890928 1663492 103554
0b001c01 0b004301 10000 100 72257 21828204 793350 143808
0b000b01 0b004b01 10000 100 29091 20833868 1857145 107624
0b007f01 0b003601 10000 100 60708 22181127 517464 134108
0b004601 0b005901 10000 100 2585 22507001 205788 85383
0b004301 0b003d01 10000 100 45997 21509174 1216922 121764
0b004e01 0b002f01 10000 100 79726 21522842 1206973 150052
0b002e01 0b000201 10000 100 96639 21988415 798336 164236
0b004501 0b003101 10000 100 55799 21390976 1447394 129989
0b003701 0b007401 10000 100 35008 22423754 428413 112588
0b000401 0b000201 10000 100 2198 22830245 43297 43473
0b005501 0b004101 10000 100 5420 21591231 1301865 87766
0b006f01 0b003301 10000 100 884371 21193061 1745527 824680
0b000601 0b005201 10001 100 16193 22707516 234753 96807
0b001301 0b007d01 10000 100 64333 22800064 168224 137162
0b000101 0b004d01 10000 100 181729 22552589 535093 235572
0b006201 0b000101 10000 100 1612756 20434053 2749327 1435344
0b004e01 0b000701 10000 100 1719199 14053716 9144525 1524607
0b006401 0b007d01 10000 100 2058814 18911629 4290489 1809316
0b001a01 0b003201 10000 100 5011 23151147 91063 87439
0b000801 0b004601 10000 100 2251443 19683146 3614483 1970831
0b006001 0b007c01 10000 100 53126 23147771 162373 127774
0b000d01 0b001701 10000 100 1106454 20659014 2668432 1010872
0b000201 0b004201 10000 100 145865 23173181 229829 205498
0b001d01 0b004c01 10000 100 6185 23022733 392991 88416
0b000101 0b007d01 10000 100 70454 22595656 854073 142289
0b000e01 0b006c01 10000 100 71739 22869213 618839 143356
0b002301 0b000f01 10000 100 68600 23203303 310480 140729
0b005601 0b001601 10000 100 29168 23302961 220168 107686
0b001b01 0b001401 10000 100 218432 23298334 227890 224755
0b000701 0b005701 10000 100 1381960 20513404 3019051 1241836
0b002e01 0b001f01 10000 100 257790 22823882 709534 299339
0b001c01 0b004501 10000 100 156435 22657412 893886 214376
0b004301 0b006901 10000 100 20725 21534046 2055444 100586
0b001e01 0b002301 10000 100 56336 23120428 487433 130457
0b000801 0b003a01 10000 100 2331 23590484 85083 85180
0b000e01 0b004501 10001 100 473937 22213231 1630944 480551
0b003601 0b000301 10000 100 47165 23706704 162084 122775
0b007d01 0b007601 10000 100 487445 23207925 752383 450295
0b005a01 0b005601 10000 100 619947 23160414 915424 561365
0b004401 0b007001 10000 100 2942 23668774 415705 85668
0b003401 0b006b01 10000 100 75853 23840313 269655 146800
0b002f01 0b007a01 10000 100 1705 23991524 133926 84640
0b002c01 0b003501 10000 100 9921 23989045 153054 91520
0b007501 0b006101 10000 100 198425 23762112 403690 249581
0b000601 0b001b01 10000 100 157340 23715307 488425 215139
0b007a01 0b007b01 10000 100 31737 24036075 182534 68218
0b006701 0b001401 10000 100 40151 24094854 136934 116895
0b001c01 0b006801 10000 100 5946 24092322 141927 88187
0b004a01 0b000601 10000 100 2647240 12022050 12235934 2302675
0b001201 0b001901 10000 100 4714778 20028101 4292827 3994478
0b002901 0b005201 10000 100 21183 23962077 385430 100991
0b007e01 0b004e01 10000 100 1954171 20720335 3645449 1721608
0b007301 0b002901 10000 100 59969 23562571 876287 133479
0b002e01 0b007801 10001 100 657 23761556 762272 83764
0b005d01 0b006301 10000 100 1425944 16478581 8086356 1278713
0b002001 0b006901 10001 100 2608014 15279539 9297340 2269796
0b007f01 0b006e01 10000 100 707841 23744736 856466 676660
0b005a01 0b007f01 10000 100 8349 24449711 157013 90224
0b000c01 0b002001 10000 100 9223 24502783 105058 90962
0b006601 0b004301 10000 100 24603 23222676 1424730 103842
0b006901 0b002d01 10000 100 66093 24507741 153574 138647
0b000701 0b003101 10000 100 43680 23978021 688662 119833
0b002701 0b001101 10000 100 1374247 22307362 2479480 1235397
0b001601 0b004401 10000 100 6357 24697010 93000 88554
0b005301 0b007e01 10000 100 4468236 14028481 10905805 3829398
0b007601 0b006d01 10000 100 1943548 21564034 3490981 1712688
0b004301 0b000301 10000 100 1805003 15859979 9276895 1596552
0b001601 0b004b01 10000 100 4341421 15949656 9196953 3723069
0b001b01 0b006801 10001 100 47264 24962475 224200 122854
0b007801 0b007a01 10000 100 186554 24572311 633165 198024
0b001001 0b004501 10000 100 295581 23538802 1844738 331031
0b003701 0b003801 10000 100 3786567 19659643 5761728 3216274
0b006c01 0b006101 10000 100 41320 25357009 88037 76268
0b000001 0b003f01 10000 100 25706 24207560 1260126 104763
0b005f01 0b004701 10000 100 7147 25409336 107463 89224
0b006601 0b004901 10000 100 9049 24963803 554765 90823
0b006c01 0b002001 10000 100 2826 25314993 268806 85576
0b002d01 0b005b01 10000 100 916 25518197 177950 83971
0b007501 0b000901 10000 100 26096 25167054 548006 105113
0b001501 0b003f01 10000 100 9224 23969393 1746578 90963
0b001a01 0b001e01 10000 100 6206 25672044 46213 46833
0b003001 0b000e01 10000 100 139261 25249288 585174 199984
0b000401 0b006601 10000 100 1063454 24201987 1674511 974820
0b005301 0b003801 10000 100 9339527 2185908 23720752 7913477
0b006f01 0b003b01 10000 100 52306 24984458 1012729 127080
0b004801 0b005b01 10000 100 8108174 9727246 16277992 6881124
0b004901 0b000901 10000 100 14774 25168957 891227 95595
0b003d01 0b005a01 10001 100 7179 25993889 102474 89250
0b002101 0b002a01 10000 100 6999 26055213 49281 47468
0b003201 0b007701 10000 100 25305 23481520 2630378 104442
0b004201 0b006201 10000 100 47899 25239920 918340 123362
0b000a01 0b007e01 10000 100 6247 24936485 1231382 88466
0b004301 0b004601 10000 100 9397 26144024 50750 49501
0b001801 0b006001 10000 100 8208720 14927276 11376291 6965401
0b002a01 0b005d01 10000 100 515206 21745028 4568041 515179
0b005601 0b005001 10000 100 36558 26279842 94540 72267
0b006101 0b003201 10000 100 685449 25212326 1182609 657901
0b003001 0b007901 10000 100 883881 23540696 2877556 824250
0b000001 0b007501 10000 100 201 25463210 961232 83399
0b003f01 0b000f01 10000 100 7749 25481825 1000257 89706
0b006901 0b005a01 10000 100 45313 26246526 240674 121216
0b000501 0b006401 10000 100 648903 24818961 1710447 627244
0b004a01 0b001501 10000 100 633297 23926718 2619489 614183
0b000201 0b004d01 10000 100 74863 26367054 201182 145970
0b001001 0b003e01 10000 100 1366 25194436 1472457 84369
0b007001 0b007e01 10000 100 517180 26278460 483968 475235
0b001201 0b005b01 10000 100 22314 26667539 118407 101934
0b000d01 0b004801 10000 100 4145 26532971 289037 86708
0b003f01 0b004201 10000 100 7860 26507305 315956 89795
0b005301 0b003601 10000 100 31230 25948781 973773 109412
0b005d01 0b007b01 10001 100 756292 22974671 4031661 717302
0b005201 0b003e01 10001 100 545 25631390 1391524 83674
0b003c01 0b002101 10000 100 39634 26418813 707472 116443
0b006d01 0b001401 10000 100 2539 26535458 609647 85346
0b004301 0b004b01 10001 100 253120 26891971 299332 253849
0b002c01 0b007801 10000 100 622 25223280 1995180 83736
0b007701 0b003d01 10000 100 365892 25696895 1546715 389968
0b005301 0b005601 10000 100 5501232 16222690 11095075 4653862
0b004b01 0b001f01 10000 100 1689981 20575734 6743489 1500080
0b004a01 0b000301 10000 100 1874631 14603993 12715597 1654904
0b006201 0b001301 10000 100 127811 25772749 1611565 190364
0b007f01 0b000701 10000 100 486454 26378681 1018467 491064
0b001301 0b005c01 10000 100 8233 27331398 94285 90132
0b003501 0b001b01 10000 100 4849939 8785178 18690895 4149391
0b005601 0b001b01 10000 100 7792 25025948 2495293 89740
0b007701 0b003301 10000 100 1924961 24054908 3485191 1697088
0b005d01 0b001401 10000 100 125158 26615986 930186 188164
0b002d01 0b003001 10000 100 22641 27447712 119480 102196
0b003101 0b007001 10000 100 6935 26350069 1218146 89016
0b004a01 0b003501 10000 100 75 26896387 760148 83298
0b003e01 0b004701 10000 100 16341 27428168 295820 96925
0b007e01 0b000c01 10000 100 1358065 24719909 3026568 1221837
0b005601 0b000701 10000 100 6396273 14163936 13614445 5445863
0b001d01 0b000c01 10000 100 4524919 14082392 13758581 3876895
0b005a01 0b000401 10000 100 74250 25178128 2759124 145480
0b006e01 0b003901 10000 100 5580716 14358657 13637740 4762083
0b006a01 0b007a01 10000 100 33744 27769043 237716 111500
0b000c01 0b001501 10000 100 6291350 3827750 24222959 5357892
0b002501 0b003701 10000 100 418481 26513157 1777899 434074
0b007401 0b001d01 10000 100 389966 26848414 1461966 410148
0b000d01 0b002801 10000 100 2641904 15804376 12535641 2298176
0b001701 0b001201 10000 100 9545971 12486469 15906951 8044943
0b005601 0b004501 10000 100 271217 27531266 864322 310618
0b006d01 0b006901 10000 100 937657 27025127 1376158 827744
0b004401 0b000a01 10000 100 21585 28362343 119016 101312
0b003701 0b002301 10000 100 6486932 7723182 20771770 5521846
0b006901 0b004f01 10000 100 22400 28443924 108336 102003
0b003401 0b007e01 10000 100 14169 27233698 1325566 95111
0b001a01 0b002001 10001 100 944546 27365246 1216935 875124
0b004e01 0b002301 10000 100 1093379 24888324 3761633 999912
0b004e01 0b004601 10000 100 6916558 8310663 20355220 5840459
0b005901 0b006a01 10000 100 67136 28470299 234911 139520
0b007801 0b004e01 10000 100 8746 28595674 124413 90542
0b007d01 0b004e01 10000 100 1748352 26182104 2563062 1549043
0b005301 0b002a01 10000 100 20462 28124163 705608 100376
0b005d01 0b003b01 10000 100 17687 26718970 2140586 98040
0b001701 0b002301 10000 100 4039002 18186004 10688997 3469537
0b002f01 0b004501 10000 100 1949671 23461657 5416209 1717816
0b003501 0b002801 10000 100 148770 28188865 708163 207937
0b004e01 0b000201 10000 100 3384148 12927103 16053819 2920502
0b001e01 0b002b01 10000 100 66595 27332852 1724367 139048
0b002e01 0b005c01 10000 100 47321 28574538 496573 122900
0b003a01 0b002c01 10000 100 7564449 5988072 23090652 6425255
0b001101 0b006e01 10000 100 26802 28883225 223507 105678
0b007f01 0b006801 10000 100 2376 29045114 86753 85216
0b005c01 0b000501 10000 100 8886020 13558470 15632763 7533276
0b003801 0b003301 10000 100 47848 29142820 101026 81721
0b002301 0b004c01 10000 100 3456846 16554639 12790703 2981425
0b001c01 0b001e01 10000 100 2778460 26935433 2544080 2371081
0b006601 0b007401 10000 100 117809 29264792 224133 181978
0b003e01 0b004201 10000 100 4106 28930966 605775 86676
0b004a01 0b002e01 10000 100 4112126 17055142 12531583 3530840
0b004e01 0b006a01 10000 100 45968 29386272 213382 121740
0b001801 0b003101 10000 100 4237 29270788 379166 86781
0b007501 0b000401 10000 100 62653 29440945 227453 135741
0b005001 0b005a01 10000 100 18924 29561899 140942 57468
0b005f01 0b004f01 10000 100 4536394 9164166 20540455 3886536
0b005101 0b002501 10000 100 8755 29023380 682703 90549
0b001401 0b006601 10000 100 3591396 23820589 5920685 3094249
0b002601 0b001d01 10000 100 56278 29146218 688112 130411
0b002401 0b001c01 10000 100 5062 29184420 714180 87480
0b001201 0b007301 10000 100 696753 28572799 1341612 667367
0b005801 0b005001 10000 100 117318 29721514 215970 139985
0b005701 0b004701 10000 100 1293903 27779747 2180361 1168012
0b001e01 0b000e01 10000 100 70348 29287455 687766 142204
0b007501 0b005101 10000 100 919051 29102691 947911 853768
0b000b01 0b003b01 10000 100 9440 29966154 93726 91136
0b001501 0b001101 10000 100 21593 30001536 64173 59719
0b006401 0b007a01 10001 100 9745121 3465811 26629454 8253543
0b001901 0b001001 10000 100 922298 28683237 1444809 814881
0b000801 0b004701 10000 100 75415 29090181 1093723 146450
0b005401 0b000101 10000 100 250943 27664995 2551949 293592
0b007301 0b000401 10000 100 71555 28356765 1917877 143208
0b001801 0b006101 10000 100 33654 29485706 884526 111428
0b004001 0b005501 10000 100 39219 29376539 996844 116111
0b006801 0b005901 10000 100 6816 30234808 162573 88921
0b007101 0b007001 10000 100 3503 30400165 45965 44556
0b000601 0b005c01 10000 100 20820 28951476 1583618 100662
0b002a01 0b001d01 10000 100 20161 29736617 856331 100135
0b007701 0b002e01 10000 100 44518 30297760 298044 120542
0b007701 0b004201 10000 100 6462293 3375253 27233521 5501213
0b003601 0b005c01 10000 100 833927 28931754 1708931 782367
0b003601 0b005501 10000 100 43199 30560368 124734 119448
0b001401 0b002b01 10000 100 62632 29230675 1460917 135724
0b005001 0b006e01 10000 100 2796175 25427763 5267504 2427544
0b006401 0b001601 10000 100 1657713 24144384 6594881 1473037
0b004701 0b003701 10000 100 22758 30522916 268410 102289
0b007201 0b002901 10000 100 9229500 15506327 15361817 7821232
0b007301 0b006b01 10000 100 19710 30082967 824512 99736
0b002401 0b000501 10000 100 13984 29603700 1323648 94924
0b001e01 0b007001 10000 100 48060 30711774 227699 123529
0b005f01 0b000101 10000 100 36956 30475798 485062 114185
0b005d01 0b004d01 10000 100 8962311 704375 30304906 7597228
0b007801 0b003d01 10000 100 73528 30478166 542227 144864
0b003401 0b004601 10000 100 17408 30481930 660152 97817
0b003c01 0b006e01 10000 100 62769 30925060 274167 135834
0b002701 0b003e01 10000 100 786079 26424117 4778444 742284
0b007901 0b005d01 10000 100 99 29340121 1943102 83317
0b004701 0b005801 10000 100 54196 30573032 712301 128668
0b005301 0b001f01 10000 100 60489 29973752 1322734 133933
0b001d01 0b002e01 10000 100 3518305 14385700 16965033 3032973
0b007901 0b001901 10000 100 57908 31039448 323563 131753
0b004001 0b000001 10000 100 40532 29843269 1539839 117200
0b002101 0b006e01 10000 100 33700 31167610 240934 111465
0b003a01 0b007801 10000 100 75758 30755753 674855 146724
0b005801 0b000601 10000 100 310133 30915443 544545 343248
0b003e01 0b002401 10000 100 7422 30551261 922517 89444
0b002101 0b004901 10000 100 21407 31235269 252131 101170
0b002d01 0b004f01 10000 100 63385 30682493 824841 136365
0b005601 0b004201 10000 100 6491 30626833 947000 88661
0b002501 0b000301 10000 100 1491730 25483229 6139233 1333876
0b005401 0b002c01 10000 100 8859 29060753 2670821 90632
0b007601 0b000b01 10000 100 1378 31236768 497022 84379
0b003301 0b004f01 10000 100 4212 31091499 706445 86761
0b007d01 0b004101 10000 100 9219992 34944 31820555 7813241
0b005301 0b004201 10000 100 105580 31474212 404316 171734
0b005601 0b003101 10000 100 57956 31732030 153071 131792
0b000a01 0b006601 10000 100 72505 31631141 268068 144007
0b002801 0b006a01 10000 100 5285400 20833591 11178214 4514502
0b001401 0b001501 10000 100 4737 32041728 47428 45581
0b007801 0b006d01 10000 100 43445 31030484 1068557 119645
0b005801 0b005e01 10000 100 19500 32068227 65937 57968
0b001001 0b004801 10001 100 54393 31938234 211777 128826
0b006a01 0b003301 10000 100 24906 31401896 785838 104084
0b003801 0b005101 10000 100 75168 31818137 392649 146252
0b004201 0b001a01 10000 100 2987 31370678 866989 85704
0b001901 0b003001 10000 100 2659213 25363931 6925408 2312714
0b000c01 0b007b01 10000 100 90844 31695033 611402 159369
0b006501 0b001e01 10000 100 8567 31884084 457988 90399
0b001201 0b006101 10000 100 45247 31319298 1049009 121164
0b000d01 0b001a01 10000 100 2277 29631668 2767287 85136
0b006601 0b004201 10000 100 70172 31785985 620446 142064
0b000301 0b001a01 10000 100 62549 31999829 506388 135658
0b000701 0b001f01 10000 100 222738 31663225 872887 269953
0b006a01 0b005001 10000 100 5135 29996249 2552113 87538
0b006b01 0b000201 10000 100 21064 31777618 781742 100896
0b004a01 0b002301 10000 100 366742 30424782 2298291 390686
0b005001 0b001a01 10000 100 1399156 30748388 2042660 1256284
0b001601 0b007001 10000 100 1971151 28276456 4616622 1735845
0b001f01 0b004f01 10000 100 423629 31024472 1896567 438384
0b005501 0b004201 10000 100 78369 31443669 1485452 148928
0b007901 0b000101 10000 100 23683 32905927 119588 103068
0b005501 0b005101 10000 100 722707 30487768 2584385 647528
0b002901 0b004401 10001 100 1506586 26688200 6481230 1346337
0b005201 0b003301 10000 100 26107 31731102 1485850 105122
0b006301 0b002e01 10000 100 6321 31703618 1549472 88525
0b006801 0b003e01 10000 100 22400 33022622 248381 102003
0b005101 0b001701 10000 100 9151961 21166042 12112326 7756205
0b001201 0b004c01 10000 100 3348 32963424 372525 86032
0b001101 0b002801 10000 100 1016199 31576023 1810899 935212
0b007f01 0b004101 10000 100 5560473 16171108 17322003 4745120
0b004401 0b001301 10001 100 7869 32216480 1301197 89802
0b006e01 0b005401 10000 100 777645 31539059 2025269 735191
0b000701 0b001201 10000 100 8985083 4416797 29174032 7616328
0b007e01 0b005c01 10000 100 78153 32588601 1039542 148756
0b007601 0b007801 10000 100 754883 32585821 1068802 674498
0b001e01 0b001301 10000 100 4564185 28105269 5572358 3868244
0b004e01 0b005601 10000 100 131627 31511589 2194890 193570
0b007701 0b000301 10001 100 133194 33213793 528618 194900
0b001901 0b001101 10000 100 4471 33698850 44701 45368
0b007801 0b007901 10000 100 25516160 1929742 31840859 21434380
0b007001 0b004c01 10000 100 1681502 30260286 3523943 1492990
0b004a01 0b006c01 10000 100 66530 32351038 1518728 138996
0b005501 0b001a01 10000 100 5205399 13531334 20359816 4447429
0b001c01 0b000501 10000 100 20917 33766913 159929 100740
0b007201 0b003101 10001 100 59201 33751629 182916 132864
0b007301 0b001d01 10000 100 18921 33051903 884858 99066
0b006801 0b001301 10000 100 5380707 14118641 19820920 4594396
0b000701 0b000f01 10000 100 77826 33796753 173522 106856
0b004a01 0b006401 10000 100 4386 33098271 942415 86900
0b007201 0b002a01 10000 100 1602439 31565115 2537675 1426706
0b004901 0b007101 10000 100 22179 32787986 1328371 101826
0b000201 0b004c01 10000 100 76981 33411081 765448 147741
0b004101 0b006d01 10000 100 78371 33836554 360789 148930
0b006a01 0b003301 10001 100 48085 33626828 628246 123549
0b000601 0b005b01 10000 100 9849 34196111 99342 91463
0b006c01 0b000701 10000 100 29351 33658894 822980 107832
0b001701 0b007f01 10000 100 57318 34004093 515764 131281
0b006e01 0b005a01 10000 100 40442 33591906 997054 117128
0b007d01 0b005301 10000 100 28656 31656849 2935624 107238
0b002f01 0b006601 10000 100 446119 32401670 2222482 457260
0b001b01 0b002e01 10000 100 9027 33567801 1114575 90805
0b002101 0b001501 10000 100 5764319 13522791 21239658 4916031
0b007f01 0b001a01 10000 100 70466 34555892 215933 142299
0b004001 0b007301 10000 100 14377 34237066 566552 95277
0b000d01 0b002601 10000 100 66693 34604820 208639 139127
0b004c01 0b006a01 10001 100 68835 33182100 1652021 140917
0b007701 0b003501 10000 100 1226821 31135596 3700734 1111773
0b002a01 0b005001 10000 100 69520 33281602 1642971 141504
0b000501 0b005101 10000 100 113320 34276017 681203 178233
0b002d01 0b000d01 10000 100 850165 31538639 3435554 796010
0b007b01 0b000501 10000 100 17164 33570632 1422215 97622
0b005801 0b007101 10000 100 14022 34736164 290696 94993
0b005401 0b001301 10001 100 42285 34083802 965408 118679
0b002201 0b000f01 10000 100 1079097 29185525 5910708 987949
0b000001 0b003d01 10000 100 5051912 22577343 12525710 4318726
0b006c01 0b002a01 10000 100 29949 34335716 775840 108311
0b006b01 0b003601 10000 100 1985954 29883498 5240648 1748225
0b007801 0b003201 10000 100 51378 34608808 516263 126299
0b006801 0b002501 10000 100 617633 33256920 1906759 601037
0b001501 0b004b01 10000 100 567341 32913899 2264146 558884
0b002101 0b001e01 10000 100 25209 33959371 1220900 104365
0b005f01 0b004401 10000 100 35180 31739502 3465662 112726
0b007901 0b004d01 10000 100 7458 34027742 1232041 89473
0b004a01 0b002f01 10000 100 7408 34058997 1207249 89433
0b000501 0b007c01 10000 100 51494 34558925 731801 126392
0b003c01 0b002e01 10000 100 4344773 29941071 5423227 3725866
0b002701 0b004b01 10000 100 1169008 28780657 6656546 1063334
0b003601 0b006101 10000 100 1391474 32668620 2779257 1249832
0b003d01 0b002a01 10000 100 10315 35210162 246561 91874
0b006901 0b004301 10000 100 35268 33823797 1641786 112796
0b005d01 0b000801 10000 100 9299537 8527121 26940753 7879949
0b001701 0b005a01 10000 100 282150 34352952 1133795 319787
0b007d01 0b000801 10000 100 27712 35341936 152889 106444
0b001001 0b002d01 10000 100 532129 33643550 1911630 529370
0b003e01 0b005501 10000 100 210008 35170058 442305 259308
0b002501 0b006a01 10000 100 3745622 26587908 9096504 3223544
0b005c01 0b001f01 10000 100 21940 35528806 176770 101596
0b000601 0b006d01 10000 100 2663831 32889863 2908106 2316562
0b005901 0b004801 10000 100 2093749 31539533 4280584 1838608
0b007f01 0b007601 10000 100 7818 35725346 101067 48161
0b002401 0b002801 10000 100 5029 35733230 107796 45853
0b002701 0b002601 10000 100 739523 32505396 3405429 661634
0b004001 0b005301 10000 100 164345 34819257 1105566 221012
0b006301 0b005601 10000 100 26933 35686365 255719 105783
0b002801 0b002e01 10000 100 2022 35725376 228095 43332
0b004901 0b000101 10000 100 1698998 31286203 4685045 1507640
0b001c01 0b002701 10000 100 64576 34933057 1123037 137356
0b004a01 0b006601 10000 100 7848 34445500 1697492 89785
0b000601 0b000e01 10000 100 62399 36026030 121118 93938
0b004b01 0b004901 10000 100 21448 36082250 78006 59603
0b005301 0b001b01 10000 100 71230 35205112 996644 142948
0b002701 0b003f01 10000 100 4495859 24678733 11527926 3852533
0b001e01 0b007a01 10000 100 3532018 26240940 9984049 3044481
0b004501 0b007d01 10000 100 3110 35645606 590411 85841
0b003a01 0b006601 10001 100 913 35951906 294625 83968
0b007c01 0b001c01 10000 100 25908 35090556 1158625 104924
0b003b01 0b004b01 10000 100 35419 34594713 1671590 112917
0b002201 0b002d01 10000 100 29874 36353018 74353 66651
0b001001 0b005301 10000 100 9271 35981638 496255 91000
0b002e01 0b007401 10000 100 15959 35515660 1013146 96581
0b004201 0b006201 10001 100 22039 36216003 354055 101714
0b007c01 0b004c01 10000 100 26829 36214113 365889 105700
0b006501 0b007401 10000 100 18738 36349989 235080 98920
0b000101 0b001f01 10000 100 951153 35376940 1276109 880679
0b007101 0b000001 10000 100 4015 35387438 1309448 86604
0b000301 0b007b01 10000 100 510 36551646 161950 83646
0b003a01 0b001801 10000 100 1342 35959347 762742 84350
0b001d01 0b005701 10000 100 1996730 28876173 7851193 1757268
0b000c01 0b007001 10000 100 1561627 30228500 6527852 1392482
0b004701 0b004d01 10000 100 1355489 33464551 3402003 1178061
0b004001 0b006701 10000 100 70123 35454093 1446726 142024
0b000001 0b000e01 10000 100 29124403 4629192 32387731 24459522
0b002b01 0b004701 10000 100 2222161 19646429 17395086 1946292
0b000901 0b003701 10000 100 162568 36482310 571625 219513
0b000301 0b003201 10000 100 329702 32837508 4246292 359633
0b000001 0b004d01 10000 100 482 34459643 2677174 83624
0b000001 0b001201 10000 100 43256 36252277 958576 119494
0b001b01 0b001101 10000 100 759282 36620846 677240 678209
0b001401 0b001d01 10000 100 146558 37113021 213774 164491
0b005f01 0b004301 10000 100 3757323 30275200 7132356 3233365
0b004501 0b001d01 10000 100 2419548 28495498 9011874 2111766
0b004501 0b006801 10000 100 1588644 29505934 8028755 1415132
0b000401 0b000001 10000 100 4253463 32689899 4850683 3607724
0b003701 0b005601 10000 100 16286 36872752 673854 96881
0b007a01 0b003301 10000 100 4805 36896220 717507 87236
0b000a01 0b001201 10000 100 9751 37324872 306752 91384
0b000101 0b001001 10000 100 9616 36940908 707586 91276
0b002701 0b000a01 10000 100 923677 30696790 7028165 857623
0b002501 0b006601 10001 100 1665115 35233184 2499581 1479266
0b003a01 0b003601 10000 100 51968 37606660 140242 85171
0b005d01 0b001601 10000 100 392210 36087394 1688818 412059
0b000c01 0b003f01 10000 100 3832131 23785743 14017340 3296092
0b001001 0b001301 10000 100 550659 37288453 515751 503285
0b007901 0b001d01 10000 100 83315 37147563 687169 153077
0b003101 0b004e01 10000 100 7537 36928321 922373 89536
0b006901 0b005c01 10000 100 27820 35672575 2182186 106531
0b002e01 0b007b01 10000 100 1620010 31630457 6289204 1441454
0b007601 0b004801 10000 100 892 37401236 522250 83952
0b003e01 0b004001 10000 100 4985804 11173402 26835313 4263305
0b002d01 0b006901 10000 100 52640 36906128 1108059 127347
0b005101 0b007601 10000 100 169935 36609607 1427352 225676
0b007801 0b006101 10000 100 6591804 27045211 11033125 5609776
0b006201 0b001e01 10000 100 29344 36828033 1298608 107827
0b004201 0b006801 10000 100 2937884 30198798 8097417 2546326
0b001a01 0b007801 10000 100 33724 38187062 136903 111484
0b006c01 0b006401 10000 100 37236 38316058 74909 72848
0b000b01 0b007801 10000 100 66642 38144354 266182 139086
0b002601 0b004901 10000 100 789131 31996804 6422003 744840
0b004b01 0b006d01 10000 100 196270 37832817 595613 247780
0b003101 0b000801 10000 100 237378 37281253 1181350 282241
0b003001 0b006001 10001 100 65296 38373487 163653 137971
0b006b01 0b001d01 10000 100 21611 38026823 692063 101333
0b007801 0b006f01 10000 100 3245 38200217 530489 85949
0b003101 0b001e01 10000 100 33282 38423439 345976 111131
0b007e01 0b004901 10000 100 36571 37891498 891139 113877
0b003401 0b005401 10000 100 22478 36886283 1944890 102065
0b004201 0b006101 10000 100 40946 38276740 769022 117531
0b005e01 0b002301 10000 100 1072384 35141926 3929711 982310
0b003b01 0b006701 10000 100 72463 38811359 262408 143973
0b005f01 0b001901 10000 100 30828 38572181 524512 109052
0b005c01 0b002801 10000 100 70777 38641453 486078 142548
0b003501 0b002901 10000 100 3768143 31859147 7271481 3242444
0b003c01 0b001601 10000 100 234149 38798523 466487 279543
0b006b01 0b004401 10000 100 100693 38656560 638909 167632
0b005301 0b005701 10000 100 3460788 34111901 5187360 2943132
0b001801 0b002d01 10000 100 13019 38994538 377817 94152
0b001001 0b002901 10000 100 61899 37747051 1711109 135100
0b000a01 0b005f01 10000 100 311896 37873613 1609597 344697
0b004401 0b000f01 10000 100 1387279 35889323 3610346 1246322
0b003201 0b000101 10000 100 1324340 30492708 9044165 1193552
0b007801 0b003d01 10001 100 53446 38310717 1232743 128030
0b004001 0b001f01 10000 100 8982276 22694675 16944438 7613968
0b007201 0b003101 10000 100 4003052 30729533 8991220 3439395
0b005b01 0b004c01 10000 100 769990 38186069 1606237 728760
0b007901 0b006701 10000 100 21682 38159900 1688970 101390
0b007401 0b003001 10000 100 28609 37213633 2645669 107200
0b002901 0b001b01 10000 100 134065 39643410 226229 195636
0b005b01 0b006a01 10000 100 26212 39787186 158966 105206
0b003301 0b002f01 10000 100 8183 39078733 924212 90092
0b003701 0b000601 10000 100 8686 38544743 1469660 90494
0b001801 0b007501 10000 100 50131 39829917 274810 125263
0b005d01 0b000701 10000 100 723235 38116085 2003623 689589
0b007f01 0b002101 10000 100 582098 37089257 3065689 571265
0b003101 0b002a01 10000 100 74098 39640451 515888 145358
0b001601 0b007401 10000 100 8269626 22486231 17718346 7016468
0b004501 0b000501 10000 100 28687 39768407 436792 107263
0b004e01 0b006101 10000 100 4685002 18962777 21249778 4011144
0b006d01 0b002001 10000 100 10730 39554139 658782 92206
0b003601 0b002a01 10000 100 47944 38880498 1368647 123398
0b006701 0b003001 10000 100 47531 39342108 925786 123068
0b005401 0b000701 10000 100 2123504 19837654 20457345 1863564
0b001c01 0b003801 10000 100 556102 37116950 3180031 549470
0b004901 0b007801 10000 100 73649 39783877 517144 144960
0b001f01 0b003a01 10000 100 6795 39487196 841135 88904
0b005f01 0b002d01 10000 100 11735 37173068 3208017 93048
0b006401 0b006a01 10000 100 1336343 38164623 2266596 1162015
0b007e01 0b006001 10000 100 33472 40184920 309422 111283
0b006b01 0b000001 10000 100 25315 39781163 720476 104450
0b005401 0b007d01 10000 100 172066 39018144 1546103 227496
0b002f01 0b005301 10000 100 1781749 30706307 9860410 1577028
0b007401 0b003101 10000 100 155149 38934609 1638843 213309
0b000a01 0b000401 10000 100 19041771 12398940 28230758 16006229
0b005f01 0b003801 10000 100 3963 40092469 598030 86524
0b007a01 0b005b01 10000 100 6919981 22536846 18209381 5884912
0b001001 0b005301 10001 100 32398 39452070 1303949 110385
0b003301 0b005b01 10000 100 121614 37724465 3051156 185176
0b005d01 0b006b01 10000 100 49079 40585515 218591 124383
0b002c01 0b005301 10000 100 2611813 23426313 17428989 2272951
0b003a01 0b004001 10000 100 89230 39670197 1200367 158040
0b005901 0b003b01 10000 100 56343 40205544 696113 130463
0b006701 0b004f01 10000 100 6120 40864044 91611 88364
0b003001 0b001201 10000 100 50097 39598739 1402325 125236
0b006a01 0b005401 10000 100 1638 40828922 192997 84587
0b004401 0b005901 10000 100 8298425 26785012 14256493 7040621
0b004e01 0b007401 10000 100 137807 39917073 1192566 198744
0b005001 0b004d01 10000 100 2630 41034603 86832 85419
0b002201 0b007f01 10000 100 18187 40554392 630361 98479
0b001801 0b004b01 10001 100 4975850 30660589 10648999 4254958
0b001701 0b001b01 10000 100 77644 41236470 148751 106710
0b004c01 0b007901 10000 100 23185 40984885 452977 102669
0b004001 0b001301 10000 100 2973832 37850067 3594120 2576467
0b004c01 0b005801 10000 100 153264 40884728 584303 211724
0b003d01 0b003b01 10001 100 50908 41081385 418166 84284
0b001701 0b007801 10000 100 8966561 21682690 19875113 7600781
0b001001 0b004c01 10000 100 541304 40416066 1159973 537056
0b001c01 0b007301 10000 100 69698 41377817 212149 141646
0b004501 0b005101 10000 100 44520 40164156 1447357 120544
0b001701 0b001d01 10000 100 22312 41566118 64118 60332
0b003101 0b000901 10000 100 865486 38426100 3240394 808843
0b002401 0b000601 10000 100 164566 39917579 1823208 221188
0b000101 0b006901 10000 100 1905076 38953344 2825865 1680451
0b004501 0b003201 10000 100 46840 40977513 978694 122476
0b007d01 0b007f01 10000 100 6359925 34112991 7919917 5373764
0b002a01 0b005301 10000 100 6000 41351586 688935 88230
0b002d01 0b004001 10000 100 2469 41514848 571373 85290
0b002a01 0b007701 10000 100 1175095 37329773 4793430 1068434
0b006501 0b006101 10000 100 166240 40970464 1181592 181004
0b002401 0b002201 10000 100 182888 41579466 758843 194937
0b002801 0b007c01 10000 100 724 41338711 1094882 83817
0b003001 0b006501 10000 100 649282 40797797 1739481 627585
0b000201 0b000701 10000 100 5141413 35993226 6590091 4352183
0b004b01 0b007001 10000 100 10567 42298772 307271 92076
0b003301 0b004401 10000 100 29315 41107807 1524888 107804
0b004c01 0b000a01 10000 100 53942 41911526 811205 128427
0b005001 0b004a01 10000 100 23436 41830231 978142 102870
0b000001 0b001c01 10000 100 149802 42489212 356739 208801
0b002b01 0b005401 10000 100 48934 41762194 1086285 124228
0b002701 0b003601 10000 100 994981 41118033 1765703 917392
0b004501 0b002401 10000 100 1351273 40044466 2907839 1216135
0b004e01 0b002b01 10000 100 1920494 34741099 8289854 1693361
0b006a01 0b007c01 10000 100 29917 40969233 2131143 108285
0b006301 0b002101 10000 100 1405192 36136298 7016563 1261344
0b001301 0b001101 10000 100 1452078 38133762 5023902 1259057
0b002701 0b005b01 10000 100 79188 42978010 183389 149622
0b004901 0b004d01 10001 100 4793152 38430356 4753165 4060211
0b002801 0b001a01 10000 100 21971 42666376 521683 101621
0b002801 0b006301 10000 100 4484890 33259719 9949660 3843336
0b007a01 0b000601 10000 100 45326 43072262 174671 121227
0b005201 0b004e01 10000 100 2953736 22747438 20524381 2559622
0b004901 0b000001 10000 100 32355 41679774 1683653 110351
0b004b01 0b004101 10000 100 25879 43411726 63484 63301
0b003e01 0b007501 10000 100 8100007 24174773 19335327 6874284
0b005d01 0b002d01 10000 100 8478597 11109301 32452476 7191671
0b007f01 0b001101 10000 100 2594 43500823 87771 85390
0b004901 0b005901 10000 100 4658410 29673294 14021599 3988833
0b001701 0b000a01 10000 100 36429 43564510 154679 113764
0b003601 0b000401 10000 100 1631988 35014802 8725309 1451459
0b006901 0b002701 10000 100 27513 42762534 1044806 106285
0b004901 0b005101 10000 100 73081 43337454 502742 144506
0b005701 0b003c01 10001 100 7177 43743861 108153 89248
0b003801 0b002c01 10000 100 77763 43046766 832275 148405
0b001001 0b002e01 10000 100 43130 43815821 328541 119393
0b007a01 0b004d01 10000 100 1292126 42629021 1515359 1166552
0b003e01 0b000d01 10000 100 67983 42332396 1838215 140197
0b007101 0b006901 10000 100 1116457 41267388 2932601 1019258
0b005301 0b002701 10000 100 697611 43297509 984840 668092
0b001701 0b007301 10000 100 22344 43591121 740542 101958
0b003301 0b007b01 10000 100 46652 43360505 974854 122326
0b004d01 0b006401 10000 100 122185 43504568 922562 185671
0b001f01 0b002801 10000 100 47170 43748881 693516 122779
0b007101 0b004f01 10000 100 25515 44246805 197510 104610
0b001201 0b005101 10000 100 47773 43741659 708031 123261
0b002b01 0b001a01 10000 100 876330 42111658 2481423 817940
0b000c01 0b003401 10000 100 4389025 25126565 19471818 3762996
0b001501 0b003701 10000 100 12541 44501427 104441 93732
0b003801 0b004101 10000 100 13053292 1622094 43039257 11027107
0b003301 0b005c01 10000 100 1063690 43178642 1524977 975009
0b002001 0b003401 10000 100 4941367 27910468 16845519 4226066
0b002101 0b005601 10000 100 2944258 30326166 14436934 2551694
0b001701 0b006f01 10000 100 25972 44521749 269720 104976
0b002d01 0b002001 10000 100 1406470 43412485 1427429 1220804
0b001801 0b004b01 10000 100 7344982 17918953 26965193 6241233
0b002601 0b002f01 10000 100 36724 44940397 151717 72400
0b005501 0b005f01 10000 100 6854478 31279293 13840582 5788414
0b001201 0b003701 10000 100 349224 43447088 1686284 376019
0b006e01 0b000d01 10000 100 1258173 38173231 6994732 1138084
0b003701 0b005401 10000 100 1388708 39515223 5856413 1247504
0b002901 0b002f01 10000 100 74438 45286134 122624 104030
0b006001 0b006301 10000 100 1779810 42557868 3028199 1533800
0b004401 0b001101 10000 100 1795 45032947 675766 84712
0b000301 0b007601 10000 100 7375134 20944912 24886560 6266545
0b006201 0b000401 10000 100 69806 44646264 1206549 141732
0b002601 0b002401 10000 100 3507709 40971101 4914508 2982474
0b007801 0b004801 10000 100 7680 45202154 710933 89651
0b005101 0b006e01 10000 100 24610 45488285 509245 103848
0b000501 0b007e01 10000 100 72669 44259273 1763509 144138
0b007701 0b006101 10000 100 1547139 40944407 5091778 1380354
0b002a01 0b001901 10000 100 764472 43707486 2335585 724153
0b003e01 0b007c01 10000 100 32383 45089790 974996 110373
0b005b01 0b002d01 10000 100 20679 45814267 320906 100549
0b001601 0b004001 10000 100 4774 45913635 246679 87211
0b006101 0b007901 10000 100 1968541 36970047 9343162 1733642
0b003101 0b002c01 10000 100 24142 46190869 122764 103473
0b006501 0b007201 10000 100 4654525 31259696 15109983 3985572
0b003601 0b006f01 10000 100 1415389 42568785 3976412 1269885
0b000b01 0b005201 10000 100 8365 46049345 601489 90237
0b006e01 0b007601 10000 100 28451 45834857 902803 107074
0b000201 0b007101 10000 100 20094 46020842 751765 100081
0b005b01 0b004801 10000 100 4434745 20198008 26625201 3801300
0b000001 0b002601 10000 100 66088 46669174 166676 138643
0b003801 0b002001 10000 100 110843 46147533 691312 176136
0b005001 0b002f01 10000 100 77865 45526267 1351584 148487
0b006301 0b004701 10000 100 17378 45799342 1080280 97793
0b003d01 0b000001 10000 100 8823667 18456341 28445898 7480975
0b007c01 0b006601 10000 100 1711768 43053993 3870661 1518355
0b007801 0b002a01 10000 100 394535 45029772 2010963 413996
0b006001 0b005401 10000 100 4013261 41334077 5812206 3447946
0b000d01 0b002301 10000 100 9251469 17213838 30160765 7839652
0b000301 0b003e01 10000 100 333046 42487969 4896092 362462
0b006101 0b007c01 10000 100 1935648 37882548 9547649 1706060
0b005d01 0b001401 10001 100 45797 46459201 990974 121604
0b001301 0b000501 10000 100 5935364 24153607 23315962 5059433
0b001601 0b006e01 10000 100 28786 46381537 1092113 107342
0b001601 0b004901 10000 100 97331 46997790 662410 164828
0b001001 0b002501 10000 100 3889237 40168804 7492324 3343965
0b006801 0b002a01 10000 100 2995656 38605916 9114017 2594771
0b000501 0b001501 10000 100 2265420 44192699 3592330 1982550
0b002d01 0b000101 10000 100 25057 47612430 249094 104244
0b004701 0b001801 10000 100 4198639 33358762 14504220 3603352
0b006301 0b004401 10000 100 8255050 25315456 22600201 7004270
0b003701 0b004201 10000 100 17735 47680765 236628 98079
0b007501 0b000901 10001 100 41763 47378681 558181 118223
0b002601 0b002801 10000 100 2625714 44799490 3186377 2243009
0b005901 0b002801 10000 100 757284 41439434 6553409 718134
0b005001 0b005b01 10000 100 994432 47253982 883122 875353
0b002c01 0b005301 10001 100 4179728 24130554 24040488 3587494
0b001001 0b005301 10002 100 6824 46918327 1320280 88928
0b004f01 0b007701 10001 100 752784 44540578 3745466 714342
0b007501 0b005101 10001 100 72471 47684942 615896 143980
0b004b01 0b007901 10000 100 1557525 43703014 4765257 1389047
0b002f01 0b000701 10000 100 7748502 23176975 25487841 6579563
0b002d01 0b005401 10001 100 30260 48862489 216279 108598
0b003d01 0b004001 10000 100 1082079 40118425 8971628 990450
0b003101 0b005201 10000 100 350327 48278137 818389 376940
0b006101 0b007b01 10000 100 2753031 39883989 9303261 2391378
0b001101 0b001e01 10000 100 3387410 44420416 5005862 2881627
0b000101 0b001e01 10000 100 3118406 42359927 7134396 2697694
0b000701 0b004e01 10000 100 8685293 26005090 23604988 7364976
0b004201 0b007001 10000 100 4910177 31181908 18471576 4199924
0b001f01 0b000b01 10000 100 4679791 28575151 21201712 4006744
0b004f01 0b001c01 10000 100 21580700 12010098 37776624 18176470
0b007d01 0b000801 10001 100 2318702 46319385 3477395 2027211
0b001e01 0b005001 10000 100 2372222 42239049 7599723 2072100
