0b005601 0b001501 10000 100 7180 49343 88754 89251
0b003c01 0b000b01 10000 100 61024 13641 133881 134400
0b003b01 0b007601 10000 100 11673 50739 102943 92999
0b002f01 0b007601 10000 100 66690 41436 151713 139124
0b001701 0b000701 10000 100 49702 75100 164509 124881
0b006401 0b005301 10000 100 4918 364393 87617 87326
0b003c01 0b005701 10000 100 30437 529112 108234 108740
0b004801 0b003201 10000 100 21304 611195 100585 101088
0b001601 0b007701 10000 100 22592 938594 102138 102156
0b002d01 0b004f01 10000 100 7293 1119946 88844 89341
0b003a01 0b005a01 10000 100 7090 1152854 94765 89179
0b000b01 0b005a01 10000 100 860710 423322 873236 804830
0b004d01 0b007f01 10000 100 28303 1217248 106450 106956
0b006801 0b000501 10000 100 3712 1288973 88440 86323
0b007a01 0b004001 10000 100 868779 75300 1398765 811592
0b003001 0b007e01 10000 100 15110 869157 624240 95902
0b005f01 0b006d01 10000 100 1643731 72254 1514595 1461314
0b000501 0b003a01 10000 100 819026 955835 776944 769908
0b004d01 0b001301 10000 100 49301 1872884 124047 124560
0b007601 0b003201 10000 100 59099 2015936 132265 132783
0b005701 0b002001 10000 100 2361 2229527 84709 85204
0b003701 0b001501 10000 100 54373 2202467 131091 128810
0b004501 0b006f01 10000 100 50080 2239384 124708 125222
0b001b01 0b003801 10000 100 128010 2230587 190018 190561
0b000001 0b000101 10000 100 31515 2412993 67362 68040
0b006101 0b001701 10000 100 1046690 1578238 1008996 960756
0b002201 0b004f01 10000 100 6016 2523656 88067 88281
0b006001 0b006c01 10000 100 74140 2577140 103096 103792
0b005801 0b006501 10000 100 461463 2228943 480826 470111
0b006501 0b006301 10000 100 1743 2670550 42404 43071
0b007d01 0b007901 10000 100 76904 2634970 105383 106080
0b000501 0b003a01 10001 100 93720 2564308 177745 161785
0b007601 0b004001 10000 100 72462 2570547 203491 143972
0b005d01 0b000101 10000 100 58974 2676340 132265 132644
0b006501 0b004c01 10000 100 2458 2756249 84834 85281
0b007401 0b000d01 10000 100 2049621 45925 2824168 1801616
0b005d01 0b006601 10000 100 134989 2759699 199746 196375
0b007b01 0b006701 10000 100 2394 2878269 86320 85230
0b004901 0b000e01 10000 100 54823 2814324 174266 129170
0b007501 0b001201 10000 100 4858 2837223 151652 87278
0b003601 0b005901 10000 100 8979 2993919 93583 90728
0b004c01 0b000601 10000 100 26438 3032822 125917 105387
0b007401 0b007b01 10000 100 1556816 945831 2266643 1346841
0b001b01 0b005001 10000 100 78561 3062186 214382 149082
0b000701 0b003101 10000 100 8919 3245465 90375 90680
0b007901 0b003a01 10000 100 325517 2772847 680836 356132
0b003b01 0b000201 10000 100 30327 3413616 118171 108652
0b002f01 0b004d01 10000 100 1810461 1977426 1599893 1601111
0b007101 0b000c01 10000 100 30106 3452390 157241 108475
0b003501 0b005a01 10000 100 6425 3642720 88112 88608
0b003601 0b003101 10000 100 35009 3635792 97170 70989
0b006c01 0b001701 10000 100 65986 3624502 140004 138523
0b003c01 0b007101 10000 100 14445 3643413 157837 95332
0b005601 0b006301 10000 100 3003 3765788 85268 85756
0b004a01 0b004201 10000 100 76852 3755407 107166 106038
0b000c01 0b003a01 10000 100 728701 3192527 713521 694154
0b004f01 0b001001 10000 100 156449 3796947 218632 214388
0b005b01 0b000801 10000 100 16444 3921659 111765 97008
0b006901 0b007c01 10000 100 1333093 1852061 2220034 1200900
0b004201 0b007c01 10000 100 1165398 2127029 1975997 1060292
0b005001 0b006301 10000 100 8273 3779484 326609 90164
0b002001 0b006501 10000 100 36469 4252696 114055 113796
0b003301 0b006901 10000 100 50251 4227597 148837 125359
0b006501 0b002601 10000 100 365314 3817881 568545 389505
0b007d01 0b002e01 10000 100 77590 4235946 179940 148267
0b003701 0b002a01 10000 100 3952 4334896 86858 86515
0b003601 0b007301 10000 100 1028 4417549 84365 84099
0b007001 0b000301 10000 100 76215 4404889 146604 147128
0b000701 0b005d01 10000 100 62459 4435175 137421 135586
0b002101 0b001d01 10000 100 1176 4504629 84073 84217
0b002a01 0b002001 10000 100 44738 4586295 79154 79118
0b001701 0b000501 10000 100 1128207 2806782 1896377 1029119
0b003601 0b004401 10000 100 1106425 3637957 1079546 1010848
0b006d01 0b005201 10000 100 1507990 1751947 3041509 1347499
0b005701 0b000401 10000 100 927623 3799325 995824 860933
0b005101 0b005b01 10000 100 5594945 230714 4730316 4732404
0b007701 0b003f01 10000 100 10939 4923285 96065 92373
0b007f01 0b004d01 10000 100 36852 5018533 116458 114102
0b002f01 0b007801 10000 100 38638 5058167 117451 115608
0b005301 0b005201 10000 100 58011 5142719 89586 90274
0b005601 0b006301 10001 100 28875 5134417 124410 107413
0b004a01 0b001101 10000 100 2291 5178853 85140 85148
0b006f01 0b007201 10000 100 2808 4840158 435711 85561
0b007801 0b006d01 10000 100 26160 5189568 127915 105164
0b005701 0b006601 10000 100 582938 4529282 1077407 571937
0b007501 0b007001 10000 100 1737 5786243 42459 43066
0b002401 0b001501 10000 100 257818 5572507 298764 299361
0b000001 0b002301 10000 100 10372 6014557 95497 91920
0b006b01 0b003301 10000 100 5589 6051615 89335 87901
0b000e01 0b006601 10000 100 401215 5418390 725833 419608
0b000301 0b002901 10000 100 5028 6050987 94031 87452
0b001101 0b006701 10000 100 71101 5968529 200566 142845
0b003001 0b001501 10000 100 73278 6028111 144140 144664
0b007f01 0b005901 10000 100 21190 6086025 101591 100996
0b005901 0b005801 10000 100 65672 6100893 97036 96672
0b004001 0b002201 10000 100 1542289 4841060 1379469 1376282
0b004101 0b005e01 10000 100 48929 6192670 136281 124224
0b003d01 0b003501 10000 100 17057 6382707 55264 55936
0b007a01 0b000201 10000 100 76289 6326689 150968 147188
0b004901 0b004201 10000 100 756382 5829969 674806 675774
0b005d01 0b004801 10000 100 612 6436484 82304 83728
0b001701 0b005801 10000 100 51337 5927785 687395 126266
0b006901 0b002301 10000 100 65063 6722389 147765 137784
0b001001 0b000b01 10000 100 4599728 585310 6286992 3939622
0b001a01 0b006301 10000 100 6879 6812262 94033 88972
0b006a01 0b006b01 10000 100 44076 6882576 77905 78588
0b001401 0b002001 10000 100 77711 6899415 151439 148364
0b000201 0b003d01 10000 100 10075 6571386 492822 91682
0b003001 0b001001 10000 100 36836 6936417 159142 114089
0b006301 0b007301 10000 100 162416 6897084 288387 219392
0b007d01 0b001f01 10000 100 52700 7017847 183656 127395
0b001e01 0b006101 10000 100 23247 7118397 121221 102719
0b007901 0b004401 10000 100 71770 7177485 174111 143380
0b006101 0b002e01 10000 100 187396 6974310 392304 240336
0b001f01 0b007501 10000 100 6203770 1769149 5669310 5284449
0b007c01 0b006701 10000 100 6130381 222312 7229725 5222935
0b007c01 0b004101 10000 100 8083 7320616 214161 90012
0b005f01 0b000501 10000 100 4403144 1581290 6060690 3774828
0b006701 0b002601 10000 100 2145594 4135153 3604655 1882081
0b003301 0b001a01 10000 100 67422 7742419 139228 139748
0b000001 0b003d01 10000 100 33516 7841121 110811 111318
0b002101 0b002701 10000 100 78949 7979756 109879 107792
0b002f01 0b007e01 10000 100 30348 8082315 120574 108668
0b007701 0b003b01 10000 100 67858 8145537 315176 140097
0b005a01 0b005f01 10000 100 472439 8137134 458912 437714
0b002801 0b004b01 10000 100 19627 8519156 107939 99669
0b003f01 0b005f01 10000 100 56902 8506028 163619 130910
0b007801 0b003f01 10000 100 424949 7136361 1602347 439479
0b001401 0b001701 10000 100 1966890 7157436 1709736 1690644
0b002501 0b007b01 10000 100 78728 7715887 1223383 149216
0b005401 0b000d01 10000 100 4132186 2921140 6045843 3547656
0b004501 0b003801 10000 100 68933 9010416 140474 140996
0b005201 0b004701 10000 100 92930 9067855 211388 161115
0b004201 0b004801 10000 100 742043 8635145 662802 663765
0b005701 0b007c01 10000 100 1741382 7778844 1669267 1543198
0b004401 0b000401 10000 100 9122 9024761 522058 90881
0b005f01 0b000401 10000 100 4037170 4352161 5314722 3467995
0b004801 0b000f01 10000 100 12844 9071266 694700 93974
0b002601 0b003a01 10000 100 61269 9661574 134908 134596
0b000a01 0b004e01 10000 100 513894 7931231 1972287 514052
0b007801 0b003001 10000 100 48513 9778658 142611 123892
0b007101 0b007c01 10000 100 2009 9886884 46102 43322
0b001d01 0b006101 10000 100 177581 9227938 763686 232100
0b004501 0b004b01 10000 100 666350 9133397 922306 600292
0b005e01 0b005b01 10000 100 72426 9953134 110867 102344
0b006801 0b000201 10000 100 39083 10073281 149301 116002
0b006d01 0b004601 10000 100 58017 9969275 292082 131879
0b005901 0b006e01 10000 100 30154 10184651 118901 108513
0b000701 0b005e01 10000 100 1150761 6013848 4299565 1048007
0b007001 0b003001 10000 100 884263 7771311 2625431 824594
0b004a01 0b006201 10000 100 880178 8782733 1717643 821172
0b007501 0b002f01 10000 100 180774 9311207 1210727 234769
0b002701 0b007a01 10000 100 1986823 6208874 4328028 1748959
0b000301 0b001f01 10000 100 73158 10388334 159874 144568
0b007d01 0b002d01 10000 100 24234 10205241 409737 103547
0b005201 0b004101 10000 100 6249 9914865 726917 88468
0b001f01 0b004501 10000 100 7586 10024138 722074 89576
0b002f01 0b007f01 10000 100 6847 9748842 1101882 88946
0b007301 0b004201 10000 100 24760 10750804 132076 103968
0b004b01 0b006201 10000 100 703289 9124810 1783077 672864
0b007c01 0b004001 10000 100 3370 10209916 784801 86049
0b007101 0b000a01 10000 100 4764641 2910579 8118466 4077888
0b006301 0b007101 10000 100 12778 10948881 129920 93921
0b005f01 0b007d01 10000 100 35570 10409907 701362 113038
0b001e01 0b001c01 10000 100 25670 11076006 62458 63134
0b007501 0b001501 10000 100 2145494 6502241 4727120 1882001
0b003101 0b005c01 10000 100 89092 11210247 157400 157929
0b000101 0b001d01 10000 100 75675 11206127 188145 146658
0b004401 0b007301 10000 100 48327 11321092 163446 123743
0b005e01 0b003601 10000 100 18896 11393767 99531 99046
0b007f01 0b001401 10000 100 2250 11502025 86296 85115
0b001901 0b005601 10000 100 6669 11502517 100176 88804
0b000201 0b000c01 10000 100 1533050 9007608 2613704 1326945
0b004101 0b006f01 10000 100 1904001 8218592 3439296 1679552
0b005901 0b005d01 10000 100 33320 11657537 68882 69561
0b000101 0b007201 10000 100 1321281 7297368 4465183 1190989
0b006b01 0b001101 10000 100 79727 9954239 1816103 150053
0b007801 0b000801 10000 100 421609 8844408 2929755 436692
0b001b01 0b003c01 10000 100 74835 11643718 216332 145948
0b003901 0b004801 10000 100 72581 11774597 153047 144068
0b000101 0b003d01 10000 100 346565 11516415 438233 373776
0b006a01 0b004c01 10000 100 16657 11862502 143426 97178
0b003c01 0b007301 10000 100 2371791 6241549 5901777 2071717
0b006e01 0b000201 10000 100 31966 9883639 2263467 110001
0b007201 0b000f01 10000 100 7093587 2817182 9346972 6030479
0b000f01 0b005201 10000 100 110346 11948607 267449 175739
0b006d01 0b002e01 10000 100 4532029 3414447 8872898 3882890
0b007b01 0b007901 10000 100 2303153 8160360 4228662 1972596
0b000d01 0b001901 10000 100 70904 10781494 1622911 142649
0b006a01 0b007901 10000 100 1844055 7930412 4550634 1629292
0b007301 0b004c01 10000 100 77518 12282989 214438 148209
0b002501 0b000201 10000 100 163392 12261215 361617 220211
0b002d01 0b002301 10000 100 1911 12606994 42539 43205
0b006101 0b007901 10000 100 1298942 9634209 3027111 1172235
0b004e01 0b004b01 10000 100 25565 12670352 83324 63050
0b003a01 0b007f01 10000 100 1162 12677474 83712 84206
0b000301 0b002a01 10000 100 4631366 5159219 7610013 3966161
0b007f01 0b001401 10001 100 17248 12686726 97188 97689
0b000a01 0b006e01 10000 100 2849080 10268135 2556188 2471904
0b005701 0b004a01 10000 100 2871189 10198795 2646608 2490436
0b003101 0b003201 10000 100 54106 12830886 86309 86996
0b007901 0b006d01 10000 100 431209 10539485 2429389 444756
0b001c01 0b002e01 10000 100 16033 12981519 99006 96679
0b002e01 0b005801 10000 100 923159 11004784 2095624 857208
0b003b01 0b001701 10000 100 148045 12894653 208964 207357
0b004601 0b006c01 10000 100 6841 10737320 2367760 88941
0b002201 0b002801 10000 100 194784 12731433 412781 204915
0b004d01 0b005c01 10000 100 339908 11907703 1337989 368182
0b002801 0b001601 10000 100 897950 10653929 2613056 836043
0b001901 0b001601 10000 100 2806522 9062923 4333018 2394606
0b002e01 0b007c01 10000 100 1850256 11007701 2404787 1634483
0b004e01 0b006601 10000 100 4416153 3910179 9680897 3785735
0b007101 0b004c01 10000 100 8332 13475565 123003 90211
0b001401 0b006801 10000 100 15949 12093982 1542232 96573
0b003301 0b002f01 10000 100 193109 13492131 277395 245136
0b006401 0b001601 10000 100 7046726 2857303 10921280 5991185
0b002f01 0b007001 10000 100 10394 13163329 716024 91937
0b003201 0b002201 10000 100 34707 12674330 1268100 112309
0b006a01 0b001301 10000 100 38398 12583856 1373635 115416
0b004701 0b005b01 10000 100 2503 13888858 87904 85317
0b003901 0b007201 10000 100 36940 13159754 832300 114172
0b001201 0b003c01 10000 100 519999 13460496 539514 519167
0b001c01 0b004901 10000 100 11883 13950407 125942 93167
0b005801 0b006401 10000 100 1751245 11126348 3007445 1551472
0b005601 0b002f01 10000 100 25836 14100844 125090 104867
0b006c01 0b007601 10000 100 38521 13388605 867518 115514
0b005f01 0b007001 10000 100 58708 14124770 134938 132432
0b006e01 0b000601 10000 100 1305900 10974726 3371947 1178070
0b002f01 0b005f01 10000 100 44603 14239977 129771 120610
0b000c01 0b006c01 10000 100 59772 12843032 1638532 133321
0b007b01 0b000101 10000 100 888656 13644984 889723 828262
0b000c01 0b000201 10000 100 22934 14489888 63606 60830
0b003301 0b002601 10000 100 38320 14162786 427436 115353
0b001e01 0b001101 10000 100 77706 14511038 107119 106760
0b000401 0b006d01 10001 100 8184 13357495 1311825 90092
0b006601 0b003e01 10000 100 3141267 7113520 7567519 2716866
0b000701 0b004a01 10000 100 1850 13666259 1064618 84756
0b007201 0b006d01 10000 100 3745545 7183339 7679219 3223482
0b004a01 0b002f01 10000 100 829276 13652299 1255654 778492
0b006c01 0b007201 10000 100 38942 14517333 418073 115851
0b000101 0b006801 10000 100 30961 13516761 1497967 109159
0b005e01 0b004001 10000 100 54470 13944277 1084885 128888
0b000201 0b006401 10000 100 6316379 6413700 8672354 5378876
0b007c01 0b005b01 10000 100 2037 15045279 95716 84944
0b006f01 0b004f01 10000 100 10298 15055652 100686 91860
0b002801 0b003901 10000 100 61688 15012831 168889 134931
0b003c01 0b003901 10000 100 7500489 3389845 11880300 6330029
0b006001 0b007a01 10000 100 23624 14313026 998335 103020
0b006e01 0b005001 10000 100 62701 15264229 135261 135780
0b001901 0b003c01 10000 100 67469 14163761 1241178 139786
0b003c01 0b001101 10000 100 1673625 10111575 5347401 1486381
0b004f01 0b001c01 10000 100 69342 15331495 140840 141361
0b005c01 0b000c01 10000 100 5992 15557268 96192 88224
0b005701 0b004d01 10000 100 21371 15523623 141703 101141
0b007701 0b002801 10000 100 79309 15511767 171011 149719
0b005501 0b004101 10000 100 20885 14403592 1280218 100714
0b003601 0b006601 10000 100 79631 15478937 206589 149976
0b002b01 0b001801 10000 100 3110039 10384104 5310558 2690693
0b002501 0b005701 10000 100 342749 14225972 1513568 370570
0b004001 0b004401 10000 100 42022 15697006 146037 76868
0b004301 0b006101 10000 100 1070652 12865942 3003488 980848
0b002201 0b006a01 10000 100 1894607 12708090 3180127 1671653
0b003801 0b005a01 10000 100 2632213 9512774 6387375 2290077
0b006701 0b001d01 10000 100 4801403 4362989 11562048 4108719
0b000601 0b007801 10000 100 22312 15585850 470516 101932
0b001d01 0b004e01 10000 100 14066 15063027 1000317 95028
0b003a01 0b001201 10000 100 47757 16046337 143492 123248
0b003501 0b001201 10000 100 23447 15873745 399927 102879
0b002301 0b005101 10000 100 51255 16125334 167816 126200
0b001c01 0b001b01 10000 100 540156 15883323 493617 494499
0b004101 0b001501 10000 100 2911476 11960354 4494286 2524201
0b002b01 0b004401 10000 100 954509 13538501 2996572 883479
0b000301 0b001b01 10000 100 1044 16486652 83617 84112
0b000b01 0b000901 10000 100 2121588 14793599 1876771 1820355
0b006d01 0b005801 10000 100 53387 15723435 976830 127983
0b006101 0b000b01 10000 100 34248 15855492 874094 111942
0b004601 0b006001 10000 100 2691 16656303 85164 85468
0b000901 0b001101 10000 100 58831 16662565 161888 132530
0b000201 0b006c01 10000 100 577136 15522013 1421422 567104
0b002e01 0b002d01 10000 100 2603794 14840752 2222921 2224628
0b007101 0b007601 10000 100 1501519 14440497 2634312 1300492
0b000701 0b001901 10000 100 4844717 5807192 11363477 4145021
0b005701 0b003501 10000 100 2270710 14388725 2785533 1986974
0b002801 0b002601 10000 100 60499 17232984 93159 92341
0b007201 0b007401 10000 100 12290 17294923 60478 51931
0b000701 0b003e01 10000 100 58367 16573452 846385 132159
0b001801 0b002801 10000 100 67366 17299681 169132 139704
0b007c01 0b000e01 10000 100 2535 17298501 178161 85343
0b003901 0b002a01 10000 100 17013 17423907 104757 97501
0b004c01 0b007d01 10000 100 31919 17400125 144949 109964
0b005d01 0b003f01 10000 100 7685 17498353 95287 89655
0b004001 0b000001 10000 100 8609 16936784 686025 90432
0b000d01 0b003901 10000 100 4180698 6101970 11570845 3588308
0b006601 0b002001 10000 100 3016997 8979769 8721189 2612650
0b004401 0b006501 10000 100 1431 17680190 83927 84421
0b000f01 0b003b01 10000 100 65227 17207999 698975 137916
0b002c01 0b002201 10000 100 84312 17806529 115810 112313
0b000201 0b001001 10000 100 8835 17859846 97476 90613
0b002601 0b002801 10000 100 6195 18010185 48094 46824
0b001901 0b007401 10000 100 914689 17263708 897282 850087
0b003c01 0b000c01 10000 100 44054 17301800 870820 120171
0b005b01 0b003901 10000 100 4021 18182028 89435 86608
0b004801 0b007f01 10000 100 30857 17353560 958924 109076
0b005101 0b003f01 10000 100 20855 17722138 613933 100690
0b000c01 0b002601 10000 100 31961 18256575 139348 109997
0b003c01 0b000001 10000 100 4960238 9280971 9131469 4241892
0b004201 0b004801 10001 100 9094 18408662 58633 49259
0b004b01 0b005901 10000 100 7758 17636980 876512 89713
0b007f01 0b006101 10000 100 26150 18523422 111390 105156
0b007a01 0b004201 10000 100 27978 17988943 661235 106657
0b005d01 0b006e01 10000 100 1795785 16909141 1766232 1588794
0b000501 0b004201 10000 100 409030 18058956 748531 426168
0b005401 0b005101 10000 100 6310490 13397058 5427291 5332334
0b002901 0b007001 10000 100 1601740 16757162 2128752 1426108
0b003201 0b006901 10000 100 50954 18796143 126607 125921
0b001e01 0b002f01 10000 100 6237 18995973 95184 88458
0b004201 0b003601 10000 100 73362 18050428 1044379 144731
0b004b01 0b003801 10000 100 12462 18247926 875726 93668
0b004001 0b001901 10000 100 7018253 7314532 11890310 5967332
0b006101 0b006601 10000 100 24744 19218709 65869 62355
0b004501 0b006101 10000 100 21376 19127576 228963 101145
0b007f01 0b005601 10000 100 83405 19254038 163516 153149
0b001701 0b005c01 10000 100 71178 19271541 160862 142907
0b000001 0b000f01 10000 100 1785574 16306912 3147971 1538641
0b000f01 0b000501 10000 100 3043336 16299331 3256632 2593158
0b004001 0b001101 10000 100 45614 19383941 172822 121457
0b006401 0b006d01 10000 100 837222 18081845 1563368 743556
0b001f01 0b004501 10001 100 1048843 17423853 2224161 962556
0b004001 0b004b01 10000 100 7788306 7091507 12611278 6571342
0b000501 0b001201 10000 100 1706034 14850910 4895364 1513576
0b003001 0b003d01 10000 100 1088207 18054738 1724680 953983
0b006801 0b004d01 10000 100 4430943 12294659 7652616 3798104
0b005d01 0b000a01 10000 100 323146 19617244 368575 354158
0b004801 0b001701 10000 100 23000 19736360 252720 102483
0b006001 0b003201 10000 100 831241 18591317 1475751 780141
0b001c01 0b000401 10000 100 42161 19878576 203103 118580
0b005201 0b003801 10000 100 62495 20001462 135096 135615
0b005801 0b004601 10000 100 1167727 17108724 3053345 1062232
0b007401 0b003a01 10000 100 77809 20052427 186568 148442
0b000501 0b001d01 10000 100 21178 19765773 487029 100987
0b003101 0b003d01 10000 100 1516464 18191163 2088751 1313024
0b006201 0b003b01 10000 100 47256 20129418 161581 122848
0b000001 0b005201 10000 100 8183 19374937 922944 90092
0b003001 0b004d01 10000 100 28906 19409640 933268 107438
0b002401 0b005b01 10000 100 2188191 14950472 5426145 1917810
0b002901 0b005201 10000 100 9312195 7795692 12641557 7890575
0b005201 0b000901 10000 100 26588 20354808 135711 105507
0b006b01 0b006f01 10000 100 8209390 13603108 6920954 6924376
0b004f01 0b002901 10000 100 258 20124682 410302 83444
0b001901 0b006801 10000 100 74494 20440101 150902 145675
0b006e01 0b007601 10000 100 33028 20118753 561430 110928
0b004c01 0b000901 10000 100 29870 19591155 1183954 108248
0b001f01 0b003e01 10000 100 114053 20257482 529798 178858
0b004601 0b000201 10000 100 625223 20080444 744945 607416
0b007c01 0b004801 10000 100 61038 20515872 345989 134411
0b001201 0b004601 10000 100 1621862 18232237 2710172 1442974
0b002601 0b007101 10000 100 7457864 10500451 10481547 6335878
0b005501 0b007601 10000 100 92829 20855278 162039 161034
0b000801 0b003101 10000 100 10725 20297983 765923 92202
0b003c01 0b004201 10000 100 10789 21040712 91866 92253
0b003201 0b001801 10000 100 910981 20308963 846177 846967
0b005101 0b006301 10000 100 10336 20674267 506718 91891
0b007801 0b001a01 10000 100 2024951 18652014 2536154 1780920
0b003b01 0b000c01 10000 100 12858 21118879 103644 93985
0b006e01 0b003701 10000 100 2289890 17292269 3939369 2003048
0b004801 0b001f01 10000 100 35319 20360521 915558 112837
0b003d01 0b004101 10000 100 4723 20796345 552095 87170
0b003201 0b001001 10000 100 62259 21190684 161569 135426
0b004501 0b000c01 10000 100 452666 19830385 1633977 462728
0b003e01 0b005201 10000 100 38183 21465748 116078 115244
0b000e01 0b007901 10000 100 19166 20830767 765072 99300
0b005d01 0b006e01 10001 100 29972 20561343 1154823 108329
0b004201 0b002e01 10000 100 1186914 18687606 3167597 1078312
0b003701 0b001401 10000 100 68624 21778416 155510 140748
0b007f01 0b000701 10000 100 21771 21186953 757319 101461
0b002b01 0b006301 10000 100 1760 21905765 85173 84684
0b001a01 0b003901 10000 100 685531 21086510 919685 657967
0b000c01 0b004601 10000 100 2546 21593133 445462 85352
0b006001 0b006a01 10000 100 6347828 15475185 6672259 5363625
0b006801 0b001701 10000 100 78026 21965727 198556 148654
0b000f01 0b007901 10000 100 4177 21205445 1032598 86733
0b006701 0b006401 10000 100 62851 22145511 95347 94300
0b005e01 0b007901 10000 100 6462 21728061 522409 88638
0b006b01 0b000901 10000 100 46826 21677762 596625 122465
0b002701 0b001401 10000 100 8279171 4294402 18051031 7024488
0b005201 0b004e01 10000 100 78725 22214869 198355 149213
0b001101 0b004f01 10000 100 64086 22330664 190188 136964
0b000601 0b004301 10000 100 10906 22453987 96877 92347
0b006801 0b005101 10000 100 5105 21963615 609044 87514
0b004101 0b004401 10000 100 24500 22593047 62834 62160
0b001901 0b005801 10000 100 17297 21443142 1220951 97728
0b001301 0b004e01 10000 100 56547 22187638 517735 130626
0b001c01 0b007b01 10000 100 17751 22647934 98262 98092
0b003f01 0b000301 10000 100 107047 22159315 695940 172984
0b002701 0b006701 10000 100 1293553 20374791 2506634 1167732
0b000901 0b005601 10000 100 2831994 12800456 10159809 2457544
0b002e01 0b002c01 10000 100 51333 22918421 110076 84663
0b002301 0b007601 10000 100 67129 22753560 292590 139514
0b004201 0b007001 10000 100 40703 23124723 124511 117336
0b000a01 0b007a01 10000 100 3857592 12988286 10273479 3317420
0b004c01 0b007f01 10000 100 24537 23133409 129170 103789
0b003f01 0b003301 10000 100 7011387 11862073 11487845 5919970
0b001601 0b005101 10000 100 26511 22244415 1114340 105445
0b004c01 0b002801 10000 100 67625 23094739 272548 139911
0b004b01 0b005c01 10000 100 73392 23241708 163506 144755
0b007d01 0b001a01 10000 100 970499 22228344 1201035 896885
0b006401 0b004701 10000 100 8159340 7599528 15862217 6924016
0b004701 0b002701 10000 100 7209194 14756619 8784110 6127419
0b007201 0b007101 10000 100 31339 23486531 100180 67900
0b001101 0b006c01 10000 100 7687468 6291918 17401573 6528393
0b004401 0b007101 10000 100 1986496 21379586 2341955 1748697
0b004201 0b003101 10000 100 3758261 16797868 6936591 3234154
0b006a01 0b005801 10000 100 918355 21709178 2032569 853173
0b004c01 0b003201 10000 100 9912 23129037 629369 91513
0b002c01 0b002401 10000 100 252771 23521210 471800 253532
0b006a01 0b002001 10000 100 4249479 17980776 6040297 3645983
0b004201 0b004b01 10000 100 8638 23981057 50700 48856
0b004101 0b006e01 10000 100 23287 23661535 474160 102751
0b004701 0b006401 10000 100 1102860 22324424 1817638 1007843
0b006801 0b004f01 10000 100 6117 24090178 92818 88362
0b002801 0b002101 10000 100 8173403 17303057 6897132 6894204
0b007101 0b004b01 10000 100 3181857 17472636 6916429 2750874
0b005a01 0b002a01 10000 100 9229 24359897 93868 90967
0b006f01 0b005801 10000 100 42961 23440844 1069753 119220
0b007001 0b004b01 10000 100 11668 24427474 100209 92995
0b000201 0b000101 10000 100 53949 24427288 114843 86832
0b005201 0b003d01 10000 100 9496 24472586 90683 91180
0b002c01 0b002201 10001 100 1903262 22641613 1959136 1637323
0b000601 0b004a01 10000 100 372398 23276009 1458856 395441
0b002a01 0b001e01 10000 100 8731 24713362 112797 90530
0b007501 0b004001 10000 100 29838 24695686 131034 108222
0b000001 0b006501 10000 100 61006 24708747 179539 134385
0b005501 0b005101 10000 100 70269 25020281 124405 100541
0b002201 0b003e01 10000 100 6494034 6924956 18255581 5527835
0b002a01 0b002b01 10000 100 528087 23795842 1413189 484383
0b004501 0b001901 10000 100 3019933 21327419 4025850 2615114
0b003301 0b004101 10000 100 11088 25402595 100558 92531
0b001201 0b007801 10000 100 27137 25590035 121160 105984
0b005701 0b004901 10000 100 5921 25715486 87719 88167
0b007101 0b001001 10000 100 43338 25690715 136953 119560
0b000401 0b002c01 10000 100 3106586 18080281 7788306 2687777
0b005901 0b001501 10000 100 77627 24693632 1454937 148296
0b002001 0b003e01 10000 100 1242149 25179549 1160686 1124650
0b002401 0b006a01 10000 100 7358 26248506 97075 89393
0b002401 0b000a01 10000 100 663622 25487008 961539 639595
0b003e01 0b006801 10000 100 37365 26299975 198306 114551
0b005d01 0b003001 10000 100 38674 25427271 1155651 115636
0b006e01 0b007b01 10000 100 7422 26565156 89587 89444
0b007f01 0b004901 10000 100 22597 26584307 122290 102160
0b000a01 0b006f01 10001 100 76387 25737245 1078328 147266
0b001401 0b001901 10000 100 38790 26748170 74768 74129
0b001f01 0b005101 10000 100 2220281 23096727 3845381 1944711
0b001301 0b001701 10000 100 3089 27069073 45943 44224
0b002d01 0b001601 10000 100 1595 27033094 85056 84552
0b000d01 0b000101 10000 100 75350 27228344 174583 104798
0b000d01 0b000701 10000 100 13202209 15272685 12174638 11110362
0b004801 0b005401 10000 100 32393 26902139 657804 110381
0b007901 0b004401 10001 100 75081 27368163 230760 146183
0b003001 0b004501 10000 100 61232 27469106 170082 134566
0b002201 0b000101 10000 100 7304203 14022206 13648749 6207074
0b003e01 0b003501 10000 100 2185330 24222790 3738531 1873806
0b007101 0b000501 10000 100 837177 26447662 1563026 785120
0b005201 0b005301 10000 100 869926 26804788 1217891 770948
0b007501 0b007f01 10000 100 27354 27981895 63881 64558
0b004b01 0b000801 10000 100 309131 27448181 619367 342408
0b001401 0b006801 10001 100 17084 27241296 969598 97558
0b002901 0b003401 10000 100 1429588 24990407 3222032 1281782
0b007101 0b003a01 10000 100 126887 27988402 296628 189586
0b000301 0b007701 10000 100 35570 28166755 123058 113038
0b002a01 0b001601 10000 100 3775111 20058100 8240807 3248287
0b003d01 0b004601 10000 100 10595 28206323 102444 92098
0b006601 0b001701 10000 100 1178 27879631 431123 84219
0b005a01 0b000501 10000 100 1115218 26208518 2115235 1018228
0b003e01 0b007301 10000 100 28384 28277584 114633 107020
0b001001 0b003a01 10000 100 4852930 20041636 8356244 4151899
0b005b01 0b001201 10000 100 4817724 22463283 6007143 4122390
0b003901 0b002a01 10001 100 6229 27822851 647710 88452
0b007001 0b006a01 10000 100 7799 28147903 344960 89746
0b003701 0b000d01 10000 100 4353101 23812846 4849633 3732874
0b006401 0b007e01 10000 100 685790 26957463 1894382 658174
0b005401 0b007301 10000 100 25207 28769765 105767 104364
0b007401 0b002601 10000 100 77296 28010159 1021587 148032
0b000101 0b002001 10000 100 5178654 15936981 13307244 4424996
0b007201 0b004d01 10000 100 4184 29066360 229833 86739
0b000601 0b005401 10000 100 9650974 5344545 23996492 8174577
0b002c01 0b005c01 10000 100 1408650 27684095 1700643 1264225
0b006901 0b005c01 10000 100 1883780 22824646 6590605 1662569
0b003801 0b000c01 10000 100 28528 29297215 121143 107136
0b001f01 0b007e01 10000 100 28055 29320028 168143 106757
0b002301 0b005001 10000 100 29024 28930167 571359 107571
0b003f01 0b001c01 10000 100 4347 29569274 90048 86869
0b007c01 0b006701 10001 100 4138 28894442 788734 86702
0b006d01 0b007801 10000 100 79818 28962854 832853 150126
0b001201 0b001801 10000 100 112880 29761022 163186 136243
0b006101 0b005f01 10000 100 1555276 25798528 4154529 1387171
0b004201 0b000301 10000 100 6328 29522226 476236 88531
0b006f01 0b004601 10000 100 996 29378937 653675 84035
0b004f01 0b002e01 10000 100 446977 29307418 795691 457946
0b005701 0b003701 10000 100 62244 30036309 174670 135414
0b000801 0b000f01 10000 100 41558 30198170 83628 76459
0b006601 0b004201 10000 100 983 28978022 1344911 84024
0b005701 0b007001 10000 100 21154 30298215 105773 100968
0b006b01 0b006a01 10000 100 15025 30348064 70253 54234
0b007d01 0b001501 10000 100 6624526 18053665 12367850 5637220
0b006701 0b001f01 10000 100 786229 29467759 980486 742404
0b006401 0b003201 10000 100 2447111 25135257 5377759 2134892
0b002f01 0b001a01 10000 100 76603 29182164 1565482 147439
0b002a01 0b003401 10000 100 2490 30802016 86078 85307
0b001e01 0b001701 10000 100 25557 30790562 108180 63044
0b002c01 0b005d01 10000 100 34414 30661426 272949 112075
0b003601 0b002201 10000 100 21615 30920946 128684 101336
0b006c01 0b000901 10000 100 1668570 27811819 3286458 1482145
0b002901 0b005501 10000 100 106877 31008352 174911 172810
0b002501 0b006d01 10000 100 27916 30403714 880244 106608
0b006a01 0b004401 10000 100 63995 30244377 1079114 136853
0b003a01 0b004501 10000 100 1266988 28112632 3279399 1145443
0b005801 0b007c01 10000 100 899257 28969516 2457425 837165
0b006101 0b004101 10000 100 8020125 15347686 16103101 6807306
0b003501 0b000101 10000 100 21163 31488445 102138 100975
0b006101 0b007401 10000 100 4978 31015514 653651 87374
0b001001 0b000201 10000 100 11331 30301528 1375161 92725
0b001801 0b002201 10000 100 122192 31515764 233506 185676
0b005801 0b006d01 10000 100 1188113 26399005 5528186 1079348
0b002b01 0b006501 10000 100 10404 30542338 1450243 91945
0b005501 0b007e01 10000 100 48090 31884302 180603 123553
0b005301 0b000e01 10000 100 7700474 14397030 17749795 6539297
0b000101 0b000401 10000 100 133573 31824106 323307 153604
0b001801 0b001a01 10000 100 39232 32291772 74128 74521
0b000a01 0b001901 10000 100 56535 32132673 248917 130616
0b007401 0b003501 10000 100 80345 31330561 1105383 150586
0b004501 0b003c01 10000 100 3475823 28347598 4094691 2997336
0b001901 0b000001 10000 100 6546 31568038 917614 88705
0b005201 0b003501 10000 100 57465 31365467 1318470 131399
0b000501 0b007701 10000 100 21315 31796483 919453 101096
0b002101 0b004901 10000 100 6411 32638623 134865 88597
0b000401 0b006d01 10000 100 10209978 4774965 28011562 8643246
0b006601 0b002701 10000 100 291846 31682822 1181977 327889
0b000301 0b004c01 10000 100 5478 32841077 93856 87812
0b002a01 0b006701 10000 100 6865 32943856 95560 88960
0b001801 0b006901 10000 100 58900 31401872 1749475 132585
0b006401 0b007901 10000 100 7758771 23635617 9535927 6588162
0b007f01 0b004801 10000 100 57845 32436103 776081 131703
0b007d01 0b000901 10000 100 492535 31448710 1812205 496159
0b001301 0b003d01 10000 100 33560 33115251 165809 111353
0b003f01 0b005001 10000 100 597458 29845388 3455518 584129
0b000c01 0b007601 10000 100 13423 33161176 148848 94476
0b002801 0b007001 10000 100 9190 32306721 1010146 90936
0b002c01 0b000601 10000 100 41679 32456348 963692 118156
0b000a01 0b003d01 10000 100 517 33383536 83722 83652
0b000201 0b003901 10000 100 522616 32240870 1229788 521376
0b002801 0b002101 10001 100 9075 33456177 49518 49244
0b000f01 0b004f01 10000 100 28069 32704149 989991 106768
0b005701 0b007b01 10000 100 27606 33618174 117969 106360
0b005301 0b005e01 10000 100 135422 33678348 160835 155160
0b003301 0b004b01 10000 100 609451 31766044 2083090 594184
0b001a01 0b001701 10000 100 52983 33854052 85334 86021
0b001f01 0b004e01 10000 100 1420184 30934976 3049679 1273913
0b006b01 0b003f01 10000 100 3147984 28836729 5220870 2722470
0b000001 0b001801 10000 100 3442353 26196013 7885308 2969293
0b002a01 0b006901 10000 100 6255575 22159589 11995638 5327890
0b007301 0b006b01 10000 100 78391 34169629 148794 148946
0b001401 0b006a01 10000 100 6786 34294968 97644 88897
0b003301 0b005101 10000 100 14331 32209936 2190350 95240
0b007e01 0b004601 10000 100 7208 33433558 1012983 89273
0b007501 0b004201 10000 100 12318 34331919 115910 93553
0b003401 0b004701 10000 100 2220309 30294528 4188637 1944733
0b005301 0b007201 10000 100 27219 33173921 1316846 106050
0b006a01 0b007601 10000 100 3816173 30582866 4001704 3282711
0b003c01 0b001201 10000 100 61544 34489400 134297 134816
0b003d01 0b003701 10000 100 39504 34570978 76707 74739
0b006e01 0b002101 10000 100 4091 34769583 172997 86664
0b000901 0b003301 10000 100 12909 34608301 354149 94026
0b004601 0b000201 10001 100 4520575 27567527 7468254 3873266
0b005801 0b007b01 10000 100 3250319 28130718 7004115 2808293
0b004e01 0b001601 10000 100 34248 35028149 144114 111942
0b003701 0b003001 10000 100 45521 35169534 116979 79783
0b007501 0b007c01 10000 100 37870 35215625 112943 73355
0b006001 0b007b01 10000 100 4062 34673899 898895 86641
0b006101 0b005101 10000 100 77898 35421248 156010 148513
0b007b01 0b002901 10000 100 77535 35395110 210914 148223
0b002801 0b000101 10000 100 104383 35099121 558709 170738
0b000e01 0b003b01 10000 100 11458 35581599 94441 92827
0b002801 0b004001 10000 100 36222 35566549 123984 113598
0b007001 0b006d01 10000 100 2513 34291337 1506591 85325
0b007e01 0b003401 10000 100 1164215 34645014 1158415 1059308
0b000401 0b003d01 10000 100 2887196 26615115 9224209 2503856
0b002a01 0b006501 10000 100 1409021 33145567 2697188 1264560
0b000401 0b006101 10000 100 32972 35348117 633287 110844
0b006201 0b000201 10000 100 5834218 19127546 17060126 4974638
0b003601 0b001901 10000 100 789889 34918620 1277914 745447
0b003901 0b003201 10000 100 6293958 30819414 5407713 5318456
0b007001 0b007501 10000 100 666008 35643821 640731 600019
0b001601 0b003a01 10000 100 27924 36276721 108773 106614
0b001301 0b006a01 10000 100 12284935 20939079 15592272 10382892
0b002b01 0b007f01 10000 100 11222 35738739 796215 92638
0b003001 0b004801 10000 100 864121 35237109 1454858 807712
0b004901 0b006301 10000 100 40644 36553560 155928 117289
0b007901 0b002701 10000 100 1693792 32770718 3984858 1503283
0b005401 0b006801 10000 100 4617 36752666 89152 87085
0b005701 0b000d01 10000 100 1137 34860864 2007408 84186
0b000b01 0b005401 10000 100 17582 34945664 2011026 97956
0b002b01 0b005301 10000 100 1478391 33374825 3589502 1322706
0b005301 0b003601 10000 100 55923 36948064 166553 130088
0b002201 0b001401 10000 100 738873 36453344 706396 702676
0b001301 0b000c01 10000 100 165426 35580152 1655853 221915
0b003101 0b004201 10000 100 2036 37166712 84497 84944
0b004d01 0b007e01 10000 100 7040680 28023949 9451869 5986118
0b007d01 0b006801 10000 100 26402 36960899 696535 105358
0b002801 0b002901 10000 100 11753 37678303 52342 51463
0b004601 0b001801 10000 100 623924 37126934 614149 606300
0b003401 0b000501 10000 100 42792 36845357 1107120 119084
0b000801 0b001101 10000 100 23201 36884320 1071875 102682
0b007e01 0b001801 10000 100 21394 37980299 144065 101160
0b004801 0b005001 10000 100 6436354 30981166 7171024 5479464
0b007701 0b002901 10000 100 3049 37582540 612038 85792
0b003101 0b006201 10000 100 46919 38037000 160531 122540
0b005201 0b006001 10000 100 29050 38021945 201405 107592
0b007d01 0b003c01 10000 100 4947 38164467 87842 87349
0b000a01 0b006301 10000 100 192033 37896818 421862 244237
0b007501 0b003e01 10000 100 3487248 29977058 8491691 3006937
0b004401 0b003601 10000 100 652897 36336129 2192280 630592
0b004201 0b005701 10000 100 1497322 32785620 5762634 1338580
0b001f01 0b006e01 10000 100 118438 38340558 231927 182520
0b007101 0b000f01 10000 100 38686 38546228 137404 115646
0b005801 0b002c01 10000 100 22567 38405027 372666 102136
0b003101 0b007901 10000 100 68885 38577987 212276 140957
0b005901 0b000501 10000 100 4072 38040274 755073 86649
0b001301 0b005f01 10000 100 15539 38170024 804249 96245
0b003901 0b002a01 10002 100 123888 38596773 397499 187072
0b003b01 0b003501 10000 100 15822672 15610004 23393870 13307340
0b004a01 0b005101 10000 100 229843 38706562 390259 275906
0b005701 0b000701 10000 100 25032 37763070 1338790 104224
0b002201 0b004301 10000 100 25881 39034548 118839 104903
0b004e01 0b000e01 10000 100 704959 36913102 2329137 674239
0b000301 0b004401 10000 100 149128 38066039 1375634 208262
0b006301 0b004801 10000 100 21439227 12205485 27280280 18057877
0b002701 0b006c01 10000 100 53277 38937127 548808 127895
0b001901 0b004d01 10000 100 22884 38715144 829388 102390
0b007d01 0b004901 10000 100 2890838 33398044 6331146 2506884
0b005e01 0b005601 10000 100 28455 39721277 64800 65477
0b003a01 0b004b01 10000 100 9563 39350766 474826 91234
0b001201 0b006e01 10000 100 31526 39801486 109479 109649
0b004d01 0b002301 10000 100 673327 38777253 1279590 647743
0b002a01 0b003a01 10000 100 1216704 37761851 2303236 1103296
0b000c01 0b002801 10000 100 58739 40101501 263556 132456
0b007501 0b005c01 10000 100 18892 39348851 1041074 99043
0b006101 0b002101 10000 100 48209 39867822 653939 123648
0b000901 0b006601 10000 100 28328 40103635 447775 106976
0b002401 0b003601 10000 100 24920 40523353 115422 104096
0b006101 0b003301 10000 100 78232 40494445 214903 148819
0b000a01 0b006f01 10000 100 7336004 25588858 15201829 6233744
0b006a01 0b002a01 10000 100 27044 40147102 739069 105910
0b003c01 0b001401 10000 100 1928 40662330 278388 84819
0b000d01 0b005401 10000 100 42225 40619137 379880 118631
0b000101 0b006401 10000 100 197683 39644419 1425699 248949
0b000b01 0b006b01 10000 100 4153 40717591 368754 86714
0b000001 0b007901 10000 100 51759 40737254 449367 126604
0b000701 0b005701 10000 100 199655 40169436 1074585 250604
0b001b01 0b001101 10000 100 39349 41207669 73933 74615
0b006e01 0b004801 10000 100 25344 40882556 657145 104473
0b002301 0b000301 10000 100 1813454 39006980 2533952 1603620
0b000b01 0b006601 10000 100 26668 41202672 353047 105571
0b004301 0b006701 10000 100 5117 41477972 90321 87524
0b003901 0b002801 10000 100 4263725 36938777 4638385 3657917
0b002a01 0b006f01 10000 100 17072 41523035 123326 97548
0b003401 0b001901 10000 100 78628 41067862 614333 149136
0b001901 0b002301 10000 100 8450265 21524416 20161112 7167930
0b004d01 0b006d01 10000 100 9749321 19048323 22871209 8257056
0b002601 0b006f01 10000 100 56160 41513972 501899 130316
0b006401 0b007c01 10000 100 1327607 38937187 3087826 1196280
0b002c01 0b000a01 10000 100 2419717 37860680 4187539 2111901
0b002901 0b003501 10000 100 763462 40180286 1886310 723307
0b001e01 0b006401 10000 100 3304773 29058658 13020053 2853930
0b007801 0b005901 10000 100 50844 41943163 171419 125833
0b000501 0b003501 10000 100 2341590 33534003 8632156 2046404
0b002701 0b004101 10000 100 2223935 37149114 5083472 1947749
0b004e01 0b000401 10000 100 18571589 8131907 34119098 15653636
0b000001 0b007a01 10000 100 6862873 35592376 6793007 5837037
0b007901 0b003501 10000 100 3860340 31952360 10473208 3319734
0b005801 0b006101 10000 100 7973998 25420995 17012593 6768600
0b003a01 0b005f01 10000 100 35353 42336437 153987 112864
0b004101 0b002201 10000 100 1397377 38999145 3596504 1254784
0b006101 0b002901 10000 100 285357 41145446 1603510 322468
0b005101 0b001501 10000 100 464389 42071823 677249 472567
0b001801 0b000701 10000 100 342335 42415959 373160 370239
0b007301 0b001901 10000 100 431504 42236821 557890 444992
0b005b01 0b003f01 10000 100 27009 42257583 558072 105882
0b001801 0b001a01 10001 100 21922 42764191 59308 59982
0b000901 0b002601 10000 100 1429329 38241228 4607477 1281575
0b007301 0b003001 10000 100 32766 42811907 189562 110680
0b003901 0b001201 10000 100 24755 42929769 110979 103964
0b007201 0b005801 10000 100 10176972 20071693 22970526 8615574
0b000e01 0b005301 10000 100 1071368 41213698 1832575 981459
0b007901 0b006d01 10001 100 1602236 40102743 3112751 1426544
0b004401 0b005e01 10000 100 1237338 40814694 2421044 1120609
0b003401 0b001501 10000 100 2509 42496632 807092 85322
0b000001 0b000501 10000 100 185892 43124251 196716 197456
0b006101 0b006a01 10000 100 61759 43237158 118730 93388
0b004601 0b006801 10000 100 3396122 37982415 5400995 2930542
0b004301 0b007c01 10000 100 43049 43207177 195963 119328
0b007901 0b005201 10000 100 57191 42766000 663624 131180
0b002a01 0b003a01 10001 100 101271 42229871 1205191 168133
0b000101 0b002701 10000 100 9685121 17414901 26064458 8203239
0b004301 0b002c01 10000 100 64422 42829722 652290 137233
0b004601 0b003e01 10000 100 2180663 40899389 2616155 1911480
0b005e01 0b007801 10000 100 2003207 39913404 3797913 1762719
0b000f01 0b005b01 10000 100 2297790 33618719 10100390 2009675
0b001401 0b007901 10000 100 22389 43248060 489109 101994
0b006a01 0b002c01 10000 100 1680592 40512000 3309813 1492224
0b007d01 0b003501 10000 100 11432 43813422 107304 92806
0b005801 0b007401 10000 100 5383098 35106367 9048526 4596424
0b003401 0b000301 10000 100 9031456 26489070 17674435 7655193
0b003401 0b003201 10000 100 3153439 39682308 4520369 2685464
0b004401 0b000901 10000 100 8617562 28503392 15723354 7308180
0b006d01 0b007801 10001 100 14586 43186284 1119238 95444
0b006e01 0b006c01 10000 100 1961334 42648719 1863051 1686008
0b002901 0b007101 10000 100 64583 44224945 299665 137362
0b006b01 0b006d01 10000 100 26088 44481077 108615 63507
0b001e01 0b000f01 10000 100 16291319 16355865 28294931 13741868
0b005401 0b000a01 10000 100 23229 44562512 121876 102704
0b006e01 0b006301 10000 100 105776 44570024 153885 130291
0b006401 0b004001 10000 100 5615205 36175728 8598473 4791018
0b002801 0b004301 10000 100 33798 43624262 1220144 111544
0b001901 0b002701 10000 100 1888253 40770001 4126512 1666340
0b005e01 0b004501 10000 100 3637867 40284497 4631693 3133192
0b005401 0b001d01 10000 100 4121189 38485719 6437466 3538436
0b003a01 0b007101 10000 100 2953552 41865615 3071831 2559475
0b001901 0b002101 10000 100 1551654 42653712 2427684 1384120
0b000d01 0b005d01 10000 100 2884394 31970616 13198809 2501499
0b005301 0b001f01 10000 100 104902 44991518 209603 171153
0b004a01 0b005501 10000 100 14259 45115745 94827 95183
0b005901 0b000101 10000 100 148348 45065290 232234 207600
0b003f01 0b002901 10000 100 15623 44572535 790783 96312
0b000101 0b007101 10000 100 26383 45265753 112679 105343
0b006601 0b007501 10000 100 12450 45095482 291698 93659
0b006201 0b007701 10000 100 5461 45253390 152135 87799
0b002c01 0b005101 10000 100 81941 44819059 645457 151901
0b003701 0b004201 10000 100 49326 45493223 152051 124580
0b002701 0b004f01 10000 100 4383944 28436365 17211505 3758700
0b003e01 0b007601 10000 100 3679680 38594656 7094754 3168256
0b007201 0b006701 10000 100 64287 45535054 156006 137125
0b006a01 0b005401 10000 100 3056 45632816 91304 85798
0b003b01 0b000601 10000 100 8305588 25522928 20262919 7046620
0b005401 0b004601 10000 100 6499 45843270 91266 88668
0b002a01 0b000e01 10000 100 2599683 40436513 5748222 2262786
0b005801 0b001101 10000 100 6611 46179545 89099 88757
0b000c01 0b000301 10000 100 3705970 42355720 3980677 3148686
0b001401 0b002601 10000 100 685825 45292084 1062272 658202
0b007401 0b002d01 10000 100 71739 45547490 1076605 143356
0b000201 0b007101 10000 100 1104279 44214060 2431660 1009055
0b006401 0b002601 10000 100 24135 44810787 1873355 103468
0b006601 0b002401 10000 100 11760 45424556 1341811 93068
0b002c01 0b007001 10000 100 393872 46156377 713373 413427
0b005101 0b005901 10000 100 50765 46826864 98928 84170
0b001b01 0b005401 10000 100 58126 46996876 162379 131966
0b007901 0b001201 10000 100 692808 46321351 1063168 664057
0b002701 0b003001 10000 100 4914447 37668773 9722088 4203493
0b002c01 0b003801 10000 100 1981909 39387141 8054929 1744836
0b004901 0b007201 10000 100 9011286 36243847 11281500 7638289
0b002601 0b004e01 10000 100 76403 46515073 1119271 147279
0b006d01 0b003701 10000 100 2427087 42594124 5055455 2118104
0b000201 0b002401 10000 100 1805361 42508228 5356238 1596839
0b002201 0b007201 10000 100 20555 47759347 105204 100450
0b004601 0b004701 10000 100 1786968 45486994 2402392 1539795
0b001801 0b002a01 10000 100 55084 46906160 1093472 129417
0b007801 0b006f01 10000 100 40259 47691799 357611 116981
0b006401 0b007601 10000 100 41765 48145714 119541 118224
0b002601 0b005e01 10000 100 1418664 46151239 2185641 1272620
0b001f01 0b001c01 10000 100 30772 48440359 117989 67408
0b001d01 0b006d01 10000 100 9262529 26989384 21703530 7848922
0b002901 0b005701 10000 100 3869179 31105729 18043835 3327151
0b001e01 0b000501 10000 100 14253 49153021 95643 95178
0b007101 0b004301 10000 100 26154706 2233806 47329570 22011316
0b007201 0b006c01 10000 100 1444601 46469212 3142483 1294368
0b003701 0b006701 10000 100 41464 48850514 881968 117984
0b002e01 0b007701 10000 100 6288905 39911207 9846625 5355821
0b003701 0b002c01 10000 100 12541798 33765929 16090985 10598251
0b002301 0b006101 10000 100 1916424 41983969 7997874 1689952
0b003f01 0b005a01 10000 100 9585953 38720167 11262638 8120064
