0.00000000000000000000 0
1.00000000000000000000 0.00583000000000000011
2.00000000000000000000 0.18402999999999999914
3.00000000000000000000 0.27641999999999999904
4.00000000000000000000 0.27660000000000001252
5.00000000000000000000 0.30399999999999999245
6.00000000000000000000 0.30464999999999997637
7.00000000000000000000 0.31070999999999998620
8.00000000000000000000 0.31093999999999999417
9.00000000000000000000 0.31930999999999998273
10.00000000000000000000 0.32768000000000002681
11.00000000000000000000 0.41756999999999999673
12.00000000000000000000 0.41848999999999997312
13.00000000000000000000 0.42175000000000001377
14.00000000000000000000 0.44154999999999999805
15.00000000000000355271 0.44155000000099997592
15.20270952243347117872 0.44207747648018091979
15.40815845489928470613 0.44261139609300914621
15.61638381769741279470 0.44315182840928696306
15.82742313141895706963 0.44369884350836741316
16.04131442370711368994 0.44425251197499182609
16.25809623610943077665 0.44481290489587438364
16.47780763102270285003 0.44538009385602855827
16.70048819873172263328 0.44595415093482726476
16.92617806454309814512 0.44653514870179084051
17.15491789601558991762 0.44712316021209463912
17.38674891028803060067 0.44771825900178963131
17.62171288150637238346 0.44832051908272901874
17.85985214835103462860 0.44893001493719231210
18.10120962166600833143 0.44954682151220021202
18.34582879219107098834 0.45017101421351279900
18.59375373839848677449 0.45080266889930242780
18.84502913443557758910 0.45144186187349427675
19.09970025817465710816 0.45208866987876600296
19.35781299937178800974 0.45274317008919950922
19.61941386793572306146 0.45340544010257510799
19.88455000230864300192 0.45407555793230142127
20.15326917796013361794 0.45475360199897196800
20.42561981599597231707 0.45543965112153983466
20.70165099188317725520 0.45613378450810271314
20.98141244429310603437 0.45683608174628925758
21.26495458406392558004 0.45754662279323826679
21.55232850328426508213 0.45826548796516186624
21.84358598449959742993 0.45899275792648458472
22.13877951004308286542 0.45972851367854822291
22.43796227149245936516 0.46047283654787563023
22.74118817925474900221 0.46122580817398206587
23.04851187228051756506 0.46198751049672764912
23.35998872790932168186 0.46275802574319946370
23.67567487184836849679 0.46353743641411671028
23.99562718828586227460 0.46432582526974791604
24.31990333014113758736 0.46512327531533176339
24.64856172945320267331 0.46592986978599287839
24.98166160790982104345 0.46674569213114297517
25.31926298751874426785 0.46757082599835786407
25.66142670142323112259 0.46840535521672244101
26.00821440486369340306 0.46924936377963288869
26.35968858628751476658 0.47010293582704837378
26.71591257860892909548 0.47096615562718258108
27.07695057062120014280 0.47183910755762592526
27.44286761856288237027 0.47272187608588989161
27.81372965784047934790 0.47361454574936423523
28.18960351490943949671 0.47451720113467776851
28.57055691931584462395 0.47542992685645557582
28.95665851590068839982 0.47635280753546166421
29.34797787716917127909 0.47728592777612038889
29.74458551582709731065 0.47822937214340671686
30.14655289748676025852 0.47918322513909850091
30.55395245354441513541 0.48014757117738060543
30.96685759423193573525 0.48112249455979472224
31.38534272184474716028 0.48210807944952571713
31.80948324414847050434 0.48310440984501695771
32.23935558796691935868 0.48411156955290746140
32.67503721295354779386 0.48512964216028325870
33.11660662554912448741 0.48615871100623592183
33.56414339312792094461 0.48719885915272082011
34.01772815833523111451 0.48825016935470999524
34.47744265361841087270 0.48931272402963071899
34.94336971595455310080 0.49038660522608668035
35.41559330177703657228 0.49147189459185375293
35.89419850210379792088 0.49256867334114540213
36.37927155787003385967 0.49367702222114373534
36.87089987546824687570 0.49479702147778975574
37.36917204249813551087 0.49592875082082976679
37.87417784372939166815 0.49707228938811331975
38.38600827728023290319 0.49822771570913937378
38.90475557101455450493 0.49939510766784767082
39.43051319916062880111 0.50057454246465182823
39.96337589915452070954 0.50176609657771420459
40.50343968871096933526 0.50296984572345793119
41.05080188312508227000 0.50418586481631699758
41.60556111280769187033 0.50541422792772416894
42.16781734105793333356 0.50665500824433462590
42.73767188207576595005 0.50790827802548843550
43.31522741921801866738 0.50917410855991140917
43.90058802350113609236 0.51045257012165712318
44.49385917235397869263 0.51174373192529243326
45.09514776862395990520 0.51304766208032948072
45.70456215984025760690 0.51436442754490963036
46.32221215773707001517 0.51569409407874167162
46.94820905804084532065 0.51703672619530249843
47.58266566052498092176 0.51839238711330493103
48.22569628933540286653 0.51976113870744045098
48.87741681359091217018 0.52114304145840517624
49.53794466826187914421 0.52253815440221784705
50.20739887533113687823 0.52394653507883970356
50.88590006524082554051 0.52536823948010691332
51.57357049862896758441 0.52680332199698809426
52.27053408836004422255 0.52825183536617947855
52.97691642185296245771 0.52971383061605037401
53.69284478371105961969 0.53118935701195613142
54.41844817865774786014 0.53267846200093282860
55.15385735478215423200 0.53418119115579154599
55.89920482709891302875 0.53569758811862966397
56.65462490142636653445 0.53722769454378060949
57.42025369858738770290 0.53877155004021970441
58.19622917893736513406 0.54032919211345087351
58.98269116722342886305 0.54190065610689452935
59.77978137778002576397 0.54348597514280427845
60.58764344006448254731 0.54508518006273365408
61.40642292453812700614 0.54669829936758462807
62.23626736889683286336 0.54832535915726221543
63.07732630465621070925 0.54996638306996648016
63.92975128409599250290 0.55162139222115380566
64.79369590756861896352 0.55329040514219740565
65.66931585117681891006 0.55497343771878349106
66.55676889482512592622 0.55667050312907495613
67.45621495065076089759 0.55838161178168410625
68.36781609183852026490 0.56010677125348717897
69.29173658182489248247 0.56184598622732362383
70.22814290389737834630 0.56359925842962088627
71.17720379119326423734 0.56536658656798532974
72.13909025710408684517 0.56714796626880570329
73.11397562609090527985 0.56894339001491278651
74.10203556491605070278 0.57075284708334383943
75.10344811429688149929 0.57257632348325870897
76.11839372098727096727 0.57441380189405888412
77.14705527029289555685 0.57626526160376168040
78.18961811902552483389 0.57813067844767984660
79.24627012890304911252 0.58001002474746421456
80.31720170040060224892 0.58190326925056412577
81.40260580705931658940 0.58381037707016247840
82.50267803025856494514 0.58573130962564601276
83.61761659445828342996 0.58766602458366901107
84.74762240291744319620 0.58961447579987502632
85.89289907389529332704 0.59157661326133670343
87.05365297734164187204 0.59355238302978152731
88.23009327208340835114 0.59554172718566622535
89.42243194351301838196 0.59754458377316932438
90.63088384178693956983 0.59956088674616969669
91.85566672053971615242 0.60159056591528003999
93.09700127612160258650 0.60363354689600723368
94.35511118736629043724 0.60568975105811051485
95.63022315589614663622 0.60775909547623141460
96.92256694697202590305 0.60984149288186939586
98.23237543089511802918 0.61193685161677735529
99.55988462496857493989 0.61404507558785415000
100.90533373602585243134 0.61616606422360975515
102.26896520353380992674 0.61829971243228176725
103.65102474327869686022 0.62044591056168085785
105.05176139164198900744 0.62260454436084278207
106.47142755047494233622 0.62477549494356843240
107.91027903257935349757 0.62695863875393076370
109.36857510780311031340 0.62915384753382774807
110.84657854975866086988 0.63136098829266296129
112.34455568317234508413 0.63357992327923295939
113.86277643187473529451 0.63581050995590382424
115.40151436743833812670 0.63805260097515581474
116.96104675847315945703 0.64030604415857550471
118.54165462058838897974 0.64257068247837745290
120.14362276702921406013 0.64484635404153400895
121.76723985999795729640 0.64713289207659130398
123.41279846266873221339 0.64943012492325058460
125.08059509190508151733 0.65173787602479216208
126.77093027169000549748 0.65405596392341858181
128.48410858727805816670 0.65638420225859139823
130.22043874007928820902 0.65872239976843782738
131.98023360328448916334 0.66107036029429666613
133.76381027824311331642 0.66342788278847919514
135.57149015160200633545 0.66579476132531023591
137.40359895321699923443 0.66817078511552008280
139.26046681484675104912 0.67055573852405203628
141.14242832964001195251 0.67294940109134893103
143.04982261242690810832 0.67535154755818072037
144.98299336082405375237 0.67776194789407084862
146.94228891716718976568 0.68018036732937936506
148.92806233127916470949 0.68260656639109551502
150.94067142408684389920 0.68504030094238832493
152.98047885209774676696 0.68748132222596713969
155.04785217274786646158 0.68992937691129119226
157.14316391063269406914 0.69238420714567339154
159.26679162463324246346 0.69484555060931207926
161.41911797594923427823 0.69731314057428672726
163.60053079705164691404 0.69978670596754510846
165.81142316156712013253 0.70226597143790892019
168.05219345510676021149 0.70475065742711784367
170.32324544705218727358 0.70724048024493102460
172.62498836331170082303 0.70973515214829463460
174.95783696005901219905 0.71223438142458705968
177.32221159847009062105 0.71473787247894327024
179.71853832046821253243 0.71724532592565526379
182.14724892549392620822 0.71975643868364347355
184.60878104831104451478 0.72227090407598404376
187.10357823786620201645 0.72478841193348009231
189.63209003721223666616 0.72730864870224642971
192.19477206451247752739 0.72983129755528586280
194.79208609513955252623 0.73235603850801966885
197.42450014488386500489 0.73488254853773393727
200.09248855428623414809 0.73741050170689526055
202.79653207411044490982 0.73993956929028559255
205.53711795197085621112 0.74246941990589965243
208.31474002013052881921 0.74499971964953959347
211.12989878448601643868 0.74753013223303965695
213.98310151475465090698 0.75006031912604642642
216.87486233588052186860 0.75258993970127086026
219.80570232067586289304 0.75511865138312905810
222.77614958371455600172 0.75764610979967439430
225.78673937649330127897 0.76017196893772431832
228.83801418388119941483 0.76269588130107845991
231.93052382187036641881 0.76521749807171257629
235.06482553664872625632 0.76773646927383443206
238.24148410501163652953 0.77025244394067993170
241.46107193612945707173 0.77276507028391761001
244.72416917469251984585 0.77527399586553169542
248.03136380544776784518 0.77777886777203986135
251.38325175914937403832 0.78027933279090500029
254.78043701994064917926 0.78277503758898714370
258.22353173418741789646 0.78526562889288331615
261.71315632078210455802 0.78775075367099234303
265.24993958293822515770 0.79023005931714263017
268.83451882149574885261 0.79270319383561038684
272.46753994975819068713 0.79516980602735620742
276.14965760988064857884 0.79762954567730182109
279.88153529083160719892 0.80008206374246415571
283.66384544794823341363 0.80252701254076130866
287.49726962410818487115 0.80496404594030357416
291.38249857253674690583 0.80739281954897057503
295.32023238127737840841 0.80981299090409009089
299.31118059934061648164 0.81222421966201041599
303.35606236455993212076 0.81462616778737140244
307.45560653317471633272 0.81701849974187301662
311.61055181116347512216 0.81940088267233335273
315.82164688735480240211 0.82177298659783670765
320.08965056833392281987 0.82413448459576066352
324.41533191517407885840 0.82648505298647856332
328.79947038201538589419 0.82882437151652932350
333.24285595651639368953 0.83115212354004763817
337.74628930220376332727 0.83346799619824851746
342.31058190274541175313 0.83577168059675988054
346.93655620817395401900 0.83806287198059914445
351.62504578308528380148 0.84034126990658997158
356.37689545684099812206 0.84260657841301833670
361.19296147579950684303 0.84485850618632984954
366.07411165760544236036 0.84709676672466960312
371.02122554756334693593 0.84932107849807403355
376.03519457712548046402 0.85153116510512316673
381.11692222451915768033 0.85372675542586584641
386.26732417754880088978 0.85590758377084030784
391.48732849859442239904 0.85807339002600557798
396.77787579184172273017 0.86022391979341761292
402.13991937277035049192 0.86235892452747653358
407.57442543993619210596 0.86447816166658741910
413.08237324907111087668 0.86658139476007478574
418.66475528953793627807 0.86866839359020175948
424.32257746316901148020 0.87073893428914939108
430.05685926552217779317 0.87279279945081933434
435.86863396958551675198 0.87482977823732888112
441.75894881196569485837 0.87684966648007556245
447.72886518159128854677 0.87885226677525585259
453.77945881096718494518 0.88083738857372950726
459.91181997001302761419 0.88280484826512961583
466.12705366252157546114 0.88475446925612810656
472.42627982527147878500 0.88668608204277021834
478.81063352983147751729 0.88859952427680588549
485.28126518709183301326 0.89049464082595042314
491.83934075455744050487 0.89237128382801556015
498.48604194644724429963 0.89422931273886674397
505.22256644662815006086 0.89606859437415997682
512.05012812442862468743 0.89788900294483553477
518.96995725336898885871 0.89969042008633981489
525.98330073284546415380 0.90147273488156809407
533.09142231281441581814 0.90323584387752275937
540.29560282150828243175 0.90497965109569333819
547.59714039623156622838 0.90670406803617276115
554.99735071727513968654 0.90840901367553616996
562.49756724499093252234 0.91009441445851191332
570.09914146007224644563 0.91176020428349047187
577.80344310707891963830 0.91340632448191916293
585.61186044125554417406 0.91503272379164501960
593.52580047868354995444 0.91663935832427001493
601.54668924981524469331 0.91822619152659989972
609.67597205643278357456 0.91979319413626658974
617.91511373208072654961 0.92134034413161991495
626.26559890601811275701 0.92286762667598853938
634.72893227073473099153 0.92437503405641541221
643.30663885308831595466 0.92586256561698654366
652.00026428910086906399 0.92733022768687334292
660.81137510247003774566 0.92877803350321697096
669.74155898684568910539 0.93020600312899093254
678.79242509191703902616 0.93161416336598368293
687.96560431337286445341 0.93300254766304779874
697.26274958677379345318 0.93437119601976870165
706.68553618539920080366 0.93572015488571169683
716.23566202211793552124 0.93704947705540830860
725.91484795533938267909 0.93835922155925266530
735.72483809909863339271 0.93964945355047446718
745.66740013733249270445 0.94092024418837005850
755.74432564240214560414 0.94217167051796291144
765.95743039792034778657 0.94340381534628192650
776.30855472594225830107 0.94461676711543796081
786.79956381857618907816 0.94581061977268587881
797.43234807407782227529 0.94698547263766130744
808.20882343748405673978 0.94814143026698272099
819.13093174585333144933 0.94927860231640792676
830.20064107816551768337 0.95039710340073901840
841.41994610995971015655 0.95149705295166830954
852.79086847275596028339 0.95257857507375676143
864.31545711833905443200 0.95364179839873763900
875.99578868796061215107 0.95468685593833779723
887.83396788653817566228 0.95571388493580655688
899.83212786190426868416 0.95672302671634301685
911.99243058918273163727 0.95771442653660698863
924.31706726036065902008 0.95868823343350351163
936.80825867912403737137 0.95964460007242091688
949.46825566102893390052 0.96058368259510606979
962.29933943908110904886 0.96150564046735464974
975.30382207479692624474 0.96241063632669143768
988.48404687481809105520 0.96329883583021314042
1001.84238881315775415715 0.96417040750276195027
1015.38125495915232932020 0.96502552258559515241
1029.10308491119667451130 0.96586435488571020791
1043.01035123634028423112 0.96668708062598285302
1057.10555991582691603980 0.96749387829627042645
1071.39125079664677286928 0.96828492850562541960
1085.86999804920560563914 0.96906041383576602133
1100.54441063116451005044 0.96982051869593755011
1115.41713275755546419532 0.97056542917929855552
1130.49084437724945928494 0.97129533292096070785
1145.76826165585725902929 0.97201041895780215807
1161.25213746516942592280 0.97271087759017316188
1176.94526187919655058067 0.97339690024560421300
1192.85046267692086985335 0.97406867934462226799
1208.97060585183953662636 0.97472640816877775816
1225.30859612839458350209 0.97537028073097242764
1241.86737748538166670187 0.97600049164818247771
1258.64993368643263238482 0.97661723601665639816
1275.65928881766535596398 0.97722070928966653369
1292.89850783260180833167 0.97781110715788699395
1310.37069710444757220102 0.97838862543246374326
1328.07900498583762782800 0.97895345993083793257
1346.02662237614390505769 0.97950580636537820656
1364.21678329645192206954 0.98004586023487127999
1382.65276547230155301804 0.98057381671891574726
1401.33789092431516110082 0.98108987057525920417
1420.27552656679449682997 0.98159421604011021234
1439.46908481441414551227 0.98208704673145641451
1458.92202419711361471855 0.98256855555541200431
1478.63784998329106201709 0.98303893461561209222
1498.62011481143531455018 0.98349837512566962161
1518.87241933027621598740 0.98394706732470338384
1539.39841284759631889756 0.98438520039594235023
1560.20179398780805968272 0.98481296238840565493
1581.28631135841510513274 0.98523054014165623027
1602.65576422548451773764 0.98563811921361754731
1624.31400319824388134293 0.98603588381144446906
1646.26493092293117115332 0.98642401672542845414
1668.51250278602128673811 0.98680269926592123486
1691.06072762695612254902 0.98717211120325165652
1713.91366846050800631929 0.98753243071060958780
1737.07544320889610389713 0.98788383430986737022
1760.55022544381449733919 0.98822649682030594409
1784.34224513847107118636 0.98856059131021012387
1808.45578942979636849486 0.98888628905129383195
1832.89520339095315648592 0.98920375947591554500
1857.66489081428471763502 0.98951317013703898873
1882.76931500484352000058 0.98981468667089500535
1908.21299958464464907593 0.99010847276229585479
1934.00052930778701920644 0.99039469011255121256
1960.13655088659265857132 0.99067349840993756960
1986.62577382889958244050 0.99094505530266407956
2013.47297128669106314192 0.99120951637428234005
2040.68298091617225509253 0.99146703512148426363
2068.26070574948062130716 0.99171776293422930770
2096.21111507817249730579 0.99196184907814466403
2124.53924534865382156568 0.99219944067913734553
2153.25020106970623601228 0.99243068271015988380
2182.34915573227999630035 0.99265571798006813076
2211.84135274172012941563 0.99287468712450943631
2241.73210636257817895967 0.99308772859878113870
2272.02680267621326493099 0.99329497867259619603
2302.73090055131524422904 0.99349657142669400844
2333.84993262755187970470 0.99369263875123492458
2365.38950631250554579310 0.99388331034591548274
2397.35530479208864562679 0.99406871372174332446
2429.75308805460463190684 0.99424897420440894180
2462.58869392865744885057 0.99442421493919341824
2495.86803913507947072503 0.99459455689735032369
2529.59712035308393751620 0.99476011888390336591
2563.78201530080696102232 0.99492101754679551640
2598.42888383048284595134 0.99507736738733554294
2633.54396903838960497524 0.99522928077187766682
2669.13359838981023131055 0.99537686794468127616
2705.20418485919162776554 0.99552023704188985498
2741.76222808571310451953 0.99565949410657539342
2778.81431554447090093163 0.99579474310479010324
2816.36712373349109839182 0.99592608594257481247
2854.42741937678010799573 0.99605362248386719592
2893.00206064364010671852 0.99617745056925866010
2932.09799838444769193302 0.99629766603554981153
2971.72227738315632450394 0.99641436273605255014
3011.88203762670536889345 0.99652763256159082594
3052.58451559158856980503 0.99663756546215209742
3093.83704554781297701993 0.99674424946914252921
3135.64706088047751109116 0.99684777071820152017
3178.02209542920945750666 0.99694821347252904342
3220.96978484570718137547 0.99704566014668660756
3264.49786796962371226982 0.99714019133082576474
3308.61418822303676279262 0.99723188581530786134
3353.32669502378894321737 0.99732082061567262077
3398.64344521790008002426 0.99740707099791892087
3444.57260453135040734196 0.99749071050406246108
3491.12244904148064961191 0.99757181097793212743
3538.30136666827729641227 0.99765044259117230396
3586.11785868581137037836 0.99772667386941971124
3634.58054125409989865148 0.99780057171862035492
3683.69814697167248596088 0.99787220145145738570
3733.47952644912129471777 0.99794162681386144875
3783.93364990389636659529 0.99800891001157365778
3835.06960877669280307600 0.99807411173673654670
3886.89661736964080773760 0.99813729119448546534
3939.42401450665829543141 0.99819850612951577240
3992.66126521622982181725 0.99825781285260439812
4046.61796243693561336841 0.99831526626706190708
4101.30382874602037190925 0.99837091989509341161
4156.72871811133063602028 0.99842482590404979526
4212.90261766691946831997 0.99847703513254848495
4269.83564951265452691587 0.99852759711644711871
4327.53807253812829003436 0.99857656011465167900
4386.02028427125151210930 0.99862397113474421495
4445.29282275179321004543 0.99866987595841349989
4505.36636843025553389452 0.99871431916667652295
4566.25174609240821155254 0.99875734416487460532
4627.95992680983363243286 0.99879899320743437130
4690.50202991682272113394 0.99883930742238047351
4753.88932501399995089741 0.99887832683558896996
4818.13323399901400989620 0.99891609039477302634
4883.24533312466428469634 0.99895263599318917525
4949.23735508487516199239 0.99898800049305802595
5016.12119112881646287860 0.99902221974869032106
5083.90889320362475700676 0.99905532862931156757
5152.61267612606206967030 0.99908736104157824798
5222.24491978353762533516 0.99911834995178128160
5292.81817136486552044516 0.99914832740772974162
5364.34514762116941710701 0.99917732456031138621
5436.83873715734080178663 0.99920537168472645106
5510.31200275447554304264 0.99923249820138904109
5584.77818372365891264053 0.99925873269649645447
5660.25069829162384849042 0.99928410294226055477
5736.74314601858350215480 0.99930863591680230140
5814.26931024877558229491 0.99933235782370555267
5892.84316059411594324047 0.99935529411123080745
5972.47885545140616159188 0.99937746949118644313
6053.19074455357440456282 0.99939890795746033625
6134.99337155538341903593 0.99941963280420709204
6217.90147665408221655525 0.99943966664369665587
6301.92999924548166745808 0.99945903142382130913
6387.09408061589419958182 0.99947774844526360294
6473.40906667051240219735 0.99949583837832733924
6560.89051069859579001786 0.99951332127943171013
6649.55417617606144631281 0.99953021660727148223
6739.41603960593511146726 0.99954654323864589038
6830.49229339719931886066 0.99956231948395779519
6922.79934878253425267758 0.99957756310238632391
7016.35383877549611497670 0.99959229131673499325
7111.17262116766323742922 0.99960652082796075391
7207.27278156625288829673 0.99962026782938318004
7304.67163647285451588687 0.99963354802058213000
7403.38673640370143402833 0.99964637662098265736
7503.43586905214488069760 0.99965876838313449948
7604.83706249385886621894 0.99967073760568803120
7707.60858843535606865771 0.99968229814607068029
7811.76896550641049543628 0.99969346343286946688
7917.33696259696898778202 0.99970424647792088813
8024.33160223916001996258 0.99971465988811569758
8132.77216403501370223239 0.99972471587692035566
8242.67818813046142167877 0.99973442627562014717
8354.06947873637363954913 0.99974380254428962811
8466.96610769708422594704 0.99975285578249195595
8581.38841810719350178260 0.99976159673971576325
8697.35702797723206458613 0.99977003582554968553
8814.89283394887388567440 0.99977818311960242603
8934.01701506033714395016 0.99978604838117068887
9054.75103656269493512809 0.99979364105866175283
9177.11665378773250267841 0.99980097029877224024
9301.13591606810950906947 0.99980804495543140753
9426.83117071043852774892 0.99981487359851006769
9554.22506702214741380885 0.99982146452230158395
9683.34056039267488813493 0.99982782575377937562
9814.20091642986335500609 0.99983396506063493270
9946.82971515223653113935 0.99983988995910100250
10081.25085523793677566573 0.99984560772156449993
10217.48855833108791557606 0.99985112538397402648
10355.56737340633480926044 0.99985644975304488469
10495.51218119240911619272 0.99986158741326847110
10637.34819865535246208310 0.99986654473372749141
10781.10098354254841979127 0.99987132787472410289
10926.79643898793983680662 0.99987594279422242760
11074.46081817960293847136 0.99988039525411220865
11224.12072909035850898363 0.99988469082629605200
11375.80313927232418791391 0.99988883489860502785
11529.53538071625916927587 0.99989283268054629517
11685.34515477657623705454 0.99989668920888730153
11843.26053716290880402084 0.99990040935307966663
12003.30998299913699156605 0.99990399782052807875
12165.52233195077678828966 0.99990745916170531427
12329.92681342167270486243 0.99991079777512048565
12496.55305182089250592981 0.99991401791214185035
12665.43107190083173918538 0.99991712368167839919
12836.59130416743209934793 0.99992011905472411026
13010.06459036352498515043 0.99992300786876764374
13185.88218902626795170363 0.99992579383207269572
13364.07578111969814926852 0.99992848052782923318
13544.67747574339409766253 0.99993107141818293737
13727.71981591827898228075 0.99993356984814163457
13913.23578445062776154373 0.99993597904936626364
14101.25880987530945276376 0.99993830214384649135
14291.82277247934507613536 0.99994054214746475040
14484.96201040687992644962 0.99994270197345247464
14680.71132584664701425936 0.99994478443574141835
14879.10599130304399295710 0.99994679225221094754
15080.18175595197499205824 0.99994872804783685449
15283.97485208256875921506 0.99995059435774291678
15490.52200162598637689371 0.99995239363015819833
15699.86042277230080799200 0.99995412822928231300
15912.02783667711628368124 0.99995580043806220338
16127.06247425850779109169 0.99995741246088198917
16345.00308308594867412467 0.99995896642616843852
16565.88893436234138789587 0.99996046438891561525
16789.75983000037012971006 0.99996190833312903479
17016.65610979450502782129 0.99996330017419343683
17246.61865868990207673050 0.99996464176116561795
17479.68891414957761298865 0.99996593487899410047
17715.90887362113790004514 0.99996718125066885730
17955.32110210424070828594 0.99996838253930164786
18197.96873982071338105015 0.99996954035014118389
18443.89550998792765312828 0.99997065623252190392
18693.14572669742119614966 0.99997173168175212954
18945.76430289995914790779 0.99997276814093971620
19201.79675849848354118876 0.99997376700275975026
19461.28922855046403128654 0.99997472961116518064
19724.28847158106509596109 0.99997565726304105116
19990.84187800867584883235 0.99997655120980533106
20260.99747868427948560566 0.99997741265895867535
20534.80395354626671178266 0.99997824277558189365
20812.31064039214834338054 0.99997904268378534631
21093.56754376886965474114 0.99997981346811082304
21378.62534398323623463511 0.99998055617488723623
21667.53540623409207910299 0.99998127181354135029
21960.34978986795613309368 0.99998196135786587835
22257.12125775968888774514 0.99998262574724527951
22557.90328581997164292261 0.99998326588784047786
22862.75007263123188749887 0.99998388265373583383
23171.71654921381559688598 0.99998447688804581457
23484.85838892413812573068 0.99998504940398669216
23802.23201748656356357969 0.99998560098591138257
24123.89462316091521643102 0.99998613239030986755
24449.90416704733070218936 0.99998664434677619894
24780.31939353041161666624 0.99998713755894386157
25115.19984086449767346494 0.99998761270538760737
25454.60585190201527439058 0.99998807044049731196
25798.59858496675951755606 0.99998851139532063392
26147.24002487423422280699 0.99998893617837825154
26500.59299410059975343756 0.99998934537645078890
26858.72116410312082734890 0.99998973955533965174
27221.68906679305291618221 0.99999011926060155098
27589.56210616384851164185 0.99999048501825849034
27962.40657007644767872989 0.99999083733548310704
28340.28964220382113126107 0.99999117670126114188
28723.27941413697408279404 0.99999150358703081665
29111.44489765448815887794 0.99999181844730089530
29504.85603715793695300817 0.99999212172024676271
29903.58372227536165155470 0.99999241382828696345
30307.69980063480397802778 0.99999269517863942358
30717.27709081104330834933 0.99999296616385835446
31132.38939544669483439066 0.99999322716235339303
31553.11151455094295670278 0.99999347853888997939
31979.51925897791079478338 0.99999372064507330293
32411.68946408719784813002 0.99999395381981448505
32849.70000358899415004998 0.99999417838978188477
33293.62980357633932726458 0.99999439466983552904
33743.55885674697492504492 0.99999460296344755417
34199.56823681743117049336 0.99999480356310677109
34661.74011313183291349560 0.99999499675071068516
35130.15776546822598902509 0.99999518279794286091
35604.90559904491965426132 0.99999536196663696419
36086.06915972965362016112 0.99999553450912881392
36573.73514945431088563055 0.99999570066859566619
37067.99144183791213436052 0.99999586067938395217
37568.92709802076569758356 0.99999601476732491445
38076.63238271259615430608 0.99999616315004025147
38591.19878045755467610434 0.99999630603723554945
39112.71901211899239569902 0.99999644363098505462
39641.28705158705997746438 0.99999657612600489909
40176.99814271207287674770 0.99999670370991788904
40719.94881646669819019735 0.99999682656350830090
41270.23690834011358674616 0.99999694486096801782
41827.96157596715784166008 0.99999705877013345123
42393.22331699580536223948 0.99999716845271491295
42966.12398719603515928611 0.99999727406451710543
43546.76681881347758462653 0.99999737575565239567
44135.25643917112029157579 0.99999747367074609539
44731.69888952198380138725 0.99999756794913452485
45336.20164415748877217993 0.99999765872505630426
45948.87362977313023293391 0.99999774612783676186
46569.82524509626091457903 0.99999783028206512547
47199.16838077916327165440 0.99999791130776682913
47837.01643956079351482913 0.99999798932056838119
48483.48435670114849926904 0.99999806443185668137
49138.68862069163878913969 0.99999813674893289761
49802.74729424555698642507 0.99999820637516101396
50475.78003557163174264133 0.99999827341011027215
51157.90811993612442165613 0.99999833794969328338
51849.25446151528740301728 0.99999840008629903298
52549.94363554362644208595 0.99999845990892100023
53260.10190076140133896843 0.99999851750328028199
53979.85722216547583229840 0.99999857295194527484
54709.33929406760580604896 0.99999862633444636106
55448.67956346433493308723 0.99999867772738637584
56198.01125372274691471830 0.99999872720454752173
56957.46938858625799184665 0.99999877483699439740
57727.19081650486623402685 0.99999882069317291844
58507.31423529415769735351 0.99999886483900601863
59297.98021712757326895371 0.99999890733798602049
60099.33123386644729180261 0.99999894825126300901
60911.51168273229995975271 0.99999898763773098498
61734.66791232611285522580 0.99999902555411013250
62568.94824899920058669522 0.99999906205502642198
63414.50302358045883011073 0.99999909719308821554
64271.48459846483456203714 0.99999913101896009682
65140.04739506782061653212 0.99999916358143470241
66020.34792165098770055920 0.99999919492750033445
66912.54480152360338252038 0.99999922510240824014
67816.79880162526387721300 0.99999925414973511728
68733.27286149485735222697 0.99999928211144595291
69662.13212263103923760355 0.99999930902795208798
70603.54395824941457249224 0.99999933493816883789
71557.67800344187708105892 0.99999935987957033756
72524.70618574357649777085 0.99999938388824249902
73504.80275611304386984557 0.99999940699893441476
74498.14432033023331314325 0.99999942924510665243
75504.90987082046922296286 0.99999945065897988261
76525.28081890687462873757 0.99999947127157950977
77559.44102749937155749649 0.99999949111278019220
78607.57684422543388791382 0.99999951021134825258
79669.87713500844256486744 0.99999952859498231206
80746.53331809981318656355 0.99999954629035281428
81837.73939857113873586059 0.99999956332313988394
82943.69200327240105252713 0.99999957971806996415
84064.59041626269754488021 0.99999959549895078847
85200.63661471907107625157 0.99999961068870557579
86352.03530533221783116460 0.99999962530940555983
87518.99396119233279023319 0.99999963938230151950
88701.72285917437693569809 0.99999965292785375492
89900.43511782831046730280 0.99999966596576217448
91115.34673578136425931007 0.99999967851499316218
92346.67663065936358179897 0.99999969059380811043
93594.64667853394348639995 0.99999970221978806695
94859.48175390293181408197 0.99999971340986038015
96141.40977021091384813190 0.99999972418032145871
97440.66172091756016016006 0.99999973454686130747
98757.47172112077532801777 0.99999974452458539886
100092.07704974243824835867 0.99999975412803632224
101444.71819228424283210188 0.99999976337121498915
102815.63888416127883829176 0.99999977226760039528
104205.08615462128364015371 0.99999978083016893837
105613.31037125739385373890 0.99999978907141351403
107040.56528512240038253367 0.99999979700336094623
108487.10807645275781396776 0.99999980463758930682
109953.19940101046813651919 0.99999981198524534598
111439.10343705117702484131 0.99999981905705925822
112945.08793292706832289696 0.99999982586336111368
114471.42425533304049167782 0.99999983241409529100
116018.38743820486706681550 0.99999983871883524333
117586.25623227815958671272 0.99999984478679659894
119175.31315531711152289063 0.99999985062685103898
120785.84454302200174424797 0.99999985624753873203
122418.14060062459611799568 0.99999986165708099062
124072.49545518121158238500 0.99999986686339181752
125749.20720857109699863940 0.99999987187408967415
127448.57799121353309601545 0.99999987669650802768
129170.91401650842453818768 0.99999988133770645327
130916.52563601381552871317 0.99999988580448040398
132685.72739536882727406919 0.99999989010337131390
134478.83809097230550833046 0.99999989424067603494
136296.18082742753904312849 0.99999989822245605176
138138.08307576310471631587 0.99999990205454558634
140004.87673244060715660453 0.99999990574256103493
141896.89817916016909293830 0.99999990929190862854
143814.48834347270894795656 0.99999991270779198249
145757.99276021396508440375 0.99999991599522020103
147727.76163376620388589799 0.99999991915901487172
149724.14990116257104091346 0.99999992220381672681
151747.51729604401043616235 0.99999992513409319272
153798.22841348036308772862 0.99999992795414416324
155876.65277566769509576261 0.99999993066810843878
157983.16489851323422044516 0.99999993327996972159
160118.14435912022599950433 0.99999993579356283302
162281.97586418490391224623 0.99999993821257859850
164475.04931931747705675662 0.99999994054056962067
166697.75989930011564865708 0.99999994278095527545
168950.50811929450719617307 0.99999994493702692999
171233.69990701143979094923 0.99999994701195238367
173547.74667585582938045263 0.99999994900878075299
175893.06539906028774566948 0.99999995093044702354
178270.07868482041521929204 0.99999995277977593577
180679.21485244552604854107 0.99999995455948620382
183120.90800953839789144695 0.99999995627219462335
185595.59813021813170053065 0.99999995792041995735
188103.73113440015004016459 0.99999995950658648880
190645.75896814730367623270 0.99999996103302724038
193222.13968510724953375757 0.99999996250198797121
195833.33752905036089941859 0.99999996391563028553
198479.82301752141211181879 0.99999996527603429719
201162.07302662546862848103 0.99999996658520207138
203880.57087695569498464465 0.99999996784506106628
206635.80642068438464775681 0.99999996905746557641
209428.27612983045401051641 0.99999997022420084036
212258.48318571993149816990 0.99999997134698481727
215126.93756965521606616676 0.99999997242747107329
218034.15615480983979068696 0.99999997346725111314
220980.66279936485807411373 0.99999997446785660049
223966.98844090421334840357 0.99999997543076135642
226993.67119208537042140961 0.99999997635738446800
230061.25643760318052954972 0.99999997724909117647
233170.29693246382521465421 0.99999997810719554181
236321.35290158711723051965 0.99999997893296244111
239514.99214075456256978214 0.99999997972760912290
242751.79011892175185494125 0.99999998049230698349
246032.33008191347471438348 0.99999998122818345436
249357.20315751997986808419 0.99999998193632377852
252727.00846201422973535955 0.99999998261777189867
256142.35320810580742545426 0.99999998327353312177
259603.85281435909564606845 0.99999998390457456310
263112.13101608486613258719 0.99999998451182703363
266667.81997773301554843783 0.99999998509618648335
270271.56040680367732420564 0.99999998565851511145
273924.00166929775150492787 0.99999998619964247659
277625.80190672760363668203 0.99999998672036738423
281377.62815470900386571884 0.99999998722145799768
285180.15646315587218850851 0.99999998770365428058
289034.07201809901744127274 0.99999998816766766385
292940.06926515162922441959 0.99999998861418337714
296898.85203464265214279294 0.99999998904386055987
300911.13366844179108738899 0.99999998945733359346
304977.63714849797543138266 0.99999998985521298955
309099.09522711526369675994 0.99999999023808638920
313276.25055898894788697362 0.99999999060651922900
317509.85583502624649554491 0.99999999096105562923
321800.67391797539312392473 0.99999999130221939314
326149.47797988809179514647 0.99999999163051433992
330557.05164143664296716452 0.99999999194642552602
335024.18911311996635049582 0.99999999225041980022
339551.69533837196649983525 0.99999999254294624773
344140.38613860635086894035 0.99999999282443707838
348791.08836022141622379422 0.99999999309530829272
353504.64002359140431508422 0.99999999335596034822
358281.89047407114412635565 0.99999999360677838123
363123.70053504174575209618 0.99999999384813309522
368030.94266302383039146662 0.99999999408038131588
373004.50110488786594942212 0.99999999430386643517
378045.27205718820914626122 0.99999999451891885549
383154.16382765106391161680 0.99999999472585643367
388332.09699884423753246665 0.99999999492498514719
393580.00459405902074649930 0.99999999511659953821
398898.83224543393589556217 0.99999999530098304668
404289.53836434992263093591 0.99999999547840823233
409753.09431412885896861553 0.99999999564913755190
415290.48458506568567827344 0.99999999581342347010
420902.70697182579897344112 0.99999999597150912578
426590.77275324083166196942 0.99999999612362822088
432355.70687452965648844838 0.99999999627000601965
438198.54813199100317433476 0.99999999641085879354
444120.34936018264852464199 0.99999999654639515345
450122.17762163508450612426 0.99999999667681560567
456205.11439912801142781973 0.99999999680231310695
462370.25579056481365114450 0.99999999692307339760
468618.71270648116478696465 0.99999999703927522354
474951.61107022227952256799 0.99999999715109033627
481370.09202082565752789378 0.99999999725868460310
487875.31211864534998312593 0.99999999736221700797
494468.44355375529266893864 0.99999999746184087268
501150.67435716872569173574 0.99999999755770363485
507923.20861491217510774732 0.99999999764994729201
514787.26668499235529452562 0.99999999773870840158
521744.08541729534044861794 0.99999999782411819194
528794.91837645706254988909 0.99999999790630345053
535941.03606774611398577690 0.99999999798538552476
543183.72616599884349852800 0.99999999806148176518
550524.29374764929525554180 0.99999999813470463739
557964.06152588978875428438 0.99999999820516283222
565504.37008901988156139851 0.99999999827296048860
573146.57814200536813586950 0.99999999833819808170
580892.06275130819994956255 0.99999999840097231196
588742.21959302213508635759 0.99999999846137599402
596698.46320436347741633654 0.99999999851949872287
604762.22723855951335281134 0.99999999857542654080
612934.96472318144515156746 0.99999999862924238148
621218.14832196873612701893 0.99999999868102584788
629613.27060019201599061489 0.99999999873085365643
638121.84429360122885555029 0.99999999877879974797
646745.40258100908249616623 0.99999999882493517678
655485.49936055822763592005 0.99999999886932811055
664343.70952972094528377056 0.99999999891204438551
673321.62926908419467508793 0.99999999895314750642
682420.87632996810134500265 0.99999999899269809145
691643.09032593318261206150 0.99999999903075487140
700989.93302822497207671404 0.99999999906737424560
710463.08866521436721086502 0.99999999910261050395
720064.26422587654087692499 0.99999999913651593797
729795.18976738536730408669 0.99999999916914061870
739657.61872685118578374386 0.99999999920053306290
749653.32823727757204324007 0.99999999923073967789
759784.11944778671022504568 0.99999999925980520565
770051.81784817297011613846 0.99999999928777294489
780458.27359784138388931751 0.99999999931468419589
791005.36185919248964637518 0.99999999934057881568
801694.98313551163300871849 0.99999999936549532897
812529.06361342535819858313 0.99999999938947059519
823509.55550998472608625889 0.99999999941254014146
834638.43742443970404565334 0.99999999943473816266
845917.71469476795755326748 0.99999999945609763241
857349.41975902032572776079 0.99999999947665019207
868935.61252155108377337456 0.99999999949642626174
880678.38072419608943164349 0.99999999951545526233
892579.84032246819697320461 0.99999999953376528250
904642.13586683536414057016 0.99999999955138363372
916867.44088915246538817883 0.99999999956833640624
929257.95829431677702814341 0.99999999958464858008
941815.92075720604043453932 0.99999999960034458013
954543.59112500131595879793 0.99999999961544749905
967443.26282492629252374172 0.99999999962997976333
980517.26027750736102461815 0.99999999964396302232
993767.93931541568599641323 0.99999999965741792618
1007197.68760797020513564348 0.99999999967036445891
1020808.92509137722663581371 0.99999999968282182738
1034604.10440478345844894648 0.99999999969480857231
1048585.71133222337812185287 0.99999999970634234625
1062756.26525053754448890686 0.99999999971744035765
1077118.31958334473893046379 0.99999999972811903781
1091674.46226115012541413307 0.99999999973839415190
1106427.31618766812607645988 0.99999999974828102101
1121379.53971245093271136284 0.99999999975779430006
1136533.82710990239866077900 0.99999999976694819992
1151892.90906476438976824284 0.99999999977575604326
1167459.55316416546702384949 0.99999999978423126379
1183236.56439631851390004158 0.99999999979238607395
1199226.78565596044063568115 0.99999999980023279722
1215433.09825660986825823784 0.99999999980778297992
1231858.42244977178052067757 0.99999999981504772428
1248505.71795113408006727695 0.99999999982203813254
1265377.98447388922795653343 0.99999999982876430771
1282478.26226925756782293320 0.99999999983523635283
1299809.63267431780695915222 0.99999999984146370480
1317375.21866723988205194473 0.99999999984745580051
1335178.18543002125807106495 0.99999999985322152174
1353221.74091882817447185516 0.99999999985876919517
1371509.13644204405136406422 0.99999999986410736952
1390043.66724613099358975887 0.99999999986924370532
1408828.67310940613970160484 0.99999999987418597414
1427867.53894384508021175861 0.99999999987894139242
1447163.69540501548908650875 0.99999999988351717661
1466720.61951025552116334438 0.99999999988791998806
1486541.83526520500890910625 0.99999999989215648810
1506630.91429880354553461075 0.99999999989623278296
1526991.47650687093846499920 0.99999999990015508988
1547627.19070438621565699577 0.99999999990392907101
1568541.77528656832873821259 0.99999999990756038848
1589738.99889892060309648514 0.99999999991105459340
1611222.68111629784107208252 0.99999999991441668179
1632996.69313116814009845257 0.99999999991765164964
1655064.95845117140561342239 0.99999999992076438193
1677431.45360610494390130043 0.99999999992375954161
1700100.20886446279473602772 0.99999999992664145854
1723075.30895965965464711189 0.99999999992941435156
1746360.89382606721483170986 0.99999999993208255056
1769961.15934499795548617840 0.99999999993464994130
1793880.35810077213682234287 0.99999999993712018753
1818122.80014699767343699932 0.99999999993949706401
1842692.85378321073949337006 0.99999999994178423446
1867594.94634200772270560265 0.99999999994398480752
1892833.56498681730590760708 0.99999999994610233589
1918413.25752045167610049248 0.99999999994813970616
1944338.63320458517409861088 0.99999999995010013798
1970614.36359030799940228462 0.99999999995198640690
1997245.18335990258492529392 0.99999999995380139950
2024235.89118000189773738384 0.99999999995554789134
2051591.35056625399738550186 0.99999999995722832491
2079316.49075971520505845547 0.99999999995884514270
2107416.30761504406109452248 0.99999999996040089822
2135895.86450072051957249641 0.99999999996189781193
2164760.29321142425760626793 0.99999999996333821528
2194014.79489274555817246437 0.99999999996472421770
2223664.64097839035093784332 0.99999999996605770658
2253715.17414005147293210030 0.99999999996734090235
2284171.80925011727958917618 0.99999999996857547035
2315040.03435738896951079369 0.99999999996976340899
2346325.41167598543688654900 0.99999999997090649462
2378033.57858760841190814972 0.99999999997200628155
2410170.24865735787898302078 0.99999999997306465715
2442741.21266327006742358208 0.99999999997408295371
2475752.33963977126404643059 0.99999999997506272553
2509209.57793523231521248817 0.99999999997600541590
2543118.95628381427377462387 0.99999999997691257914
2577486.58489180030301213264 0.99999999997778532546
2612318.65653861127793788910 0.99999999997862520917
2647621.44769267644733190536 0.99999999997943322949
2683401.31964243575930595398 0.99999999998021071868
2719664.71964257257059216499 0.99999999998095889797
2756418.18207576544955372810 0.99999999998167876658
2793668.32963013229891657829 0.99999999998237132370
2831421.87449258752167224884 0.99999999998303779059
2869685.61955832503736019135 0.99999999998367905540
2908466.45965664880350232124 0.99999999998429611736
2947771.38279336551204323769 0.99999999998488986463
2987607.47140997136011719704 0.99999999998546107438
3027981.90365984942764043808 0.99999999998601074580
3068901.95470172073692083359 0.99999999998653954503
3110374.99801056832075119019 0.99999999998704847126
3152408.50670628296211361885 0.99999999998753819064
3195010.05490025831386446953 0.99999999998800925827
3238187.31906018871814012527 0.99999999998846256233
3281948.07939330860972404480 0.99999999998889876895
3326300.22124832542613148689 0.99999999998931854428
3371251.73653630446642637253 0.99999999998972233239
3416810.72517072223126888275 0.99999999999011091045
3462985.39652704913169145584 0.99999999999048472255
3509784.07092198729515075684 0.99999999999084454583
3557215.18111273273825645447 0.99999999999119071337
3605287.27381649566814303398 0.99999999999152366925
3654009.01125054853036999702 0.99999999999184419064
3703389.17269309423863887787 0.99999999999215249957
3753436.65606522001326084137 0.99999999999244926219
3804160.47953423671424388885 0.99999999999273470053
3855569.78313868027180433273 0.99999999999300936970
3907673.83043527696281671524 0.99999999999327371381
3960482.01016816264018416405 0.99999999999352795488
4014003.83796066464856266975 0.99999999999377264803
4068248.95802993839606642723 0.99999999999400812634
4123227.14492478501051664352 0.99999999999423461183
4178948.30528694577515125275 0.99999999999445265964
4235422.47963620349764823914 0.99999999999466238076
4292659.84417960513383150101 0.99999999999486421931
4350670.71264513581991195679 0.99999999999505828630
4409465.53814018238335847855 0.99999999999524513683
4469054.91503506433218717575 0.99999999999542488194
4529449.58087211102247238159 0.99999999999559785469
4590660.41830044798552989960 0.99999999999576438814
4652698.45703697483986616135 0.99999999999592448230
4715574.87585383374243974686 0.99999999999607858125
4779301.00459273997694253922 0.99999999999622679603
4843888.32620652485638856888 0.99999999999636945969
4909348.47882828302681446075 0.99999999999650679428
4975693.25786846596747636795 0.99999999999663879979
5042934.61814032867550849915 0.99999999999676592033
5111084.67601409088820219040 0.99999999999688815588
5180155.71160021238029003143 0.99999999999700583952
5250160.17096217721700668335 0.99999999999711908227
5321110.66835917439311742783 0.99999999999722799515
5393019.98851908836513757706 0.99999999999733280021
5465901.08894221112132072449 0.99999999999743371948
5539767.10223608091473579407 0.99999999999753075297
5614631.33848187420517206192 0.99999999999762401170
5690507.28763279505074024200 0.99999999999771382875
5767408.62194480933248996735 0.99999999999780031512
5845349.19844034872949123383 0.99999999999788347083
5924343.06140519492328166962 0.99999999999796351791
6004404.44491915870457887650 0.99999999999804045636
6085547.77542095538228750229 0.99999999999811461926
6167787.67430773098021745682 0.99999999999818589558
6251138.96056972723454236984 0.99999999999825450736
6335616.65346054919064044952 0.99999999999832045461
6421235.97520351596176624298 0.99999999999838395937
6508012.35373458918184041977 0.99999999999844513265
6595961.42548236530274152756 0.99999999999850386345
6685099.03818563930690288544 0.99999999999856037380
6775441.25374904181808233261 0.99999999999861488575
6867004.35113727301359176636 0.99999999999866728828
6959804.82930844463407993317 0.99999999999871769241
7053859.41018706187605857849 0.99999999999876609813
7149185.04167718440294265747 0.99999999999881272750
7245798.90071630850434303284 0.99999999999885769153
7343718.39637053292244672775 0.99999999999890087921
7442961.17297147493809461594 0.99999999999894240155
7543545.11329573392868041992 0.99999999999898236958
7645488.34178716689348220825 0.99999999999902089431
7748809.22782278805971145630 0.99999999999905786474
7853526.38902278803288936615 0.99999999999909350290
7959658.69460528343915939331 0.99999999999912780879
8067225.26878640521317720413 0.99999999999916078242
8176245.49422633182257413864 0.99999999999919253479
8286739.01552189141511917114 0.99999999999922306593
8398725.74274637363851070404 0.99999999999925237582
8512225.85503715835511684418 0.99999999999928068650
8627259.80423185043036937714 0.99999999999930788697
8743848.31855353713035583496 0.99999999999933408823
8862012.40634584799408912659 0.99999999999935917927
8981773.35985850170254707336 0.99999999999938349315
9103152.75908400677144527435 0.99999999999940680784
9226172.47564619407057762146 0.99999999999942923434
9350854.67674132995307445526 0.99999999999945077267
9477221.82913246192038059235 0.99999999999947153384
9605296.70319777913391590118 0.99999999999949151785
9735102.37703357823193073273 0.99999999999951072471
9866662.24061287008225917816 0.99999999999952926544
10000000.00000000000000000000 1.00000000000000000000
