16
0 65 3 5000 1000000000000 0.0000000000
1 65 3 5001 1000000000000 0.0000000000
2 65 3 5002 1000000000000 0.0000000000
3 65 3 5003 1000000000000 0.0000000000
4 65 3 5004 500000 0.0040000000
5 65 3 5005 500000 0.0040000000
6 65 3 5006 500000 0.0081000000
7 65 3 5007 500000 0.0081000000
8 65 3 5008 500000 0.0081000000
9 65 3 5009 500000 0.0081000000
10 65 3 5010 500000 0.0081000000
11 65 3 5011 500000 0.0081000000
12 65 3 5012 500000 0.0081000000
13 65 3 5013 500000 0.0081000000
14 65 3 5014 500000 0.0081000000
15 65 3 5015 500000 0.0081000000
