224
0 17 3 5000 1000000000000 0.0000000000
1 17 3 5001 1000000000000 0.0000000000
2 17 3 5002 1000000000000 0.0000000000
3 17 3 5003 1000000000000 0.0000000000
5 17 3 5004 21000 0.0000000000
4 17 3 5005 21000 0.0000000000
8 17 3 5006 21000 0.0000000000
7 17 3 5007 21000 0.0000000000
12 17 3 5008 21000 0.0000000000
15 17 3 5009 21000 0.0000000000
9 17 3 5010 21000 0.0000000000
14 17 3 5011 21000 0.0000000000
13 17 3 5012 21000 0.0000000000
6 17 3 5013 21000 0.0000000000
10 17 3 5014 21000 0.0000000000
11 17 3 5015 21000 0.0000000000
7 17 3 5016 21000 0.0006332455
12 17 3 5017 21000 0.0006332455
13 17 3 5018 21000 0.0006332455
4 17 3 5019 21000 0.0006332455
14 17 3 5020 21000 0.0013448524
12 17 3 5021 21000 0.0013448524
10 17 3 5022 21000 0.0013448524
7 17 3 5023 21000 0.0013448524
11 17 3 5024 21000 0.0013448524
8 17 3 5025 21000 0.0013448524
6 17 3 5026 21000 0.0013448524
4 17 3 5027 21000 0.0013448524
5 17 3 5028 21000 0.0013448524
9 17 3 5029 21000 0.0013448524
15 17 3 5030 21000 0.0013448524
13 17 3 5031 21000 0.0013448524
9 17 3 5032 21000 0.0020773275
5 17 3 5033 21000 0.0020773275
14 17 3 5034 21000 0.0020773275
10 17 3 5035 21000 0.0020773275
13 17 3 5036 21000 0.0026031229
8 17 3 5037 21000 0.0026031229
4 17 3 5038 21000 0.0026031229
11 17 3 5039 21000 0.0026031229
5 17 3 5040 21000 0.0026031229
7 17 3 5041 21000 0.0026031229
15 17 3 5042 21000 0.0026031229
14 17 3 5043 21000 0.0026031229
13 17 3 5044 21000 0.0032746120
9 17 3 5045 21000 0.0032746120
15 17 3 5046 21000 0.0032746120
7 17 3 5047 21000 0.0032746120
5 17 3 5048 21000 0.0032746120
4 17 3 5049 21000 0.0032746120
14 17 3 5050 21000 0.0032746120
11 17 3 5051 21000 0.0032746120
6 17 3 5052 21000 0.0032746120
10 17 3 5053 21000 0.0032746120
12 17 3 5054 21000 0.0032746120
8 17 3 5055 21000 0.0032746120
14 17 3 5056 21000 0.0040479890
9 17 3 5057 21000 0.0040479890
6 17 3 5058 21000 0.0040479890
15 17 3 5059 21000 0.0040479890
12 17 3 5060 21000 0.0040479890
5 17 3 5061 21000 0.0040479890
11 17 3 5062 21000 0.0040479890
13 17 3 5063 21000 0.0040479890
14 17 3 5064 21000 0.0048829349
5 17 3 5065 21000 0.0048829349
13 17 3 5066 21000 0.0048829349
6 17 3 5067 21000 0.0048829349
7 17 3 5068 21000 0.0048829349
15 17 3 5069 21000 0.0048829349
11 17 3 5070 21000 0.0048829349
9 17 3 5071 21000 0.0048829349
12 17 3 5072 21000 0.0048829349
8 17 3 5073 21000 0.0048829349
4 17 3 5074 21000 0.0048829349
10 17 3 5075 21000 0.0048829349
7 17 3 5076 21000 0.0058414022
4 17 3 5077 21000 0.0058414022
9 17 3 5078 21000 0.0058414022
10 17 3 5079 21000 0.0058414022
13 17 3 5080 21000 0.0064356075
9 17 3 5081 21000 0.0064356075
7 17 3 5082 21000 0.0064356075
11 17 3 5083 21000 0.0064356075
11 17 3 5084 21000 0.0070809691
6 17 3 5085 21000 0.0070809691
8 17 3 5086 21000 0.0070809691
14 17 3 5087 21000 0.0070809691
7 17 3 5088 21000 0.0070809691
9 17 3 5089 21000 0.0070809691
13 17 3 5090 21000 0.0070809691
10 17 3 5091 21000 0.0070809691
12 17 3 5092 21000 0.0070809691
15 17 3 5093 21000 0.0070809691
5 17 3 5094 21000 0.0070809691
4 17 3 5095 21000 0.0070809691
12 17 3 5096 21000 0.0078470943
11 17 3 5097 21000 0.0078470943
5 17 3 5098 21000 0.0078470943
4 17 3 5099 21000 0.0078470943
14 17 3 5100 21000 0.0086786443
6 17 3 5101 21000 0.0086786443
10 17 3 5102 21000 0.0086786443
5 17 3 5103 21000 0.0086786443
11 17 3 5104 21000 0.0093196601
12 17 3 5105 21000 0.0093196601
8 17 3 5106 21000 0.0093196601
14 17 3 5107 21000 0.0093196601
4 17 3 5108 21000 0.0093196601
9 17 3 5109 21000 0.0093196601
10 17 3 5110 21000 0.0093196601
15 17 3 5111 21000 0.0093196601
6 17 3 5112 21000 0.0093196601
7 17 3 5113 21000 0.0093196601
5 17 3 5114 21000 0.0093196601
13 17 3 5115 21000 0.0093196601
11 17 3 5116 21000 0.0100583867
4 17 3 5117 21000 0.0100583867
8 17 3 5118 21000 0.0100583867
12 17 3 5119 21000 0.0100583867
5 17 3 5120 21000 0.0108502805
14 17 3 5121 21000 0.0108502805
8 17 3 5122 21000 0.0108502805
12 17 3 5123 21000 0.0108502805
7 17 3 5124 21000 0.0108502805
15 17 3 5125 21000 0.0108502805
6 17 3 5126 21000 0.0108502805
10 17 3 5127 21000 0.0108502805
4 17 3 5128 21000 0.0108502805
9 17 3 5129 21000 0.0108502805
13 17 3 5130 21000 0.0108502805
11 17 3 5131 21000 0.0108502805
8 17 3 5132 21000 0.0114793977
7 17 3 5133 21000 0.0114793977
4 17 3 5134 21000 0.0114793977
14 17 3 5135 21000 0.0114793977
5 17 3 5136 21000 0.0114793977
13 17 3 5137 21000 0.0114793977
9 17 3 5138 21000 0.0114793977
12 17 3 5139 21000 0.0114793977
6 17 3 5140 21000 0.0123600248
15 17 3 5141 21000 0.0123600248
11 17 3 5142 21000 0.0123600248
12 17 3 5143 21000 0.0123600248
14 17 3 5144 21000 0.0123600248
13 17 3 5145 21000 0.0123600248
8 17 3 5146 21000 0.0123600248
9 17 3 5147 21000 0.0123600248
7 17 3 5148 21000 0.0123600248
4 17 3 5149 21000 0.0123600248
10 17 3 5150 21000 0.0123600248
5 17 3 5151 21000 0.0123600248
14 17 3 5152 21000 0.0131409483
9 17 3 5153 21000 0.0131409483
11 17 3 5154 21000 0.0131409483
12 17 3 5155 21000 0.0131409483
13 17 3 5156 21000 0.0131409483
4 17 3 5157 21000 0.0131409483
5 17 3 5158 21000 0.0131409483
15 17 3 5159 21000 0.0131409483
10 17 3 5160 21000 0.0131409483
8 17 3 5161 21000 0.0131409483
7 17 3 5162 21000 0.0131409483
6 17 3 5163 21000 0.0131409483
5 17 3 5164 21000 0.0139976509
14 17 3 5165 21000 0.0139976509
4 17 3 5166 21000 0.0139976509
7 17 3 5167 21000 0.0139976509
9 17 3 5168 21000 0.0145117199
5 17 3 5169 21000 0.0145117199
12 17 3 5170 21000 0.0145117199
7 17 3 5171 21000 0.0145117199
7 17 3 5172 21000 0.0151102197
12 17 3 5173 21000 0.0151102197
6 17 3 5174 21000 0.0151102197
11 17 3 5175 21000 0.0151102197
15 17 3 5176 21000 0.0151102197
10 17 3 5177 21000 0.0151102197
14 17 3 5178 21000 0.0151102197
9 17 3 5179 21000 0.0151102197
14 17 3 5180 21000 0.0157406014
10 17 3 5181 21000 0.0157406014
9 17 3 5182 21000 0.0157406014
15 17 3 5183 21000 0.0157406014
4 17 3 5184 21000 0.0163921512
14 17 3 5185 21000 0.0163921512
5 17 3 5186 21000 0.0163921512
15 17 3 5187 21000 0.0163921512
10 17 3 5188 21000 0.0163921512
9 17 3 5189 21000 0.0163921512
6 17 3 5190 21000 0.0163921512
12 17 3 5191 21000 0.0163921512
13 17 3 5192 21000 0.0163921512
8 17 3 5193 21000 0.0163921512
11 17 3 5194 21000 0.0163921512
7 17 3 5195 21000 0.0163921512
8 17 3 5196 21000 0.0170695507
11 17 3 5197 21000 0.0170695507
7 17 3 5198 21000 0.0170695507
5 17 3 5199 21000 0.0170695507
5 17 3 5200 21000 0.0177339118
4 17 3 5201 21000 0.0177339118
12 17 3 5202 21000 0.0177339118
14 17 3 5203 21000 0.0177339118
15 17 3 5204 21000 0.0177339118
10 17 3 5205 21000 0.0177339118
11 17 3 5206 21000 0.0177339118
9 17 3 5207 21000 0.0177339118
7 17 3 5208 21000 0.0177339118
8 17 3 5209 21000 0.0177339118
6 17 3 5210 21000 0.0177339118
13 17 3 5211 21000 0.0177339118
6 17 3 5212 21000 0.0187010986
10 17 3 5213 21000 0.0187010986
4 17 3 5214 21000 0.0187010986
14 17 3 5215 21000 0.0187010986
8 17 3 5216 21000 0.0192942887
10 17 3 5217 21000 0.0192942887
12 17 3 5218 21000 0.0192942887
11 17 3 5219 21000 0.0192942887
6 17 3 5220 21000 0.0192942887
5 17 3 5221 21000 0.0192942887
13 17 3 5222 21000 0.0192942887
14 17 3 5223 21000 0.0192942887
