20
0 17 3 5000 100000000000 0.0
1 17 3 5001 100000000000 0.0
2 17 3 5002 100000000000 0.0
3 17 3 5003 100000000000 0.0
4 17 3 5004 1667000 0.02
5 17 3 5005 1667000 0.02
6 17 3 5006 1667000 0.02
7 17 3 5007 1667000 0.02
8 17 3 5008 1667000 0.02
9 17 3 5009 1667000 0.02
10 17 3 5010 1667000 0.02
11 17 3 5011 1667000 0.02
12 17 3 5012 1667000 0.02
13 17 3 5013 1667000 0.02
14 17 3 5014 1667000 0.02
15 17 3 5015 1667000 0.02
0 17 3 5000 5001000 0.06
1 17 3 5001 5001000 0.06
2 17 3 5002 5001000 0.06
3 17 3 5003 5001000 0.06
