20
0 21 3 5000 10000000000 0
1 21 3 5001 10000000000 0
2 21 3 5002 10000000000 0
3 21 3 5003 10000000000 0
4 21 3 5004 10000000000 0
5 21 3 5005 10000000000 0
6 21 3 5006 10000000000 0
7 21 3 5007 10000000000 0
8 21 3 5008 10000000000 0
9 21 3 5009 10000000000 0
10 21 3 5010 10000000000 0
11 21 3 5011 10000000000 0
12 21 3 5012 10000000000 0
13 21 3 5013 10000000000 0
14 21 3 5014 10000000000 0
15 21 3 5015 10000000000 0
16 21 3 5016 10000000000 0
17 21 3 5017 10000000000 0
18 21 3 5018 10000000000 0
19 21 3 5019 10000000000 0
