32
0 65 3 5000 1000000000000 0.0000000000
1 65 3 5001 1000000000000 0.0000000000
2 65 3 5002 1000000000000 0.0000000000
3 65 3 5003 1000000000000 0.0000000000
4 65 3 5004 1000000000000 0.0000000000
5 65 3 5005 1000000000000 0.0000000000
6 65 3 5006 1000000000000 0.0000000000
7 65 3 5007 1000000000000 0.0000000000
8 65 3 5008 1000000000000 0.0000000000
9 65 3 5009 1000000000000 0.0000000000
10 65 3 5010 1000000000000 0.0000000000
11 65 3 5011 1000000000000 0.0000000000
12 65 3 5012 1000000000000 0.0000000000
13 65 3 5013 1000000000000 0.0000000000
14 65 3 5014 1000000000000 0.0000000000
15 65 3 5015 1000000000000 0.0000000000
16 65 3 5016 1000000000000 0.0000000000
17 65 3 5017 1000000000000 0.0000000000
18 65 3 5018 1000000000000 0.0000000000
19 65 3 5019 1000000000000 0.0000000000
20 65 3 5020 500000 0.0040000000
21 65 3 5021 500000 0.0040000000
22 65 3 5022 500000 0.0081000000
23 65 3 5023 500000 0.0081000000
24 65 3 5024 500000 0.0081000000
25 65 3 5025 500000 0.0081000000
26 65 3 5026 500000 0.0081000000
27 65 3 5027 500000 0.0081000000
28 65 3 5028 500000 0.0081000000
29 65 3 5029 500000 0.0081000000
30 65 3 5030 500000 0.0081000000
31 65 3 5031 500000 0.0081000000
