2784
0 17 3 5000 1000000000000 0.0000000000
1 17 3 5001 1000000000000 0.0000000000
2 17 3 5002 1000000000000 0.0000000000
3 17 3 5003 1000000000000 0.0000000000
4 17 3 5004 3000 0.0000000000
5 17 3 5005 3000 0.0000000000
6 17 3 5006 3000 0.0000000000
7 17 3 5007 3000 0.0000000000
8 17 3 5008 3000 0.0000000000
9 17 3 5009 3000 0.0000000000
10 17 3 5010 3000 0.0000000000
11 17 3 5011 3000 0.0000000000
12 17 3 5012 3000 0.0000000000
13 17 3 5013 3000 0.0000000000
14 17 3 5014 3000 0.0000000000
15 17 3 5015 3000 0.0000000000
0 17 3 5000 3000 0.0001221454
1 17 3 5001 3000 0.0001221454
2 17 3 5002 3000 0.0001221454
3 17 3 5003 3000 0.0001221454
4 17 3 5004 3000 0.0001221454
5 17 3 5005 3000 0.0001221454
6 17 3 5006 3000 0.0001221454
7 17 3 5007 3000 0.0001221454
8 17 3 5008 3000 0.0001221454
9 17 3 5009 3000 0.0001221454
10 17 3 5010 3000 0.0001221454
11 17 3 5011 3000 0.0001221454
12 17 3 5012 3000 0.0002733840
13 17 3 5013 3000 0.0002733840
14 17 3 5014 3000 0.0002733840
15 17 3 5015 3000 0.0002733840
0 17 3 5000 3000 0.0002733840
1 17 3 5001 3000 0.0002733840
2 17 3 5002 3000 0.0002733840
3 17 3 5003 3000 0.0002733840
4 17 3 5004 3000 0.0002733840
5 17 3 5005 3000 0.0002733840
6 17 3 5006 3000 0.0002733840
7 17 3 5007 3000 0.0002733840
8 17 3 5008 3000 0.0002733840
9 17 3 5009 3000 0.0002733840
10 17 3 5010 3000 0.0002733840
11 17 3 5011 3000 0.0002733840
12 17 3 5012 3000 0.0002733840
13 17 3 5013 3000 0.0002733840
14 17 3 5014 3000 0.0002733840
15 17 3 5015 3000 0.0002733840
0 17 3 5000 3000 0.0003865382
1 17 3 5001 3000 0.0003865382
2 17 3 5002 3000 0.0003865382
3 17 3 5003 3000 0.0003865382
4 17 3 5004 3000 0.0003865382
5 17 3 5005 3000 0.0003865382
6 17 3 5006 3000 0.0003865382
7 17 3 5007 3000 0.0003865382
8 17 3 5008 3000 0.0003865382
9 17 3 5009 3000 0.0003865382
10 17 3 5010 3000 0.0003865382
11 17 3 5011 3000 0.0003865382
12 17 3 5012 3000 0.0004991443
13 17 3 5013 3000 0.0004991443
14 17 3 5014 3000 0.0004991443
15 17 3 5015 3000 0.0004991443
0 17 3 5000 3000 0.0004991443
1 17 3 5001 3000 0.0004991443
2 17 3 5002 3000 0.0004991443
3 17 3 5003 3000 0.0004991443
4 17 3 5004 3000 0.0004991443
5 17 3 5005 3000 0.0004991443
6 17 3 5006 3000 0.0004991443
7 17 3 5007 3000 0.0004991443
8 17 3 5008 3000 0.0004991443
9 17 3 5009 3000 0.0004991443
10 17 3 5010 3000 0.0004991443
11 17 3 5011 3000 0.0004991443
12 17 3 5012 3000 0.0004991443
13 17 3 5013 3000 0.0004991443
14 17 3 5014 3000 0.0004991443
15 17 3 5015 3000 0.0004991443
0 17 3 5000 3000 0.0006740999
1 17 3 5001 3000 0.0006740999
2 17 3 5002 3000 0.0006740999
3 17 3 5003 3000 0.0006740999
4 17 3 5004 3000 0.0006740999
5 17 3 5005 3000 0.0006740999
6 17 3 5006 3000 0.0006740999
7 17 3 5007 3000 0.0006740999
8 17 3 5008 3000 0.0008864162
9 17 3 5009 3000 0.0008864162
10 17 3 5010 3000 0.0008864162
11 17 3 5011 3000 0.0008864162
12 17 3 5012 3000 0.0008864162
13 17 3 5013 3000 0.0008864162
14 17 3 5014 3000 0.0008864162
15 17 3 5015 3000 0.0008864162
0 17 3 5000 3000 0.0008864162
1 17 3 5001 3000 0.0008864162
2 17 3 5002 3000 0.0008864162
3 17 3 5003 3000 0.0008864162
4 17 3 5004 3000 0.0008864162
5 17 3 5005 3000 0.0008864162
6 17 3 5006 3000 0.0008864162
7 17 3 5007 3000 0.0008864162
8 17 3 5008 3000 0.0010651680
9 17 3 5009 3000 0.0010651680
10 17 3 5010 3000 0.0010651680
11 17 3 5011 3000 0.0010651680
12 17 3 5012 3000 0.0010651680
13 17 3 5013 3000 0.0010651680
14 17 3 5014 3000 0.0010651680
15 17 3 5015 3000 0.0010651680
0 17 3 5000 3000 0.0010651680
1 17 3 5001 3000 0.0010651680
2 17 3 5002 3000 0.0010651680
3 17 3 5003 3000 0.0010651680
4 17 3 5004 3000 0.0013708263
5 17 3 5005 3000 0.0013708263
6 17 3 5006 3000 0.0013708263
7 17 3 5007 3000 0.0013708263
8 17 3 5008 3000 0.0013708263
9 17 3 5009 3000 0.0013708263
10 17 3 5010 3000 0.0013708263
11 17 3 5011 3000 0.0013708263
12 17 3 5012 3000 0.0013708263
13 17 3 5013 3000 0.0013708263
14 17 3 5014 3000 0.0013708263
15 17 3 5015 3000 0.0013708263
0 17 3 5000 3000 0.0018354061
1 17 3 5001 3000 0.0018354061
2 17 3 5002 3000 0.0018354061
3 17 3 5003 3000 0.0018354061
4 17 3 5004 3000 0.0018354061
5 17 3 5005 3000 0.0018354061
6 17 3 5006 3000 0.0018354061
7 17 3 5007 3000 0.0018354061
8 17 3 5008 3000 0.0018354061
9 17 3 5009 3000 0.0018354061
10 17 3 5010 3000 0.0018354061
11 17 3 5011 3000 0.0018354061
12 17 3 5012 3000 0.0018354061
13 17 3 5013 3000 0.0018354061
14 17 3 5014 3000 0.0018354061
15 17 3 5015 3000 0.0018354061
0 17 3 5000 3000 0.0018354061
1 17 3 5001 3000 0.0018354061
2 17 3 5002 3000 0.0018354061
3 17 3 5003 3000 0.0018354061
4 17 3 5004 3000 0.0019396080
5 17 3 5005 3000 0.0019396080
6 17 3 5006 3000 0.0019396080
7 17 3 5007 3000 0.0019396080
8 17 3 5008 3000 0.0019396080
9 17 3 5009 3000 0.0019396080
10 17 3 5010 3000 0.0019396080
11 17 3 5011 3000 0.0019396080
12 17 3 5012 3000 0.0019396080
13 17 3 5013 3000 0.0019396080
14 17 3 5014 3000 0.0019396080
15 17 3 5015 3000 0.0019396080
0 17 3 5000 3000 0.0019396080
1 17 3 5001 3000 0.0019396080
2 17 3 5002 3000 0.0019396080
3 17 3 5003 3000 0.0019396080
4 17 3 5004 3000 0.0021914941
5 17 3 5005 3000 0.0021914941
6 17 3 5006 3000 0.0021914941
7 17 3 5007 3000 0.0021914941
8 17 3 5008 3000 0.0021914941
9 17 3 5009 3000 0.0021914941
10 17 3 5010 3000 0.0021914941
11 17 3 5011 3000 0.0021914941
12 17 3 5012 3000 0.0021914941
13 17 3 5013 3000 0.0021914941
14 17 3 5014 3000 0.0021914941
15 17 3 5015 3000 0.0021914941
0 17 3 5000 3000 0.0021914941
1 17 3 5001 3000 0.0021914941
2 17 3 5002 3000 0.0021914941
3 17 3 5003 3000 0.0021914941
4 17 3 5004 3000 0.0023037391
5 17 3 5005 3000 0.0023037391
6 17 3 5006 3000 0.0023037391
7 17 3 5007 3000 0.0023037391
8 17 3 5008 3000 0.0023037391
9 17 3 5009 3000 0.0023037391
10 17 3 5010 3000 0.0023037391
11 17 3 5011 3000 0.0023037391
12 17 3 5012 3000 0.0023037391
13 17 3 5013 3000 0.0023037391
14 17 3 5014 3000 0.0023037391
15 17 3 5015 3000 0.0023037391
0 17 3 5000 3000 0.0027555901
1 17 3 5001 3000 0.0027555901
2 17 3 5002 3000 0.0027555901
3 17 3 5003 3000 0.0027555901
4 17 3 5004 3000 0.0027555901
5 17 3 5005 3000 0.0027555901
6 17 3 5006 3000 0.0027555901
7 17 3 5007 3000 0.0027555901
8 17 3 5008 3000 0.0027555901
9 17 3 5009 3000 0.0027555901
10 17 3 5010 3000 0.0027555901
11 17 3 5011 3000 0.0027555901
12 17 3 5012 3000 0.0029317101
13 17 3 5013 3000 0.0029317101
14 17 3 5014 3000 0.0029317101
15 17 3 5015 3000 0.0029317101
0 17 3 5000 3000 0.0029317101
1 17 3 5001 3000 0.0029317101
2 17 3 5002 3000 0.0029317101
3 17 3 5003 3000 0.0029317101
4 17 3 5004 3000 0.0029317101
5 17 3 5005 3000 0.0029317101
6 17 3 5006 3000 0.0029317101
7 17 3 5007 3000 0.0029317101
8 17 3 5008 3000 0.0029317101
9 17 3 5009 3000 0.0029317101
10 17 3 5010 3000 0.0029317101
11 17 3 5011 3000 0.0029317101
12 17 3 5012 3000 0.0029317101
13 17 3 5013 3000 0.0029317101
14 17 3 5014 3000 0.0029317101
15 17 3 5015 3000 0.0029317101
0 17 3 5000 3000 0.0030572445
1 17 3 5001 3000 0.0030572445
2 17 3 5002 3000 0.0030572445
3 17 3 5003 3000 0.0030572445
4 17 3 5004 3000 0.0030572445
5 17 3 5005 3000 0.0030572445
6 17 3 5006 3000 0.0030572445
7 17 3 5007 3000 0.0030572445
8 17 3 5008 3000 0.0031978842
9 17 3 5009 3000 0.0031978842
10 17 3 5010 3000 0.0031978842
11 17 3 5011 3000 0.0031978842
12 17 3 5012 3000 0.0031978842
13 17 3 5013 3000 0.0031978842
14 17 3 5014 3000 0.0031978842
15 17 3 5015 3000 0.0031978842
0 17 3 5000 3000 0.0031978842
1 17 3 5001 3000 0.0031978842
2 17 3 5002 3000 0.0031978842
3 17 3 5003 3000 0.0031978842
4 17 3 5004 3000 0.0031978842
5 17 3 5005 3000 0.0031978842
6 17 3 5006 3000 0.0031978842
7 17 3 5007 3000 0.0031978842
8 17 3 5008 3000 0.0033583312
9 17 3 5009 3000 0.0033583312
10 17 3 5010 3000 0.0033583312
11 17 3 5011 3000 0.0033583312
12 17 3 5012 3000 0.0033583312
13 17 3 5013 3000 0.0033583312
14 17 3 5014 3000 0.0033583312
15 17 3 5015 3000 0.0033583312
0 17 3 5000 3000 0.0033583312
1 17 3 5001 3000 0.0033583312
2 17 3 5002 3000 0.0033583312
3 17 3 5003 3000 0.0033583312
4 17 3 5004 3000 0.0033583312
5 17 3 5005 3000 0.0033583312
6 17 3 5006 3000 0.0033583312
7 17 3 5007 3000 0.0033583312
8 17 3 5008 3000 0.0037418204
9 17 3 5009 3000 0.0037418204
10 17 3 5010 3000 0.0037418204
11 17 3 5011 3000 0.0037418204
12 17 3 5012 3000 0.0037418204
13 17 3 5013 3000 0.0037418204
14 17 3 5014 3000 0.0037418204
15 17 3 5015 3000 0.0037418204
0 17 3 5000 3000 0.0037418204
1 17 3 5001 3000 0.0037418204
2 17 3 5002 3000 0.0037418204
3 17 3 5003 3000 0.0037418204
4 17 3 5004 3000 0.0037418204
5 17 3 5005 3000 0.0037418204
6 17 3 5006 3000 0.0037418204
7 17 3 5007 3000 0.0037418204
8 17 3 5008 3000 0.0037418204
9 17 3 5009 3000 0.0037418204
10 17 3 5010 3000 0.0037418204
11 17 3 5011 3000 0.0037418204
12 17 3 5012 3000 0.0039343495
13 17 3 5013 3000 0.0039343495
14 17 3 5014 3000 0.0039343495
15 17 3 5015 3000 0.0039343495
0 17 3 5000 3000 0.0039343495
1 17 3 5001 3000 0.0039343495
2 17 3 5002 3000 0.0039343495
3 17 3 5003 3000 0.0039343495
4 17 3 5004 3000 0.0041270472
5 17 3 5005 3000 0.0041270472
6 17 3 5006 3000 0.0041270472
7 17 3 5007 3000 0.0041270472
8 17 3 5008 3000 0.0041270472
9 17 3 5009 3000 0.0041270472
10 17 3 5010 3000 0.0041270472
11 17 3 5011 3000 0.0041270472
12 17 3 5012 3000 0.0041270472
13 17 3 5013 3000 0.0041270472
14 17 3 5014 3000 0.0041270472
15 17 3 5015 3000 0.0041270472
0 17 3 5000 3000 0.0042585638
1 17 3 5001 3000 0.0042585638
2 17 3 5002 3000 0.0042585638
3 17 3 5003 3000 0.0042585638
4 17 3 5004 3000 0.0042585638
5 17 3 5005 3000 0.0042585638
6 17 3 5006 3000 0.0042585638
7 17 3 5007 3000 0.0042585638
8 17 3 5008 3000 0.0042585638
9 17 3 5009 3000 0.0042585638
10 17 3 5010 3000 0.0042585638
11 17 3 5011 3000 0.0042585638
12 17 3 5012 3000 0.0045159648
13 17 3 5013 3000 0.0045159648
14 17 3 5014 3000 0.0045159648
15 17 3 5015 3000 0.0045159648
0 17 3 5000 3000 0.0045159648
1 17 3 5001 3000 0.0045159648
2 17 3 5002 3000 0.0045159648
3 17 3 5003 3000 0.0045159648
4 17 3 5004 3000 0.0046663234
5 17 3 5005 3000 0.0046663234
6 17 3 5006 3000 0.0046663234
7 17 3 5007 3000 0.0046663234
8 17 3 5008 3000 0.0046663234
9 17 3 5009 3000 0.0046663234
10 17 3 5010 3000 0.0046663234
11 17 3 5011 3000 0.0046663234
12 17 3 5012 3000 0.0048003032
13 17 3 5013 3000 0.0048003032
14 17 3 5014 3000 0.0048003032
15 17 3 5015 3000 0.0048003032
0 17 3 5000 3000 0.0048003032
1 17 3 5001 3000 0.0048003032
2 17 3 5002 3000 0.0048003032
3 17 3 5003 3000 0.0048003032
4 17 3 5004 3000 0.0048003032
5 17 3 5005 3000 0.0048003032
6 17 3 5006 3000 0.0048003032
7 17 3 5007 3000 0.0048003032
8 17 3 5008 3000 0.0048003032
9 17 3 5009 3000 0.0048003032
10 17 3 5010 3000 0.0048003032
11 17 3 5011 3000 0.0048003032
12 17 3 5012 3000 0.0048003032
13 17 3 5013 3000 0.0048003032
14 17 3 5014 3000 0.0048003032
15 17 3 5015 3000 0.0048003032
0 17 3 5000 3000 0.0049235593
1 17 3 5001 3000 0.0049235593
2 17 3 5002 3000 0.0049235593
3 17 3 5003 3000 0.0049235593
4 17 3 5004 3000 0.0049235593
5 17 3 5005 3000 0.0049235593
6 17 3 5006 3000 0.0049235593
7 17 3 5007 3000 0.0049235593
8 17 3 5008 3000 0.0049235593
9 17 3 5009 3000 0.0049235593
10 17 3 5010 3000 0.0049235593
11 17 3 5011 3000 0.0049235593
12 17 3 5012 3000 0.0050627073
13 17 3 5013 3000 0.0050627073
14 17 3 5014 3000 0.0050627073
15 17 3 5015 3000 0.0050627073
0 17 3 5000 3000 0.0050627073
1 17 3 5001 3000 0.0050627073
2 17 3 5002 3000 0.0050627073
3 17 3 5003 3000 0.0050627073
4 17 3 5004 3000 0.0053368688
5 17 3 5005 3000 0.0053368688
6 17 3 5006 3000 0.0053368688
7 17 3 5007 3000 0.0053368688
8 17 3 5008 3000 0.0053368688
9 17 3 5009 3000 0.0053368688
10 17 3 5010 3000 0.0053368688
11 17 3 5011 3000 0.0053368688
12 17 3 5012 3000 0.0053368688
13 17 3 5013 3000 0.0053368688
14 17 3 5014 3000 0.0053368688
15 17 3 5015 3000 0.0053368688
0 17 3 5000 3000 0.0053368688
1 17 3 5001 3000 0.0053368688
2 17 3 5002 3000 0.0053368688
3 17 3 5003 3000 0.0053368688
4 17 3 5004 3000 0.0053368688
5 17 3 5005 3000 0.0053368688
6 17 3 5006 3000 0.0053368688
7 17 3 5007 3000 0.0053368688
8 17 3 5008 3000 0.0058121877
9 17 3 5009 3000 0.0058121877
10 17 3 5010 3000 0.0058121877
11 17 3 5011 3000 0.0058121877
12 17 3 5012 3000 0.0058121877
13 17 3 5013 3000 0.0058121877
14 17 3 5014 3000 0.0058121877
15 17 3 5015 3000 0.0058121877
0 17 3 5000 3000 0.0058121877
1 17 3 5001 3000 0.0058121877
2 17 3 5002 3000 0.0058121877
3 17 3 5003 3000 0.0058121877
4 17 3 5004 3000 0.0058121877
5 17 3 5005 3000 0.0058121877
6 17 3 5006 3000 0.0058121877
7 17 3 5007 3000 0.0058121877
8 17 3 5008 3000 0.0062988000
9 17 3 5009 3000 0.0062988000
10 17 3 5010 3000 0.0062988000
11 17 3 5011 3000 0.0062988000
12 17 3 5012 3000 0.0062988000
13 17 3 5013 3000 0.0062988000
14 17 3 5014 3000 0.0062988000
15 17 3 5015 3000 0.0062988000
0 17 3 5000 3000 0.0067486716
1 17 3 5001 3000 0.0067486716
2 17 3 5002 3000 0.0067486716
3 17 3 5003 3000 0.0067486716
4 17 3 5004 3000 0.0067486716
5 17 3 5005 3000 0.0067486716
6 17 3 5006 3000 0.0067486716
7 17 3 5007 3000 0.0067486716
8 17 3 5008 3000 0.0069130394
9 17 3 5009 3000 0.0069130394
10 17 3 5010 3000 0.0069130394
11 17 3 5011 3000 0.0069130394
12 17 3 5012 3000 0.0069130394
13 17 3 5013 3000 0.0069130394
14 17 3 5014 3000 0.0069130394
15 17 3 5015 3000 0.0069130394
0 17 3 5000 3000 0.0069130394
1 17 3 5001 3000 0.0069130394
2 17 3 5002 3000 0.0069130394
3 17 3 5003 3000 0.0069130394
4 17 3 5004 3000 0.0069130394
5 17 3 5005 3000 0.0069130394
6 17 3 5006 3000 0.0069130394
7 17 3 5007 3000 0.0069130394
8 17 3 5008 3000 0.0073725967
9 17 3 5009 3000 0.0073725967
10 17 3 5010 3000 0.0073725967
11 17 3 5011 3000 0.0073725967
12 17 3 5012 3000 0.0073725967
13 17 3 5013 3000 0.0073725967
14 17 3 5014 3000 0.0073725967
15 17 3 5015 3000 0.0073725967
0 17 3 5000 3000 0.0073725967
1 17 3 5001 3000 0.0073725967
2 17 3 5002 3000 0.0073725967
3 17 3 5003 3000 0.0073725967
4 17 3 5004 3000 0.0073725967
5 17 3 5005 3000 0.0073725967
6 17 3 5006 3000 0.0073725967
7 17 3 5007 3000 0.0073725967
8 17 3 5008 3000 0.0076517593
9 17 3 5009 3000 0.0076517593
10 17 3 5010 3000 0.0076517593
11 17 3 5011 3000 0.0076517593
12 17 3 5012 3000 0.0076517593
13 17 3 5013 3000 0.0076517593
14 17 3 5014 3000 0.0076517593
15 17 3 5015 3000 0.0076517593
0 17 3 5000 3000 0.0076517593
1 17 3 5001 3000 0.0076517593
2 17 3 5002 3000 0.0076517593
3 17 3 5003 3000 0.0076517593
4 17 3 5004 3000 0.0076517593
5 17 3 5005 3000 0.0076517593
6 17 3 5006 3000 0.0076517593
7 17 3 5007 3000 0.0076517593
8 17 3 5008 3000 0.0076517593
9 17 3 5009 3000 0.0076517593
10 17 3 5010 3000 0.0076517593
11 17 3 5011 3000 0.0076517593
12 17 3 5012 3000 0.0080608365
13 17 3 5013 3000 0.0080608365
14 17 3 5014 3000 0.0080608365
15 17 3 5015 3000 0.0080608365
0 17 3 5000 3000 0.0080608365
1 17 3 5001 3000 0.0080608365
2 17 3 5002 3000 0.0080608365
3 17 3 5003 3000 0.0080608365
4 17 3 5004 3000 0.0080608365
5 17 3 5005 3000 0.0080608365
6 17 3 5006 3000 0.0080608365
7 17 3 5007 3000 0.0080608365
8 17 3 5008 3000 0.0085598956
9 17 3 5009 3000 0.0085598956
10 17 3 5010 3000 0.0085598956
11 17 3 5011 3000 0.0085598956
12 17 3 5012 3000 0.0085598956
13 17 3 5013 3000 0.0085598956
14 17 3 5014 3000 0.0085598956
15 17 3 5015 3000 0.0085598956
0 17 3 5000 3000 0.0085598956
1 17 3 5001 3000 0.0085598956
2 17 3 5002 3000 0.0085598956
3 17 3 5003 3000 0.0085598956
4 17 3 5004 3000 0.0085598956
5 17 3 5005 3000 0.0085598956
6 17 3 5006 3000 0.0085598956
7 17 3 5007 3000 0.0085598956
8 17 3 5008 3000 0.0090330443
9 17 3 5009 3000 0.0090330443
10 17 3 5010 3000 0.0090330443
11 17 3 5011 3000 0.0090330443
12 17 3 5012 3000 0.0090330443
13 17 3 5013 3000 0.0090330443
14 17 3 5014 3000 0.0090330443
15 17 3 5015 3000 0.0090330443
0 17 3 5000 3000 0.0094782885
1 17 3 5001 3000 0.0094782885
2 17 3 5002 3000 0.0094782885
3 17 3 5003 3000 0.0094782885
4 17 3 5004 3000 0.0094782885
5 17 3 5005 3000 0.0094782885
6 17 3 5006 3000 0.0094782885
7 17 3 5007 3000 0.0094782885
8 17 3 5008 3000 0.0094782885
9 17 3 5009 3000 0.0094782885
10 17 3 5010 3000 0.0094782885
11 17 3 5011 3000 0.0094782885
12 17 3 5012 3000 0.0094782885
13 17 3 5013 3000 0.0094782885
14 17 3 5014 3000 0.0094782885
15 17 3 5015 3000 0.0094782885
0 17 3 5000 3000 0.0094782885
1 17 3 5001 3000 0.0094782885
2 17 3 5002 3000 0.0094782885
3 17 3 5003 3000 0.0094782885
4 17 3 5004 3000 0.0097833453
5 17 3 5005 3000 0.0097833453
6 17 3 5006 3000 0.0097833453
7 17 3 5007 3000 0.0097833453
8 17 3 5008 3000 0.0097833453
9 17 3 5009 3000 0.0097833453
10 17 3 5010 3000 0.0097833453
11 17 3 5011 3000 0.0097833453
12 17 3 5012 3000 0.0097833453
13 17 3 5013 3000 0.0097833453
14 17 3 5014 3000 0.0097833453
15 17 3 5015 3000 0.0097833453
0 17 3 5000 3000 0.0097833453
1 17 3 5001 3000 0.0097833453
2 17 3 5002 3000 0.0097833453
3 17 3 5003 3000 0.0097833453
4 17 3 5004 3000 0.0097833453
5 17 3 5005 3000 0.0097833453
6 17 3 5006 3000 0.0097833453
7 17 3 5007 3000 0.0097833453
8 17 3 5008 3000 0.0102279051
9 17 3 5009 3000 0.0102279051
10 17 3 5010 3000 0.0102279051
11 17 3 5011 3000 0.0102279051
12 17 3 5012 3000 0.0102279051
13 17 3 5013 3000 0.0102279051
14 17 3 5014 3000 0.0102279051
15 17 3 5015 3000 0.0102279051
0 17 3 5000 3000 0.0107006000
1 17 3 5001 3000 0.0107006000
2 17 3 5002 3000 0.0107006000
3 17 3 5003 3000 0.0107006000
4 17 3 5004 3000 0.0107006000
5 17 3 5005 3000 0.0107006000
6 17 3 5006 3000 0.0107006000
7 17 3 5007 3000 0.0107006000
8 17 3 5008 3000 0.0107006000
9 17 3 5009 3000 0.0107006000
10 17 3 5010 3000 0.0107006000
11 17 3 5011 3000 0.0107006000
12 17 3 5012 3000 0.0107006000
13 17 3 5013 3000 0.0107006000
14 17 3 5014 3000 0.0107006000
15 17 3 5015 3000 0.0107006000
0 17 3 5000 3000 0.0109483345
1 17 3 5001 3000 0.0109483345
2 17 3 5002 3000 0.0109483345
3 17 3 5003 3000 0.0109483345
4 17 3 5004 3000 0.0109483345
5 17 3 5005 3000 0.0109483345
6 17 3 5006 3000 0.0109483345
7 17 3 5007 3000 0.0109483345
8 17 3 5008 3000 0.0109483345
9 17 3 5009 3000 0.0109483345
10 17 3 5010 3000 0.0109483345
11 17 3 5011 3000 0.0109483345
12 17 3 5012 3000 0.0109483345
13 17 3 5013 3000 0.0109483345
14 17 3 5014 3000 0.0109483345
15 17 3 5015 3000 0.0109483345
0 17 3 5000 3000 0.0114144377
1 17 3 5001 3000 0.0114144377
2 17 3 5002 3000 0.0114144377
3 17 3 5003 3000 0.0114144377
4 17 3 5004 3000 0.0114144377
5 17 3 5005 3000 0.0114144377
6 17 3 5006 3000 0.0114144377
7 17 3 5007 3000 0.0114144377
8 17 3 5008 3000 0.0114144377
9 17 3 5009 3000 0.0114144377
10 17 3 5010 3000 0.0114144377
11 17 3 5011 3000 0.0114144377
12 17 3 5012 3000 0.0114144377
13 17 3 5013 3000 0.0114144377
14 17 3 5014 3000 0.0114144377
15 17 3 5015 3000 0.0114144377
0 17 3 5000 3000 0.0114144377
1 17 3 5001 3000 0.0114144377
2 17 3 5002 3000 0.0114144377
3 17 3 5003 3000 0.0114144377
4 17 3 5004 3000 0.0115296493
5 17 3 5005 3000 0.0115296493
6 17 3 5006 3000 0.0115296493
7 17 3 5007 3000 0.0115296493
8 17 3 5008 3000 0.0115296493
9 17 3 5009 3000 0.0115296493
10 17 3 5010 3000 0.0115296493
11 17 3 5011 3000 0.0115296493
12 17 3 5012 3000 0.0115296493
13 17 3 5013 3000 0.0115296493
14 17 3 5014 3000 0.0115296493
15 17 3 5015 3000 0.0115296493
0 17 3 5000 3000 0.0120175171
1 17 3 5001 3000 0.0120175171
2 17 3 5002 3000 0.0120175171
3 17 3 5003 3000 0.0120175171
4 17 3 5004 3000 0.0120175171
5 17 3 5005 3000 0.0120175171
6 17 3 5006 3000 0.0120175171
7 17 3 5007 3000 0.0120175171
8 17 3 5008 3000 0.0120175171
9 17 3 5009 3000 0.0120175171
10 17 3 5010 3000 0.0120175171
11 17 3 5011 3000 0.0120175171
12 17 3 5012 3000 0.0120175171
13 17 3 5013 3000 0.0120175171
14 17 3 5014 3000 0.0120175171
15 17 3 5015 3000 0.0120175171
0 17 3 5000 3000 0.0122311268
1 17 3 5001 3000 0.0122311268
2 17 3 5002 3000 0.0122311268
3 17 3 5003 3000 0.0122311268
4 17 3 5004 3000 0.0122311268
5 17 3 5005 3000 0.0122311268
6 17 3 5006 3000 0.0122311268
7 17 3 5007 3000 0.0122311268
8 17 3 5008 3000 0.0122311268
9 17 3 5009 3000 0.0122311268
10 17 3 5010 3000 0.0122311268
11 17 3 5011 3000 0.0122311268
12 17 3 5012 3000 0.0122311268
13 17 3 5013 3000 0.0122311268
14 17 3 5014 3000 0.0122311268
15 17 3 5015 3000 0.0122311268
0 17 3 5000 3000 0.0126311441
1 17 3 5001 3000 0.0126311441
2 17 3 5002 3000 0.0126311441
3 17 3 5003 3000 0.0126311441
4 17 3 5004 3000 0.0126311441
5 17 3 5005 3000 0.0126311441
6 17 3 5006 3000 0.0126311441
7 17 3 5007 3000 0.0126311441
8 17 3 5008 3000 0.0126311441
9 17 3 5009 3000 0.0126311441
10 17 3 5010 3000 0.0126311441
11 17 3 5011 3000 0.0126311441
12 17 3 5012 3000 0.0126311441
13 17 3 5013 3000 0.0126311441
14 17 3 5014 3000 0.0126311441
15 17 3 5015 3000 0.0126311441
0 17 3 5000 3000 0.0126311441
1 17 3 5001 3000 0.0126311441
2 17 3 5002 3000 0.0126311441
3 17 3 5003 3000 0.0126311441
4 17 3 5004 3000 0.0127586315
5 17 3 5005 3000 0.0127586315
6 17 3 5006 3000 0.0127586315
7 17 3 5007 3000 0.0127586315
8 17 3 5008 3000 0.0127586315
9 17 3 5009 3000 0.0127586315
10 17 3 5010 3000 0.0127586315
11 17 3 5011 3000 0.0127586315
12 17 3 5012 3000 0.0127586315
13 17 3 5013 3000 0.0127586315
14 17 3 5014 3000 0.0127586315
15 17 3 5015 3000 0.0127586315
0 17 3 5000 3000 0.0127586315
1 17 3 5001 3000 0.0127586315
2 17 3 5002 3000 0.0127586315
3 17 3 5003 3000 0.0127586315
4 17 3 5004 3000 0.0127586315
5 17 3 5005 3000 0.0127586315
6 17 3 5006 3000 0.0127586315
7 17 3 5007 3000 0.0127586315
8 17 3 5008 3000 0.0129978064
9 17 3 5009 3000 0.0129978064
10 17 3 5010 3000 0.0129978064
11 17 3 5011 3000 0.0129978064
12 17 3 5012 3000 0.0129978064
13 17 3 5013 3000 0.0129978064
14 17 3 5014 3000 0.0129978064
15 17 3 5015 3000 0.0129978064
0 17 3 5000 3000 0.0134512502
1 17 3 5001 3000 0.0134512502
2 17 3 5002 3000 0.0134512502
3 17 3 5003 3000 0.0134512502
4 17 3 5004 3000 0.0134512502
5 17 3 5005 3000 0.0134512502
6 17 3 5006 3000 0.0134512502
7 17 3 5007 3000 0.0134512502
8 17 3 5008 3000 0.0134512502
9 17 3 5009 3000 0.0134512502
10 17 3 5010 3000 0.0134512502
11 17 3 5011 3000 0.0134512502
12 17 3 5012 3000 0.0137523276
13 17 3 5013 3000 0.0137523276
14 17 3 5014 3000 0.0137523276
15 17 3 5015 3000 0.0137523276
0 17 3 5000 3000 0.0137523276
1 17 3 5001 3000 0.0137523276
2 17 3 5002 3000 0.0137523276
3 17 3 5003 3000 0.0137523276
4 17 3 5004 3000 0.0137523276
5 17 3 5005 3000 0.0137523276
6 17 3 5006 3000 0.0137523276
7 17 3 5007 3000 0.0137523276
8 17 3 5008 3000 0.0137523276
9 17 3 5009 3000 0.0137523276
10 17 3 5010 3000 0.0137523276
11 17 3 5011 3000 0.0137523276
12 17 3 5012 3000 0.0137523276
13 17 3 5013 3000 0.0137523276
14 17 3 5014 3000 0.0137523276
15 17 3 5015 3000 0.0137523276
0 17 3 5000 3000 0.0141203332
1 17 3 5001 3000 0.0141203332
2 17 3 5002 3000 0.0141203332
3 17 3 5003 3000 0.0141203332
4 17 3 5004 3000 0.0141203332
5 17 3 5005 3000 0.0141203332
6 17 3 5006 3000 0.0141203332
7 17 3 5007 3000 0.0141203332
8 17 3 5008 3000 0.0141203332
9 17 3 5009 3000 0.0141203332
10 17 3 5010 3000 0.0141203332
11 17 3 5011 3000 0.0141203332
12 17 3 5012 3000 0.0141203332
13 17 3 5013 3000 0.0141203332
14 17 3 5014 3000 0.0141203332
15 17 3 5015 3000 0.0141203332
0 17 3 5000 3000 0.0143401277
1 17 3 5001 3000 0.0143401277
2 17 3 5002 3000 0.0143401277
3 17 3 5003 3000 0.0143401277
4 17 3 5004 3000 0.0143401277
5 17 3 5005 3000 0.0143401277
6 17 3 5006 3000 0.0143401277
7 17 3 5007 3000 0.0143401277
8 17 3 5008 3000 0.0143401277
9 17 3 5009 3000 0.0143401277
10 17 3 5010 3000 0.0143401277
11 17 3 5011 3000 0.0143401277
12 17 3 5012 3000 0.0143401277
13 17 3 5013 3000 0.0143401277
14 17 3 5014 3000 0.0143401277
15 17 3 5015 3000 0.0143401277
0 17 3 5000 3000 0.0145962374
1 17 3 5001 3000 0.0145962374
2 17 3 5002 3000 0.0145962374
3 17 3 5003 3000 0.0145962374
4 17 3 5004 3000 0.0145962374
5 17 3 5005 3000 0.0145962374
6 17 3 5006 3000 0.0145962374
7 17 3 5007 3000 0.0145962374
8 17 3 5008 3000 0.0145962374
9 17 3 5009 3000 0.0145962374
10 17 3 5010 3000 0.0145962374
11 17 3 5011 3000 0.0145962374
12 17 3 5012 3000 0.0145962374
13 17 3 5013 3000 0.0145962374
14 17 3 5014 3000 0.0145962374
15 17 3 5015 3000 0.0145962374
0 17 3 5000 3000 0.0150327497
1 17 3 5001 3000 0.0150327497
2 17 3 5002 3000 0.0150327497
3 17 3 5003 3000 0.0150327497
4 17 3 5004 3000 0.0150327497
5 17 3 5005 3000 0.0150327497
6 17 3 5006 3000 0.0150327497
7 17 3 5007 3000 0.0150327497
8 17 3 5008 3000 0.0150327497
9 17 3 5009 3000 0.0150327497
10 17 3 5010 3000 0.0150327497
11 17 3 5011 3000 0.0150327497
12 17 3 5012 3000 0.0150327497
13 17 3 5013 3000 0.0150327497
14 17 3 5014 3000 0.0150327497
15 17 3 5015 3000 0.0150327497
0 17 3 5000 3000 0.0150327497
1 17 3 5001 3000 0.0150327497
2 17 3 5002 3000 0.0150327497
3 17 3 5003 3000 0.0150327497
4 17 3 5004 3000 0.0154848750
5 17 3 5005 3000 0.0154848750
6 17 3 5006 3000 0.0154848750
7 17 3 5007 3000 0.0154848750
8 17 3 5008 3000 0.0154848750
9 17 3 5009 3000 0.0154848750
10 17 3 5010 3000 0.0154848750
11 17 3 5011 3000 0.0154848750
12 17 3 5012 3000 0.0157562564
13 17 3 5013 3000 0.0157562564
14 17 3 5014 3000 0.0157562564
15 17 3 5015 3000 0.0157562564
0 17 3 5000 3000 0.0157562564
1 17 3 5001 3000 0.0157562564
2 17 3 5002 3000 0.0157562564
3 17 3 5003 3000 0.0157562564
4 17 3 5004 3000 0.0162021189
5 17 3 5005 3000 0.0162021189
6 17 3 5006 3000 0.0162021189
7 17 3 5007 3000 0.0162021189
8 17 3 5008 3000 0.0162021189
9 17 3 5009 3000 0.0162021189
10 17 3 5010 3000 0.0162021189
11 17 3 5011 3000 0.0162021189
12 17 3 5012 3000 0.0162021189
13 17 3 5013 3000 0.0162021189
14 17 3 5014 3000 0.0162021189
15 17 3 5015 3000 0.0162021189
0 17 3 5000 3000 0.0162021189
1 17 3 5001 3000 0.0162021189
2 17 3 5002 3000 0.0162021189
3 17 3 5003 3000 0.0162021189
4 17 3 5004 3000 0.0162021189
5 17 3 5005 3000 0.0162021189
6 17 3 5006 3000 0.0162021189
7 17 3 5007 3000 0.0162021189
8 17 3 5008 3000 0.0163946620
9 17 3 5009 3000 0.0163946620
10 17 3 5010 3000 0.0163946620
11 17 3 5011 3000 0.0163946620
12 17 3 5012 3000 0.0163946620
13 17 3 5013 3000 0.0163946620
14 17 3 5014 3000 0.0163946620
15 17 3 5015 3000 0.0163946620
0 17 3 5000 3000 0.0163946620
1 17 3 5001 3000 0.0163946620
2 17 3 5002 3000 0.0163946620
3 17 3 5003 3000 0.0163946620
4 17 3 5004 3000 0.0163946620
5 17 3 5005 3000 0.0163946620
6 17 3 5006 3000 0.0163946620
7 17 3 5007 3000 0.0163946620
8 17 3 5008 3000 0.0163946620
9 17 3 5009 3000 0.0163946620
10 17 3 5010 3000 0.0163946620
11 17 3 5011 3000 0.0163946620
12 17 3 5012 3000 0.0168654772
13 17 3 5013 3000 0.0168654772
14 17 3 5014 3000 0.0168654772
15 17 3 5015 3000 0.0168654772
0 17 3 5000 3000 0.0168654772
1 17 3 5001 3000 0.0168654772
2 17 3 5002 3000 0.0168654772
3 17 3 5003 3000 0.0168654772
4 17 3 5004 3000 0.0172694360
5 17 3 5005 3000 0.0172694360
6 17 3 5006 3000 0.0172694360
7 17 3 5007 3000 0.0172694360
8 17 3 5008 3000 0.0172694360
9 17 3 5009 3000 0.0172694360
10 17 3 5010 3000 0.0172694360
11 17 3 5011 3000 0.0172694360
12 17 3 5012 3000 0.0172694360
13 17 3 5013 3000 0.0172694360
14 17 3 5014 3000 0.0172694360
15 17 3 5015 3000 0.0172694360
0 17 3 5000 3000 0.0172694360
1 17 3 5001 3000 0.0172694360
2 17 3 5002 3000 0.0172694360
3 17 3 5003 3000 0.0172694360
4 17 3 5004 3000 0.0175472156
5 17 3 5005 3000 0.0175472156
6 17 3 5006 3000 0.0175472156
7 17 3 5007 3000 0.0175472156
8 17 3 5008 3000 0.0175472156
9 17 3 5009 3000 0.0175472156
10 17 3 5010 3000 0.0175472156
11 17 3 5011 3000 0.0175472156
12 17 3 5012 3000 0.0179433240
13 17 3 5013 3000 0.0179433240
14 17 3 5014 3000 0.0179433240
15 17 3 5015 3000 0.0179433240
0 17 3 5000 3000 0.0179433240
1 17 3 5001 3000 0.0179433240
2 17 3 5002 3000 0.0179433240
3 17 3 5003 3000 0.0179433240
4 17 3 5004 3000 0.0179433240
5 17 3 5005 3000 0.0179433240
6 17 3 5006 3000 0.0179433240
7 17 3 5007 3000 0.0179433240
8 17 3 5008 3000 0.0179433240
9 17 3 5009 3000 0.0179433240
10 17 3 5010 3000 0.0179433240
11 17 3 5011 3000 0.0179433240
12 17 3 5012 3000 0.0179433240
13 17 3 5013 3000 0.0179433240
14 17 3 5014 3000 0.0179433240
15 17 3 5015 3000 0.0179433240
0 17 3 5000 3000 0.0180744178
1 17 3 5001 3000 0.0180744178
2 17 3 5002 3000 0.0180744178
3 17 3 5003 3000 0.0180744178
4 17 3 5004 3000 0.0180744178
5 17 3 5005 3000 0.0180744178
6 17 3 5006 3000 0.0180744178
7 17 3 5007 3000 0.0180744178
8 17 3 5008 3000 0.0180744178
9 17 3 5009 3000 0.0180744178
10 17 3 5010 3000 0.0180744178
11 17 3 5011 3000 0.0180744178
12 17 3 5012 3000 0.0180744178
13 17 3 5013 3000 0.0180744178
14 17 3 5014 3000 0.0180744178
15 17 3 5015 3000 0.0180744178
0 17 3 5000 3000 0.0180744178
1 17 3 5001 3000 0.0180744178
2 17 3 5002 3000 0.0180744178
3 17 3 5003 3000 0.0180744178
4 17 3 5004 3000 0.0182755773
5 17 3 5005 3000 0.0182755773
6 17 3 5006 3000 0.0182755773
7 17 3 5007 3000 0.0182755773
8 17 3 5008 3000 0.0182755773
9 17 3 5009 3000 0.0182755773
10 17 3 5010 3000 0.0182755773
11 17 3 5011 3000 0.0182755773
12 17 3 5012 3000 0.0184317693
13 17 3 5013 3000 0.0184317693
14 17 3 5014 3000 0.0184317693
15 17 3 5015 3000 0.0184317693
0 17 3 5000 3000 0.0184317693
1 17 3 5001 3000 0.0184317693
2 17 3 5002 3000 0.0184317693
3 17 3 5003 3000 0.0184317693
4 17 3 5004 3000 0.0188886135
5 17 3 5005 3000 0.0188886135
6 17 3 5006 3000 0.0188886135
7 17 3 5007 3000 0.0188886135
8 17 3 5008 3000 0.0188886135
9 17 3 5009 3000 0.0188886135
10 17 3 5010 3000 0.0188886135
11 17 3 5011 3000 0.0188886135
12 17 3 5012 3000 0.0188886135
13 17 3 5013 3000 0.0188886135
14 17 3 5014 3000 0.0188886135
15 17 3 5015 3000 0.0188886135
0 17 3 5000 3000 0.0188886135
1 17 3 5001 3000 0.0188886135
2 17 3 5002 3000 0.0188886135
3 17 3 5003 3000 0.0188886135
4 17 3 5004 3000 0.0188886135
5 17 3 5005 3000 0.0188886135
6 17 3 5006 3000 0.0188886135
7 17 3 5007 3000 0.0188886135
8 17 3 5008 3000 0.0189960513
9 17 3 5009 3000 0.0189960513
10 17 3 5010 3000 0.0189960513
11 17 3 5011 3000 0.0189960513
12 17 3 5012 3000 0.0189960513
13 17 3 5013 3000 0.0189960513
14 17 3 5014 3000 0.0189960513
15 17 3 5015 3000 0.0189960513
0 17 3 5000 3000 0.0189960513
1 17 3 5001 3000 0.0189960513
2 17 3 5002 3000 0.0189960513
3 17 3 5003 3000 0.0189960513
4 17 3 5004 3000 0.0191847882
5 17 3 5005 3000 0.0191847882
6 17 3 5006 3000 0.0191847882
7 17 3 5007 3000 0.0191847882
8 17 3 5008 3000 0.0191847882
9 17 3 5009 3000 0.0191847882
10 17 3 5010 3000 0.0191847882
11 17 3 5011 3000 0.0191847882
12 17 3 5012 3000 0.0195943882
13 17 3 5013 3000 0.0195943882
14 17 3 5014 3000 0.0195943882
15 17 3 5015 3000 0.0195943882
0 17 3 5000 3000 0.0195943882
1 17 3 5001 3000 0.0195943882
2 17 3 5002 3000 0.0195943882
3 17 3 5003 3000 0.0195943882
4 17 3 5004 3000 0.0199064645
5 17 3 5005 3000 0.0199064645
6 17 3 5006 3000 0.0199064645
7 17 3 5007 3000 0.0199064645
8 17 3 5008 3000 0.0199064645
9 17 3 5009 3000 0.0199064645
10 17 3 5010 3000 0.0199064645
11 17 3 5011 3000 0.0199064645
12 17 3 5012 3000 0.0200803145
13 17 3 5013 3000 0.0200803145
14 17 3 5014 3000 0.0200803145
15 17 3 5015 3000 0.0200803145
0 17 3 5000 3000 0.0200803145
1 17 3 5001 3000 0.0200803145
2 17 3 5002 3000 0.0200803145
3 17 3 5003 3000 0.0200803145
4 17 3 5004 3000 0.0201976761
5 17 3 5005 3000 0.0201976761
6 17 3 5006 3000 0.0201976761
7 17 3 5007 3000 0.0201976761
8 17 3 5008 3000 0.0201976761
9 17 3 5009 3000 0.0201976761
10 17 3 5010 3000 0.0201976761
11 17 3 5011 3000 0.0201976761
12 17 3 5012 3000 0.0201976761
13 17 3 5013 3000 0.0201976761
14 17 3 5014 3000 0.0201976761
15 17 3 5015 3000 0.0201976761
0 17 3 5000 3000 0.0204342163
1 17 3 5001 3000 0.0204342163
2 17 3 5002 3000 0.0204342163
3 17 3 5003 3000 0.0204342163
4 17 3 5004 3000 0.0204342163
5 17 3 5005 3000 0.0204342163
6 17 3 5006 3000 0.0204342163
7 17 3 5007 3000 0.0204342163
8 17 3 5008 3000 0.0204342163
9 17 3 5009 3000 0.0204342163
10 17 3 5010 3000 0.0204342163
11 17 3 5011 3000 0.0204342163
12 17 3 5012 3000 0.0209157276
13 17 3 5013 3000 0.0209157276
14 17 3 5014 3000 0.0209157276
15 17 3 5015 3000 0.0209157276
0 17 3 5000 3000 0.0209157276
1 17 3 5001 3000 0.0209157276
2 17 3 5002 3000 0.0209157276
3 17 3 5003 3000 0.0209157276
4 17 3 5004 3000 0.0209157276
5 17 3 5005 3000 0.0209157276
6 17 3 5006 3000 0.0209157276
7 17 3 5007 3000 0.0209157276
8 17 3 5008 3000 0.0209157276
9 17 3 5009 3000 0.0209157276
10 17 3 5010 3000 0.0209157276
11 17 3 5011 3000 0.0209157276
12 17 3 5012 3000 0.0209157276
13 17 3 5013 3000 0.0209157276
14 17 3 5014 3000 0.0209157276
15 17 3 5015 3000 0.0209157276
0 17 3 5000 3000 0.0210643258
1 17 3 5001 3000 0.0210643258
2 17 3 5002 3000 0.0210643258
3 17 3 5003 3000 0.0210643258
4 17 3 5004 3000 0.0210643258
5 17 3 5005 3000 0.0210643258
6 17 3 5006 3000 0.0210643258
7 17 3 5007 3000 0.0210643258
8 17 3 5008 3000 0.0210643258
9 17 3 5009 3000 0.0210643258
10 17 3 5010 3000 0.0210643258
11 17 3 5011 3000 0.0210643258
12 17 3 5012 3000 0.0210643258
13 17 3 5013 3000 0.0210643258
14 17 3 5014 3000 0.0210643258
15 17 3 5015 3000 0.0210643258
0 17 3 5000 3000 0.0214140272
1 17 3 5001 3000 0.0214140272
2 17 3 5002 3000 0.0214140272
3 17 3 5003 3000 0.0214140272
4 17 3 5004 3000 0.0214140272
5 17 3 5005 3000 0.0214140272
6 17 3 5006 3000 0.0214140272
7 17 3 5007 3000 0.0214140272
8 17 3 5008 3000 0.0217791142
9 17 3 5009 3000 0.0217791142
10 17 3 5010 3000 0.0217791142
11 17 3 5011 3000 0.0217791142
12 17 3 5012 3000 0.0217791142
13 17 3 5013 3000 0.0217791142
14 17 3 5014 3000 0.0217791142
15 17 3 5015 3000 0.0217791142
0 17 3 5000 3000 0.0217791142
1 17 3 5001 3000 0.0217791142
2 17 3 5002 3000 0.0217791142
3 17 3 5003 3000 0.0217791142
4 17 3 5004 3000 0.0218865090
5 17 3 5005 3000 0.0218865090
6 17 3 5006 3000 0.0218865090
7 17 3 5007 3000 0.0218865090
8 17 3 5008 3000 0.0218865090
9 17 3 5009 3000 0.0218865090
10 17 3 5010 3000 0.0218865090
11 17 3 5011 3000 0.0218865090
12 17 3 5012 3000 0.0218865090
13 17 3 5013 3000 0.0218865090
14 17 3 5014 3000 0.0218865090
15 17 3 5015 3000 0.0218865090
0 17 3 5000 3000 0.0222893111
1 17 3 5001 3000 0.0222893111
2 17 3 5002 3000 0.0222893111
3 17 3 5003 3000 0.0222893111
4 17 3 5004 3000 0.0222893111
5 17 3 5005 3000 0.0222893111
6 17 3 5006 3000 0.0222893111
7 17 3 5007 3000 0.0222893111
8 17 3 5008 3000 0.0222893111
9 17 3 5009 3000 0.0222893111
10 17 3 5010 3000 0.0222893111
11 17 3 5011 3000 0.0222893111
12 17 3 5012 3000 0.0222893111
13 17 3 5013 3000 0.0222893111
14 17 3 5014 3000 0.0222893111
15 17 3 5015 3000 0.0222893111
0 17 3 5000 3000 0.0222893111
1 17 3 5001 3000 0.0222893111
2 17 3 5002 3000 0.0222893111
3 17 3 5003 3000 0.0222893111
4 17 3 5004 3000 0.0225205636
5 17 3 5005 3000 0.0225205636
6 17 3 5006 3000 0.0225205636
7 17 3 5007 3000 0.0225205636
8 17 3 5008 3000 0.0225205636
9 17 3 5009 3000 0.0225205636
10 17 3 5010 3000 0.0225205636
11 17 3 5011 3000 0.0225205636
12 17 3 5012 3000 0.0225205636
13 17 3 5013 3000 0.0225205636
14 17 3 5014 3000 0.0225205636
15 17 3 5015 3000 0.0225205636
0 17 3 5000 3000 0.0225205636
1 17 3 5001 3000 0.0225205636
2 17 3 5002 3000 0.0225205636
3 17 3 5003 3000 0.0225205636
4 17 3 5004 3000 0.0225205636
5 17 3 5005 3000 0.0225205636
6 17 3 5006 3000 0.0225205636
7 17 3 5007 3000 0.0225205636
8 17 3 5008 3000 0.0228821575
9 17 3 5009 3000 0.0228821575
10 17 3 5010 3000 0.0228821575
11 17 3 5011 3000 0.0228821575
12 17 3 5012 3000 0.0228821575
13 17 3 5013 3000 0.0228821575
14 17 3 5014 3000 0.0228821575
15 17 3 5015 3000 0.0228821575
0 17 3 5000 3000 0.0228821575
1 17 3 5001 3000 0.0228821575
2 17 3 5002 3000 0.0228821575
3 17 3 5003 3000 0.0228821575
4 17 3 5004 3000 0.0228821575
5 17 3 5005 3000 0.0228821575
6 17 3 5006 3000 0.0228821575
7 17 3 5007 3000 0.0228821575
8 17 3 5008 3000 0.0232348388
9 17 3 5009 3000 0.0232348388
10 17 3 5010 3000 0.0232348388
11 17 3 5011 3000 0.0232348388
12 17 3 5012 3000 0.0232348388
13 17 3 5013 3000 0.0232348388
14 17 3 5014 3000 0.0232348388
15 17 3 5015 3000 0.0232348388
0 17 3 5000 3000 0.0234473405
1 17 3 5001 3000 0.0234473405
2 17 3 5002 3000 0.0234473405
3 17 3 5003 3000 0.0234473405
4 17 3 5004 3000 0.0234473405
5 17 3 5005 3000 0.0234473405
6 17 3 5006 3000 0.0234473405
7 17 3 5007 3000 0.0234473405
8 17 3 5008 3000 0.0236069669
9 17 3 5009 3000 0.0236069669
10 17 3 5010 3000 0.0236069669
11 17 3 5011 3000 0.0236069669
12 17 3 5012 3000 0.0236069669
13 17 3 5013 3000 0.0236069669
14 17 3 5014 3000 0.0236069669
15 17 3 5015 3000 0.0236069669
0 17 3 5000 3000 0.0236069669
1 17 3 5001 3000 0.0236069669
2 17 3 5002 3000 0.0236069669
3 17 3 5003 3000 0.0236069669
4 17 3 5004 3000 0.0238850173
5 17 3 5005 3000 0.0238850173
6 17 3 5006 3000 0.0238850173
7 17 3 5007 3000 0.0238850173
8 17 3 5008 3000 0.0238850173
9 17 3 5009 3000 0.0238850173
10 17 3 5010 3000 0.0238850173
11 17 3 5011 3000 0.0238850173
12 17 3 5012 3000 0.0238850173
13 17 3 5013 3000 0.0238850173
14 17 3 5014 3000 0.0238850173
15 17 3 5015 3000 0.0238850173
0 17 3 5000 3000 0.0238850173
1 17 3 5001 3000 0.0238850173
2 17 3 5002 3000 0.0238850173
3 17 3 5003 3000 0.0238850173
4 17 3 5004 3000 0.0240079172
5 17 3 5005 3000 0.0240079172
6 17 3 5006 3000 0.0240079172
7 17 3 5007 3000 0.0240079172
8 17 3 5008 3000 0.0240079172
9 17 3 5009 3000 0.0240079172
10 17 3 5010 3000 0.0240079172
11 17 3 5011 3000 0.0240079172
12 17 3 5012 3000 0.0240079172
13 17 3 5013 3000 0.0240079172
14 17 3 5014 3000 0.0240079172
15 17 3 5015 3000 0.0240079172
0 17 3 5000 3000 0.0240079172
1 17 3 5001 3000 0.0240079172
2 17 3 5002 3000 0.0240079172
3 17 3 5003 3000 0.0240079172
4 17 3 5004 3000 0.0240079172
5 17 3 5005 3000 0.0240079172
6 17 3 5006 3000 0.0240079172
7 17 3 5007 3000 0.0240079172
8 17 3 5008 3000 0.0242595712
9 17 3 5009 3000 0.0242595712
10 17 3 5010 3000 0.0242595712
11 17 3 5011 3000 0.0242595712
12 17 3 5012 3000 0.0242595712
13 17 3 5013 3000 0.0242595712
14 17 3 5014 3000 0.0242595712
15 17 3 5015 3000 0.0242595712
0 17 3 5000 3000 0.0242595712
1 17 3 5001 3000 0.0242595712
2 17 3 5002 3000 0.0242595712
3 17 3 5003 3000 0.0242595712
4 17 3 5004 3000 0.0242595712
5 17 3 5005 3000 0.0242595712
6 17 3 5006 3000 0.0242595712
7 17 3 5007 3000 0.0242595712
8 17 3 5008 3000 0.0244326249
9 17 3 5009 3000 0.0244326249
10 17 3 5010 3000 0.0244326249
11 17 3 5011 3000 0.0244326249
12 17 3 5012 3000 0.0244326249
13 17 3 5013 3000 0.0244326249
14 17 3 5014 3000 0.0244326249
15 17 3 5015 3000 0.0244326249
0 17 3 5000 3000 0.0244326249
1 17 3 5001 3000 0.0244326249
2 17 3 5002 3000 0.0244326249
3 17 3 5003 3000 0.0244326249
4 17 3 5004 3000 0.0244326249
5 17 3 5005 3000 0.0244326249
6 17 3 5006 3000 0.0244326249
7 17 3 5007 3000 0.0244326249
8 17 3 5008 3000 0.0245605011
9 17 3 5009 3000 0.0245605011
10 17 3 5010 3000 0.0245605011
11 17 3 5011 3000 0.0245605011
12 17 3 5012 3000 0.0245605011
13 17 3 5013 3000 0.0245605011
14 17 3 5014 3000 0.0245605011
15 17 3 5015 3000 0.0245605011
0 17 3 5000 3000 0.0245605011
1 17 3 5001 3000 0.0245605011
2 17 3 5002 3000 0.0245605011
3 17 3 5003 3000 0.0245605011
4 17 3 5004 3000 0.0248936830
5 17 3 5005 3000 0.0248936830
6 17 3 5006 3000 0.0248936830
7 17 3 5007 3000 0.0248936830
8 17 3 5008 3000 0.0248936830
9 17 3 5009 3000 0.0248936830
10 17 3 5010 3000 0.0248936830
11 17 3 5011 3000 0.0248936830
12 17 3 5012 3000 0.0250990425
13 17 3 5013 3000 0.0250990425
14 17 3 5014 3000 0.0250990425
15 17 3 5015 3000 0.0250990425
0 17 3 5000 3000 0.0250990425
1 17 3 5001 3000 0.0250990425
2 17 3 5002 3000 0.0250990425
3 17 3 5003 3000 0.0250990425
4 17 3 5004 3000 0.0252898662
5 17 3 5005 3000 0.0252898662
6 17 3 5006 3000 0.0252898662
7 17 3 5007 3000 0.0252898662
8 17 3 5008 3000 0.0252898662
9 17 3 5009 3000 0.0252898662
10 17 3 5010 3000 0.0252898662
11 17 3 5011 3000 0.0252898662
12 17 3 5012 3000 0.0257338295
13 17 3 5013 3000 0.0257338295
14 17 3 5014 3000 0.0257338295
15 17 3 5015 3000 0.0257338295
0 17 3 5000 3000 0.0257338295
1 17 3 5001 3000 0.0257338295
2 17 3 5002 3000 0.0257338295
3 17 3 5003 3000 0.0257338295
4 17 3 5004 3000 0.0260631131
5 17 3 5005 3000 0.0260631131
6 17 3 5006 3000 0.0260631131
7 17 3 5007 3000 0.0260631131
8 17 3 5008 3000 0.0260631131
9 17 3 5009 3000 0.0260631131
10 17 3 5010 3000 0.0260631131
11 17 3 5011 3000 0.0260631131
12 17 3 5012 3000 0.0260631131
13 17 3 5013 3000 0.0260631131
14 17 3 5014 3000 0.0260631131
15 17 3 5015 3000 0.0260631131
0 17 3 5000 3000 0.0265289635
1 17 3 5001 3000 0.0265289635
2 17 3 5002 3000 0.0265289635
3 17 3 5003 3000 0.0265289635
4 17 3 5004 3000 0.0265289635
5 17 3 5005 3000 0.0265289635
6 17 3 5006 3000 0.0265289635
7 17 3 5007 3000 0.0265289635
8 17 3 5008 3000 0.0265289635
9 17 3 5009 3000 0.0265289635
10 17 3 5010 3000 0.0265289635
11 17 3 5011 3000 0.0265289635
12 17 3 5012 3000 0.0269287507
13 17 3 5013 3000 0.0269287507
14 17 3 5014 3000 0.0269287507
15 17 3 5015 3000 0.0269287507
0 17 3 5000 3000 0.0269287507
1 17 3 5001 3000 0.0269287507
2 17 3 5002 3000 0.0269287507
3 17 3 5003 3000 0.0269287507
4 17 3 5004 3000 0.0269287507
5 17 3 5005 3000 0.0269287507
6 17 3 5006 3000 0.0269287507
7 17 3 5007 3000 0.0269287507
8 17 3 5008 3000 0.0269287507
9 17 3 5009 3000 0.0269287507
10 17 3 5010 3000 0.0269287507
11 17 3 5011 3000 0.0269287507
12 17 3 5012 3000 0.0273639764
13 17 3 5013 3000 0.0273639764
14 17 3 5014 3000 0.0273639764
15 17 3 5015 3000 0.0273639764
0 17 3 5000 3000 0.0273639764
1 17 3 5001 3000 0.0273639764
2 17 3 5002 3000 0.0273639764
3 17 3 5003 3000 0.0273639764
4 17 3 5004 3000 0.0273639764
5 17 3 5005 3000 0.0273639764
6 17 3 5006 3000 0.0273639764
7 17 3 5007 3000 0.0273639764
8 17 3 5008 3000 0.0273639764
9 17 3 5009 3000 0.0273639764
10 17 3 5010 3000 0.0273639764
11 17 3 5011 3000 0.0273639764
12 17 3 5012 3000 0.0273639764
13 17 3 5013 3000 0.0273639764
14 17 3 5014 3000 0.0273639764
15 17 3 5015 3000 0.0273639764
0 17 3 5000 3000 0.0277886583
1 17 3 5001 3000 0.0277886583
2 17 3 5002 3000 0.0277886583
3 17 3 5003 3000 0.0277886583
4 17 3 5004 3000 0.0277886583
5 17 3 5005 3000 0.0277886583
6 17 3 5006 3000 0.0277886583
7 17 3 5007 3000 0.0277886583
8 17 3 5008 3000 0.0277886583
9 17 3 5009 3000 0.0277886583
10 17 3 5010 3000 0.0277886583
11 17 3 5011 3000 0.0277886583
12 17 3 5012 3000 0.0277886583
13 17 3 5013 3000 0.0277886583
14 17 3 5014 3000 0.0277886583
15 17 3 5015 3000 0.0277886583
0 17 3 5000 3000 0.0280220505
1 17 3 5001 3000 0.0280220505
2 17 3 5002 3000 0.0280220505
3 17 3 5003 3000 0.0280220505
4 17 3 5004 3000 0.0280220505
5 17 3 5005 3000 0.0280220505
6 17 3 5006 3000 0.0280220505
7 17 3 5007 3000 0.0280220505
8 17 3 5008 3000 0.0280220505
9 17 3 5009 3000 0.0280220505
10 17 3 5010 3000 0.0280220505
11 17 3 5011 3000 0.0280220505
12 17 3 5012 3000 0.0280220505
13 17 3 5013 3000 0.0280220505
14 17 3 5014 3000 0.0280220505
15 17 3 5015 3000 0.0280220505
0 17 3 5000 3000 0.0282463375
1 17 3 5001 3000 0.0282463375
2 17 3 5002 3000 0.0282463375
3 17 3 5003 3000 0.0282463375
4 17 3 5004 3000 0.0282463375
5 17 3 5005 3000 0.0282463375
6 17 3 5006 3000 0.0282463375
7 17 3 5007 3000 0.0282463375
8 17 3 5008 3000 0.0282463375
9 17 3 5009 3000 0.0282463375
10 17 3 5010 3000 0.0282463375
11 17 3 5011 3000 0.0282463375
12 17 3 5012 3000 0.0282463375
13 17 3 5013 3000 0.0282463375
14 17 3 5014 3000 0.0282463375
15 17 3 5015 3000 0.0282463375
0 17 3 5000 3000 0.0283591044
1 17 3 5001 3000 0.0283591044
2 17 3 5002 3000 0.0283591044
3 17 3 5003 3000 0.0283591044
4 17 3 5004 3000 0.0283591044
5 17 3 5005 3000 0.0283591044
6 17 3 5006 3000 0.0283591044
7 17 3 5007 3000 0.0283591044
8 17 3 5008 3000 0.0283591044
9 17 3 5009 3000 0.0283591044
10 17 3 5010 3000 0.0283591044
11 17 3 5011 3000 0.0283591044
12 17 3 5012 3000 0.0283591044
13 17 3 5013 3000 0.0283591044
14 17 3 5014 3000 0.0283591044
15 17 3 5015 3000 0.0283591044
0 17 3 5000 3000 0.0283591044
1 17 3 5001 3000 0.0283591044
2 17 3 5002 3000 0.0283591044
3 17 3 5003 3000 0.0283591044
4 17 3 5004 3000 0.0287509894
5 17 3 5005 3000 0.0287509894
6 17 3 5006 3000 0.0287509894
7 17 3 5007 3000 0.0287509894
8 17 3 5008 3000 0.0287509894
9 17 3 5009 3000 0.0287509894
10 17 3 5010 3000 0.0287509894
11 17 3 5011 3000 0.0287509894
12 17 3 5012 3000 0.0287509894
13 17 3 5013 3000 0.0287509894
14 17 3 5014 3000 0.0287509894
15 17 3 5015 3000 0.0287509894
0 17 3 5000 3000 0.0287509894
1 17 3 5001 3000 0.0287509894
2 17 3 5002 3000 0.0287509894
3 17 3 5003 3000 0.0287509894
4 17 3 5004 3000 0.0287509894
5 17 3 5005 3000 0.0287509894
6 17 3 5006 3000 0.0287509894
7 17 3 5007 3000 0.0287509894
8 17 3 5008 3000 0.0290473446
9 17 3 5009 3000 0.0290473446
10 17 3 5010 3000 0.0290473446
11 17 3 5011 3000 0.0290473446
12 17 3 5012 3000 0.0290473446
13 17 3 5013 3000 0.0290473446
14 17 3 5014 3000 0.0290473446
15 17 3 5015 3000 0.0290473446
0 17 3 5000 3000 0.0295441465
1 17 3 5001 3000 0.0295441465
2 17 3 5002 3000 0.0295441465
3 17 3 5003 3000 0.0295441465
4 17 3 5004 3000 0.0295441465
5 17 3 5005 3000 0.0295441465
6 17 3 5006 3000 0.0295441465
7 17 3 5007 3000 0.0295441465
8 17 3 5008 3000 0.0295441465
9 17 3 5009 3000 0.0295441465
10 17 3 5010 3000 0.0295441465
11 17 3 5011 3000 0.0295441465
12 17 3 5012 3000 0.0295441465
13 17 3 5013 3000 0.0295441465
14 17 3 5014 3000 0.0295441465
15 17 3 5015 3000 0.0295441465
0 17 3 5000 3000 0.0295441465
1 17 3 5001 3000 0.0295441465
2 17 3 5002 3000 0.0295441465
3 17 3 5003 3000 0.0295441465
4 17 3 5004 3000 0.0298966909
5 17 3 5005 3000 0.0298966909
6 17 3 5006 3000 0.0298966909
7 17 3 5007 3000 0.0298966909
8 17 3 5008 3000 0.0298966909
9 17 3 5009 3000 0.0298966909
10 17 3 5010 3000 0.0298966909
11 17 3 5011 3000 0.0298966909
12 17 3 5012 3000 0.0298966909
13 17 3 5013 3000 0.0298966909
14 17 3 5014 3000 0.0298966909
15 17 3 5015 3000 0.0298966909
0 17 3 5000 3000 0.0300506601
1 17 3 5001 3000 0.0300506601
2 17 3 5002 3000 0.0300506601
3 17 3 5003 3000 0.0300506601
4 17 3 5004 3000 0.0300506601
5 17 3 5005 3000 0.0300506601
6 17 3 5006 3000 0.0300506601
7 17 3 5007 3000 0.0300506601
8 17 3 5008 3000 0.0300506601
9 17 3 5009 3000 0.0300506601
10 17 3 5010 3000 0.0300506601
11 17 3 5011 3000 0.0300506601
12 17 3 5012 3000 0.0302523997
13 17 3 5013 3000 0.0302523997
14 17 3 5014 3000 0.0302523997
15 17 3 5015 3000 0.0302523997
0 17 3 5000 3000 0.0302523997
1 17 3 5001 3000 0.0302523997
2 17 3 5002 3000 0.0302523997
3 17 3 5003 3000 0.0302523997
4 17 3 5004 3000 0.0302523997
5 17 3 5005 3000 0.0302523997
6 17 3 5006 3000 0.0302523997
7 17 3 5007 3000 0.0302523997
8 17 3 5008 3000 0.0305180104
9 17 3 5009 3000 0.0305180104
10 17 3 5010 3000 0.0305180104
11 17 3 5011 3000 0.0305180104
12 17 3 5012 3000 0.0305180104
13 17 3 5013 3000 0.0305180104
14 17 3 5014 3000 0.0305180104
15 17 3 5015 3000 0.0305180104
0 17 3 5000 3000 0.0305180104
1 17 3 5001 3000 0.0305180104
2 17 3 5002 3000 0.0305180104
3 17 3 5003 3000 0.0305180104
4 17 3 5004 3000 0.0307630163
5 17 3 5005 3000 0.0307630163
6 17 3 5006 3000 0.0307630163
7 17 3 5007 3000 0.0307630163
8 17 3 5008 3000 0.0307630163
9 17 3 5009 3000 0.0307630163
10 17 3 5010 3000 0.0307630163
11 17 3 5011 3000 0.0307630163
12 17 3 5012 3000 0.0311198256
13 17 3 5013 3000 0.0311198256
14 17 3 5014 3000 0.0311198256
15 17 3 5015 3000 0.0311198256
0 17 3 5000 3000 0.0311198256
1 17 3 5001 3000 0.0311198256
2 17 3 5002 3000 0.0311198256
3 17 3 5003 3000 0.0311198256
4 17 3 5004 3000 0.0311198256
5 17 3 5005 3000 0.0311198256
6 17 3 5006 3000 0.0311198256
7 17 3 5007 3000 0.0311198256
8 17 3 5008 3000 0.0311198256
9 17 3 5009 3000 0.0311198256
10 17 3 5010 3000 0.0311198256
11 17 3 5011 3000 0.0311198256
12 17 3 5012 3000 0.0314340289
13 17 3 5013 3000 0.0314340289
14 17 3 5014 3000 0.0314340289
15 17 3 5015 3000 0.0314340289
0 17 3 5000 3000 0.0314340289
1 17 3 5001 3000 0.0314340289
2 17 3 5002 3000 0.0314340289
3 17 3 5003 3000 0.0314340289
4 17 3 5004 3000 0.0314340289
5 17 3 5005 3000 0.0314340289
6 17 3 5006 3000 0.0314340289
7 17 3 5007 3000 0.0314340289
8 17 3 5008 3000 0.0318561582
9 17 3 5009 3000 0.0318561582
10 17 3 5010 3000 0.0318561582
11 17 3 5011 3000 0.0318561582
12 17 3 5012 3000 0.0318561582
13 17 3 5013 3000 0.0318561582
14 17 3 5014 3000 0.0318561582
15 17 3 5015 3000 0.0318561582
0 17 3 5000 3000 0.0318561582
1 17 3 5001 3000 0.0318561582
2 17 3 5002 3000 0.0318561582
3 17 3 5003 3000 0.0318561582
4 17 3 5004 3000 0.0318561582
5 17 3 5005 3000 0.0318561582
6 17 3 5006 3000 0.0318561582
7 17 3 5007 3000 0.0318561582
8 17 3 5008 3000 0.0321104261
9 17 3 5009 3000 0.0321104261
10 17 3 5010 3000 0.0321104261
11 17 3 5011 3000 0.0321104261
12 17 3 5012 3000 0.0321104261
13 17 3 5013 3000 0.0321104261
14 17 3 5014 3000 0.0321104261
15 17 3 5015 3000 0.0321104261
0 17 3 5000 3000 0.0321104261
1 17 3 5001 3000 0.0321104261
2 17 3 5002 3000 0.0321104261
3 17 3 5003 3000 0.0321104261
4 17 3 5004 3000 0.0321104261
5 17 3 5005 3000 0.0321104261
6 17 3 5006 3000 0.0321104261
7 17 3 5007 3000 0.0321104261
8 17 3 5008 3000 0.0324290966
9 17 3 5009 3000 0.0324290966
10 17 3 5010 3000 0.0324290966
11 17 3 5011 3000 0.0324290966
12 17 3 5012 3000 0.0324290966
13 17 3 5013 3000 0.0324290966
14 17 3 5014 3000 0.0324290966
15 17 3 5015 3000 0.0324290966
0 17 3 5000 3000 0.0326304629
1 17 3 5001 3000 0.0326304629
2 17 3 5002 3000 0.0326304629
3 17 3 5003 3000 0.0326304629
4 17 3 5004 3000 0.0326304629
5 17 3 5005 3000 0.0326304629
6 17 3 5006 3000 0.0326304629
7 17 3 5007 3000 0.0326304629
8 17 3 5008 3000 0.0326304629
9 17 3 5009 3000 0.0326304629
10 17 3 5010 3000 0.0326304629
11 17 3 5011 3000 0.0326304629
12 17 3 5012 3000 0.0326304629
13 17 3 5013 3000 0.0326304629
14 17 3 5014 3000 0.0326304629
15 17 3 5015 3000 0.0326304629
0 17 3 5000 3000 0.0327619110
1 17 3 5001 3000 0.0327619110
2 17 3 5002 3000 0.0327619110
3 17 3 5003 3000 0.0327619110
4 17 3 5004 3000 0.0327619110
5 17 3 5005 3000 0.0327619110
6 17 3 5006 3000 0.0327619110
7 17 3 5007 3000 0.0327619110
8 17 3 5008 3000 0.0327619110
9 17 3 5009 3000 0.0327619110
10 17 3 5010 3000 0.0327619110
11 17 3 5011 3000 0.0327619110
12 17 3 5012 3000 0.0327619110
13 17 3 5013 3000 0.0327619110
14 17 3 5014 3000 0.0327619110
15 17 3 5015 3000 0.0327619110
0 17 3 5000 3000 0.0327619110
1 17 3 5001 3000 0.0327619110
2 17 3 5002 3000 0.0327619110
3 17 3 5003 3000 0.0327619110
4 17 3 5004 3000 0.0331216419
5 17 3 5005 3000 0.0331216419
6 17 3 5006 3000 0.0331216419
7 17 3 5007 3000 0.0331216419
8 17 3 5008 3000 0.0331216419
9 17 3 5009 3000 0.0331216419
10 17 3 5010 3000 0.0331216419
11 17 3 5011 3000 0.0331216419
12 17 3 5012 3000 0.0331216419
13 17 3 5013 3000 0.0331216419
14 17 3 5014 3000 0.0331216419
15 17 3 5015 3000 0.0331216419
0 17 3 5000 3000 0.0331216419
1 17 3 5001 3000 0.0331216419
2 17 3 5002 3000 0.0331216419
3 17 3 5003 3000 0.0331216419
4 17 3 5004 3000 0.0335821308
5 17 3 5005 3000 0.0335821308
6 17 3 5006 3000 0.0335821308
7 17 3 5007 3000 0.0335821308
8 17 3 5008 3000 0.0335821308
9 17 3 5009 3000 0.0335821308
10 17 3 5010 3000 0.0335821308
11 17 3 5011 3000 0.0335821308
12 17 3 5012 3000 0.0339712179
13 17 3 5013 3000 0.0339712179
14 17 3 5014 3000 0.0339712179
15 17 3 5015 3000 0.0339712179
0 17 3 5000 3000 0.0339712179
1 17 3 5001 3000 0.0339712179
2 17 3 5002 3000 0.0339712179
3 17 3 5003 3000 0.0339712179
4 17 3 5004 3000 0.0343689462
5 17 3 5005 3000 0.0343689462
6 17 3 5006 3000 0.0343689462
7 17 3 5007 3000 0.0343689462
8 17 3 5008 3000 0.0343689462
9 17 3 5009 3000 0.0343689462
10 17 3 5010 3000 0.0343689462
11 17 3 5011 3000 0.0343689462
12 17 3 5012 3000 0.0343689462
13 17 3 5013 3000 0.0343689462
14 17 3 5014 3000 0.0343689462
15 17 3 5015 3000 0.0343689462
0 17 3 5000 3000 0.0343689462
1 17 3 5001 3000 0.0343689462
2 17 3 5002 3000 0.0343689462
3 17 3 5003 3000 0.0343689462
4 17 3 5004 3000 0.0345228722
5 17 3 5005 3000 0.0345228722
6 17 3 5006 3000 0.0345228722
7 17 3 5007 3000 0.0345228722
8 17 3 5008 3000 0.0345228722
9 17 3 5009 3000 0.0345228722
10 17 3 5010 3000 0.0345228722
11 17 3 5011 3000 0.0345228722
12 17 3 5012 3000 0.0345228722
13 17 3 5013 3000 0.0345228722
14 17 3 5014 3000 0.0345228722
15 17 3 5015 3000 0.0345228722
0 17 3 5000 3000 0.0345228722
1 17 3 5001 3000 0.0345228722
2 17 3 5002 3000 0.0345228722
3 17 3 5003 3000 0.0345228722
4 17 3 5004 3000 0.0347728336
5 17 3 5005 3000 0.0347728336
6 17 3 5006 3000 0.0347728336
7 17 3 5007 3000 0.0347728336
8 17 3 5008 3000 0.0347728336
9 17 3 5009 3000 0.0347728336
10 17 3 5010 3000 0.0347728336
11 17 3 5011 3000 0.0347728336
12 17 3 5012 3000 0.0347728336
13 17 3 5013 3000 0.0347728336
14 17 3 5014 3000 0.0347728336
15 17 3 5015 3000 0.0347728336
0 17 3 5000 3000 0.0347728336
1 17 3 5001 3000 0.0347728336
2 17 3 5002 3000 0.0347728336
3 17 3 5003 3000 0.0347728336
4 17 3 5004 3000 0.0350681144
5 17 3 5005 3000 0.0350681144
6 17 3 5006 3000 0.0350681144
7 17 3 5007 3000 0.0350681144
8 17 3 5008 3000 0.0350681144
9 17 3 5009 3000 0.0350681144
10 17 3 5010 3000 0.0350681144
11 17 3 5011 3000 0.0350681144
12 17 3 5012 3000 0.0350681144
13 17 3 5013 3000 0.0350681144
14 17 3 5014 3000 0.0350681144
15 17 3 5015 3000 0.0350681144
0 17 3 5000 3000 0.0350681144
1 17 3 5001 3000 0.0350681144
2 17 3 5002 3000 0.0350681144
3 17 3 5003 3000 0.0350681144
4 17 3 5004 3000 0.0350681144
5 17 3 5005 3000 0.0350681144
6 17 3 5006 3000 0.0350681144
7 17 3 5007 3000 0.0350681144
8 17 3 5008 3000 0.0352667944
9 17 3 5009 3000 0.0352667944
10 17 3 5010 3000 0.0352667944
11 17 3 5011 3000 0.0352667944
12 17 3 5012 3000 0.0352667944
13 17 3 5013 3000 0.0352667944
14 17 3 5014 3000 0.0352667944
15 17 3 5015 3000 0.0352667944
0 17 3 5000 3000 0.0352667944
1 17 3 5001 3000 0.0352667944
2 17 3 5002 3000 0.0352667944
3 17 3 5003 3000 0.0352667944
4 17 3 5004 3000 0.0352667944
5 17 3 5005 3000 0.0352667944
6 17 3 5006 3000 0.0352667944
7 17 3 5007 3000 0.0352667944
8 17 3 5008 3000 0.0357407251
9 17 3 5009 3000 0.0357407251
10 17 3 5010 3000 0.0357407251
11 17 3 5011 3000 0.0357407251
12 17 3 5012 3000 0.0357407251
13 17 3 5013 3000 0.0357407251
14 17 3 5014 3000 0.0357407251
15 17 3 5015 3000 0.0357407251
0 17 3 5000 3000 0.0357407251
1 17 3 5001 3000 0.0357407251
2 17 3 5002 3000 0.0357407251
3 17 3 5003 3000 0.0357407251
4 17 3 5004 3000 0.0357407251
5 17 3 5005 3000 0.0357407251
6 17 3 5006 3000 0.0357407251
7 17 3 5007 3000 0.0357407251
8 17 3 5008 3000 0.0357407251
9 17 3 5009 3000 0.0357407251
10 17 3 5010 3000 0.0357407251
11 17 3 5011 3000 0.0357407251
12 17 3 5012 3000 0.0360418279
13 17 3 5013 3000 0.0360418279
14 17 3 5014 3000 0.0360418279
15 17 3 5015 3000 0.0360418279
0 17 3 5000 3000 0.0360418279
1 17 3 5001 3000 0.0360418279
2 17 3 5002 3000 0.0360418279
3 17 3 5003 3000 0.0360418279
4 17 3 5004 3000 0.0360418279
5 17 3 5005 3000 0.0360418279
6 17 3 5006 3000 0.0360418279
7 17 3 5007 3000 0.0360418279
8 17 3 5008 3000 0.0361644800
9 17 3 5009 3000 0.0361644800
10 17 3 5010 3000 0.0361644800
11 17 3 5011 3000 0.0361644800
12 17 3 5012 3000 0.0361644800
13 17 3 5013 3000 0.0361644800
14 17 3 5014 3000 0.0361644800
15 17 3 5015 3000 0.0361644800
0 17 3 5000 3000 0.0361644800
1 17 3 5001 3000 0.0361644800
2 17 3 5002 3000 0.0361644800
3 17 3 5003 3000 0.0361644800
4 17 3 5004 3000 0.0361644800
5 17 3 5005 3000 0.0361644800
6 17 3 5006 3000 0.0361644800
7 17 3 5007 3000 0.0361644800
8 17 3 5008 3000 0.0361644800
9 17 3 5009 3000 0.0361644800
10 17 3 5010 3000 0.0361644800
11 17 3 5011 3000 0.0361644800
12 17 3 5012 3000 0.0362779149
13 17 3 5013 3000 0.0362779149
14 17 3 5014 3000 0.0362779149
15 17 3 5015 3000 0.0362779149
0 17 3 5000 3000 0.0362779149
1 17 3 5001 3000 0.0362779149
2 17 3 5002 3000 0.0362779149
3 17 3 5003 3000 0.0362779149
4 17 3 5004 3000 0.0362779149
5 17 3 5005 3000 0.0362779149
6 17 3 5006 3000 0.0362779149
7 17 3 5007 3000 0.0362779149
8 17 3 5008 3000 0.0362779149
9 17 3 5009 3000 0.0362779149
10 17 3 5010 3000 0.0362779149
11 17 3 5011 3000 0.0362779149
12 17 3 5012 3000 0.0362779149
13 17 3 5013 3000 0.0362779149
14 17 3 5014 3000 0.0362779149
15 17 3 5015 3000 0.0362779149
0 17 3 5000 3000 0.0366814118
1 17 3 5001 3000 0.0366814118
2 17 3 5002 3000 0.0366814118
3 17 3 5003 3000 0.0366814118
4 17 3 5004 3000 0.0366814118
5 17 3 5005 3000 0.0366814118
6 17 3 5006 3000 0.0366814118
7 17 3 5007 3000 0.0366814118
8 17 3 5008 3000 0.0366814118
9 17 3 5009 3000 0.0366814118
10 17 3 5010 3000 0.0366814118
11 17 3 5011 3000 0.0366814118
12 17 3 5012 3000 0.0366814118
13 17 3 5013 3000 0.0366814118
14 17 3 5014 3000 0.0366814118
15 17 3 5015 3000 0.0366814118
0 17 3 5000 3000 0.0366814118
1 17 3 5001 3000 0.0366814118
2 17 3 5002 3000 0.0366814118
3 17 3 5003 3000 0.0366814118
4 17 3 5004 3000 0.0371743318
5 17 3 5005 3000 0.0371743318
6 17 3 5006 3000 0.0371743318
7 17 3 5007 3000 0.0371743318
8 17 3 5008 3000 0.0371743318
9 17 3 5009 3000 0.0371743318
10 17 3 5010 3000 0.0371743318
11 17 3 5011 3000 0.0371743318
12 17 3 5012 3000 0.0373246431
13 17 3 5013 3000 0.0373246431
14 17 3 5014 3000 0.0373246431
15 17 3 5015 3000 0.0373246431
0 17 3 5000 3000 0.0373246431
1 17 3 5001 3000 0.0373246431
2 17 3 5002 3000 0.0373246431
3 17 3 5003 3000 0.0373246431
4 17 3 5004 3000 0.0373246431
5 17 3 5005 3000 0.0373246431
6 17 3 5006 3000 0.0373246431
7 17 3 5007 3000 0.0373246431
8 17 3 5008 3000 0.0376819035
9 17 3 5009 3000 0.0376819035
10 17 3 5010 3000 0.0376819035
11 17 3 5011 3000 0.0376819035
12 17 3 5012 3000 0.0376819035
13 17 3 5013 3000 0.0376819035
14 17 3 5014 3000 0.0376819035
15 17 3 5015 3000 0.0376819035
0 17 3 5000 3000 0.0376819035
1 17 3 5001 3000 0.0376819035
2 17 3 5002 3000 0.0376819035
3 17 3 5003 3000 0.0376819035
4 17 3 5004 3000 0.0376819035
5 17 3 5005 3000 0.0376819035
6 17 3 5006 3000 0.0376819035
7 17 3 5007 3000 0.0376819035
8 17 3 5008 3000 0.0378177899
9 17 3 5009 3000 0.0378177899
10 17 3 5010 3000 0.0378177899
11 17 3 5011 3000 0.0378177899
12 17 3 5012 3000 0.0378177899
13 17 3 5013 3000 0.0378177899
14 17 3 5014 3000 0.0378177899
15 17 3 5015 3000 0.0378177899
0 17 3 5000 3000 0.0379451569
1 17 3 5001 3000 0.0379451569
2 17 3 5002 3000 0.0379451569
3 17 3 5003 3000 0.0379451569
4 17 3 5004 3000 0.0379451569
5 17 3 5005 3000 0.0379451569
6 17 3 5006 3000 0.0379451569
7 17 3 5007 3000 0.0379451569
8 17 3 5008 3000 0.0379451569
9 17 3 5009 3000 0.0379451569
10 17 3 5010 3000 0.0379451569
11 17 3 5011 3000 0.0379451569
12 17 3 5012 3000 0.0383618686
13 17 3 5013 3000 0.0383618686
14 17 3 5014 3000 0.0383618686
15 17 3 5015 3000 0.0383618686
0 17 3 5000 3000 0.0383618686
1 17 3 5001 3000 0.0383618686
2 17 3 5002 3000 0.0383618686
3 17 3 5003 3000 0.0383618686
4 17 3 5004 3000 0.0383618686
5 17 3 5005 3000 0.0383618686
6 17 3 5006 3000 0.0383618686
7 17 3 5007 3000 0.0383618686
8 17 3 5008 3000 0.0383618686
9 17 3 5009 3000 0.0383618686
10 17 3 5010 3000 0.0383618686
11 17 3 5011 3000 0.0383618686
12 17 3 5012 3000 0.0384624848
13 17 3 5013 3000 0.0384624848
14 17 3 5014 3000 0.0384624848
15 17 3 5015 3000 0.0384624848
0 17 3 5000 3000 0.0384624848
1 17 3 5001 3000 0.0384624848
2 17 3 5002 3000 0.0384624848
3 17 3 5003 3000 0.0384624848
4 17 3 5004 3000 0.0386877976
5 17 3 5005 3000 0.0386877976
6 17 3 5006 3000 0.0386877976
7 17 3 5007 3000 0.0386877976
8 17 3 5008 3000 0.0386877976
9 17 3 5009 3000 0.0386877976
10 17 3 5010 3000 0.0386877976
11 17 3 5011 3000 0.0386877976
12 17 3 5012 3000 0.0386877976
13 17 3 5013 3000 0.0386877976
14 17 3 5014 3000 0.0386877976
15 17 3 5015 3000 0.0386877976
0 17 3 5000 3000 0.0386877976
1 17 3 5001 3000 0.0386877976
2 17 3 5002 3000 0.0386877976
3 17 3 5003 3000 0.0386877976
4 17 3 5004 3000 0.0386877976
5 17 3 5005 3000 0.0386877976
6 17 3 5006 3000 0.0386877976
7 17 3 5007 3000 0.0386877976
8 17 3 5008 3000 0.0390275068
9 17 3 5009 3000 0.0390275068
10 17 3 5010 3000 0.0390275068
11 17 3 5011 3000 0.0390275068
12 17 3 5012 3000 0.0390275068
13 17 3 5013 3000 0.0390275068
14 17 3 5014 3000 0.0390275068
15 17 3 5015 3000 0.0390275068
0 17 3 5000 3000 0.0390275068
1 17 3 5001 3000 0.0390275068
2 17 3 5002 3000 0.0390275068
3 17 3 5003 3000 0.0390275068
4 17 3 5004 3000 0.0394123602
5 17 3 5005 3000 0.0394123602
6 17 3 5006 3000 0.0394123602
7 17 3 5007 3000 0.0394123602
8 17 3 5008 3000 0.0394123602
9 17 3 5009 3000 0.0394123602
10 17 3 5010 3000 0.0394123602
11 17 3 5011 3000 0.0394123602
12 17 3 5012 3000 0.0397430308
13 17 3 5013 3000 0.0397430308
14 17 3 5014 3000 0.0397430308
15 17 3 5015 3000 0.0397430308
0 17 3 5000 3000 0.0397430308
1 17 3 5001 3000 0.0397430308
2 17 3 5002 3000 0.0397430308
3 17 3 5003 3000 0.0397430308
4 17 3 5004 3000 0.0397430308
5 17 3 5005 3000 0.0397430308
6 17 3 5006 3000 0.0397430308
7 17 3 5007 3000 0.0397430308
8 17 3 5008 3000 0.0397430308
9 17 3 5009 3000 0.0397430308
10 17 3 5010 3000 0.0397430308
11 17 3 5011 3000 0.0397430308
12 17 3 5012 3000 0.0401099537
13 17 3 5013 3000 0.0401099537
14 17 3 5014 3000 0.0401099537
15 17 3 5015 3000 0.0401099537
0 17 3 5000 3000 0.0401099537
1 17 3 5001 3000 0.0401099537
2 17 3 5002 3000 0.0401099537
3 17 3 5003 3000 0.0401099537
4 17 3 5004 3000 0.0401099537
5 17 3 5005 3000 0.0401099537
6 17 3 5006 3000 0.0401099537
7 17 3 5007 3000 0.0401099537
8 17 3 5008 3000 0.0401099537
9 17 3 5009 3000 0.0401099537
10 17 3 5010 3000 0.0401099537
11 17 3 5011 3000 0.0401099537
12 17 3 5012 3000 0.0403684611
13 17 3 5013 3000 0.0403684611
14 17 3 5014 3000 0.0403684611
15 17 3 5015 3000 0.0403684611
0 17 3 5000 3000 0.0403684611
1 17 3 5001 3000 0.0403684611
2 17 3 5002 3000 0.0403684611
3 17 3 5003 3000 0.0403684611
4 17 3 5004 3000 0.0407472007
5 17 3 5005 3000 0.0407472007
6 17 3 5006 3000 0.0407472007
7 17 3 5007 3000 0.0407472007
8 17 3 5008 3000 0.0407472007
9 17 3 5009 3000 0.0407472007
10 17 3 5010 3000 0.0407472007
11 17 3 5011 3000 0.0407472007
12 17 3 5012 3000 0.0411571221
13 17 3 5013 3000 0.0411571221
14 17 3 5014 3000 0.0411571221
15 17 3 5015 3000 0.0411571221
0 17 3 5000 3000 0.0411571221
1 17 3 5001 3000 0.0411571221
2 17 3 5002 3000 0.0411571221
3 17 3 5003 3000 0.0411571221
4 17 3 5004 3000 0.0411571221
5 17 3 5005 3000 0.0411571221
6 17 3 5006 3000 0.0411571221
7 17 3 5007 3000 0.0411571221
8 17 3 5008 3000 0.0411571221
9 17 3 5009 3000 0.0411571221
10 17 3 5010 3000 0.0411571221
11 17 3 5011 3000 0.0411571221
12 17 3 5012 3000 0.0415024010
13 17 3 5013 3000 0.0415024010
14 17 3 5014 3000 0.0415024010
15 17 3 5015 3000 0.0415024010
0 17 3 5000 3000 0.0415024010
1 17 3 5001 3000 0.0415024010
2 17 3 5002 3000 0.0415024010
3 17 3 5003 3000 0.0415024010
4 17 3 5004 3000 0.0419739661
5 17 3 5005 3000 0.0419739661
6 17 3 5006 3000 0.0419739661
7 17 3 5007 3000 0.0419739661
8 17 3 5008 3000 0.0419739661
9 17 3 5009 3000 0.0419739661
10 17 3 5010 3000 0.0419739661
11 17 3 5011 3000 0.0419739661
12 17 3 5012 3000 0.0419739661
13 17 3 5013 3000 0.0419739661
14 17 3 5014 3000 0.0419739661
15 17 3 5015 3000 0.0419739661
0 17 3 5000 3000 0.0419739661
1 17 3 5001 3000 0.0419739661
2 17 3 5002 3000 0.0419739661
3 17 3 5003 3000 0.0419739661
4 17 3 5004 3000 0.0419739661
5 17 3 5005 3000 0.0419739661
6 17 3 5006 3000 0.0419739661
7 17 3 5007 3000 0.0419739661
8 17 3 5008 3000 0.0422354643
9 17 3 5009 3000 0.0422354643
10 17 3 5010 3000 0.0422354643
11 17 3 5011 3000 0.0422354643
12 17 3 5012 3000 0.0422354643
13 17 3 5013 3000 0.0422354643
14 17 3 5014 3000 0.0422354643
15 17 3 5015 3000 0.0422354643
0 17 3 5000 3000 0.0422354643
1 17 3 5001 3000 0.0422354643
2 17 3 5002 3000 0.0422354643
3 17 3 5003 3000 0.0422354643
4 17 3 5004 3000 0.0422354643
5 17 3 5005 3000 0.0422354643
6 17 3 5006 3000 0.0422354643
7 17 3 5007 3000 0.0422354643
8 17 3 5008 3000 0.0422354643
9 17 3 5009 3000 0.0422354643
10 17 3 5010 3000 0.0422354643
11 17 3 5011 3000 0.0422354643
12 17 3 5012 3000 0.0423988008
13 17 3 5013 3000 0.0423988008
14 17 3 5014 3000 0.0423988008
15 17 3 5015 3000 0.0423988008
0 17 3 5000 3000 0.0423988008
1 17 3 5001 3000 0.0423988008
2 17 3 5002 3000 0.0423988008
3 17 3 5003 3000 0.0423988008
4 17 3 5004 3000 0.0423988008
5 17 3 5005 3000 0.0423988008
6 17 3 5006 3000 0.0423988008
7 17 3 5007 3000 0.0423988008
8 17 3 5008 3000 0.0427923378
9 17 3 5009 3000 0.0427923378
10 17 3 5010 3000 0.0427923378
11 17 3 5011 3000 0.0427923378
12 17 3 5012 3000 0.0427923378
13 17 3 5013 3000 0.0427923378
14 17 3 5014 3000 0.0427923378
15 17 3 5015 3000 0.0427923378
0 17 3 5000 3000 0.0427923378
1 17 3 5001 3000 0.0427923378
2 17 3 5002 3000 0.0427923378
3 17 3 5003 3000 0.0427923378
4 17 3 5004 3000 0.0427923378
5 17 3 5005 3000 0.0427923378
6 17 3 5006 3000 0.0427923378
7 17 3 5007 3000 0.0427923378
8 17 3 5008 3000 0.0427923378
9 17 3 5009 3000 0.0427923378
10 17 3 5010 3000 0.0427923378
11 17 3 5011 3000 0.0427923378
12 17 3 5012 3000 0.0429734836
13 17 3 5013 3000 0.0429734836
14 17 3 5014 3000 0.0429734836
15 17 3 5015 3000 0.0429734836
0 17 3 5000 3000 0.0429734836
1 17 3 5001 3000 0.0429734836
2 17 3 5002 3000 0.0429734836
3 17 3 5003 3000 0.0429734836
4 17 3 5004 3000 0.0429734836
5 17 3 5005 3000 0.0429734836
6 17 3 5006 3000 0.0429734836
7 17 3 5007 3000 0.0429734836
8 17 3 5008 3000 0.0429734836
9 17 3 5009 3000 0.0429734836
10 17 3 5010 3000 0.0429734836
11 17 3 5011 3000 0.0429734836
12 17 3 5012 3000 0.0429734836
13 17 3 5013 3000 0.0429734836
14 17 3 5014 3000 0.0429734836
15 17 3 5015 3000 0.0429734836
0 17 3 5000 3000 0.0432199286
1 17 3 5001 3000 0.0432199286
2 17 3 5002 3000 0.0432199286
3 17 3 5003 3000 0.0432199286
4 17 3 5004 3000 0.0432199286
5 17 3 5005 3000 0.0432199286
6 17 3 5006 3000 0.0432199286
7 17 3 5007 3000 0.0432199286
8 17 3 5008 3000 0.0432199286
9 17 3 5009 3000 0.0432199286
10 17 3 5010 3000 0.0432199286
11 17 3 5011 3000 0.0432199286
12 17 3 5012 3000 0.0432199286
13 17 3 5013 3000 0.0432199286
14 17 3 5014 3000 0.0432199286
15 17 3 5015 3000 0.0432199286
0 17 3 5000 3000 0.0432199286
1 17 3 5001 3000 0.0432199286
2 17 3 5002 3000 0.0432199286
3 17 3 5003 3000 0.0432199286
4 17 3 5004 3000 0.0434830543
5 17 3 5005 3000 0.0434830543
6 17 3 5006 3000 0.0434830543
7 17 3 5007 3000 0.0434830543
8 17 3 5008 3000 0.0434830543
9 17 3 5009 3000 0.0434830543
10 17 3 5010 3000 0.0434830543
11 17 3 5011 3000 0.0434830543
12 17 3 5012 3000 0.0437231320
13 17 3 5013 3000 0.0437231320
14 17 3 5014 3000 0.0437231320
15 17 3 5015 3000 0.0437231320
0 17 3 5000 3000 0.0437231320
1 17 3 5001 3000 0.0437231320
2 17 3 5002 3000 0.0437231320
3 17 3 5003 3000 0.0437231320
4 17 3 5004 3000 0.0437231320
5 17 3 5005 3000 0.0437231320
6 17 3 5006 3000 0.0437231320
7 17 3 5007 3000 0.0437231320
8 17 3 5008 3000 0.0437231320
9 17 3 5009 3000 0.0437231320
10 17 3 5010 3000 0.0437231320
11 17 3 5011 3000 0.0437231320
12 17 3 5012 3000 0.0441017933
13 17 3 5013 3000 0.0441017933
14 17 3 5014 3000 0.0441017933
15 17 3 5015 3000 0.0441017933
0 17 3 5000 3000 0.0441017933
1 17 3 5001 3000 0.0441017933
2 17 3 5002 3000 0.0441017933
3 17 3 5003 3000 0.0441017933
4 17 3 5004 3000 0.0441017933
5 17 3 5005 3000 0.0441017933
6 17 3 5006 3000 0.0441017933
7 17 3 5007 3000 0.0441017933
8 17 3 5008 3000 0.0441017933
9 17 3 5009 3000 0.0441017933
10 17 3 5010 3000 0.0441017933
11 17 3 5011 3000 0.0441017933
12 17 3 5012 3000 0.0444677007
13 17 3 5013 3000 0.0444677007
14 17 3 5014 3000 0.0444677007
15 17 3 5015 3000 0.0444677007
0 17 3 5000 3000 0.0444677007
1 17 3 5001 3000 0.0444677007
2 17 3 5002 3000 0.0444677007
3 17 3 5003 3000 0.0444677007
4 17 3 5004 3000 0.0444677007
5 17 3 5005 3000 0.0444677007
6 17 3 5006 3000 0.0444677007
7 17 3 5007 3000 0.0444677007
8 17 3 5008 3000 0.0444677007
9 17 3 5009 3000 0.0444677007
10 17 3 5010 3000 0.0444677007
11 17 3 5011 3000 0.0444677007
12 17 3 5012 3000 0.0448757307
13 17 3 5013 3000 0.0448757307
14 17 3 5014 3000 0.0448757307
15 17 3 5015 3000 0.0448757307
0 17 3 5000 3000 0.0448757307
1 17 3 5001 3000 0.0448757307
2 17 3 5002 3000 0.0448757307
3 17 3 5003 3000 0.0448757307
4 17 3 5004 3000 0.0453234627
5 17 3 5005 3000 0.0453234627
6 17 3 5006 3000 0.0453234627
7 17 3 5007 3000 0.0453234627
8 17 3 5008 3000 0.0453234627
9 17 3 5009 3000 0.0453234627
10 17 3 5010 3000 0.0453234627
11 17 3 5011 3000 0.0453234627
12 17 3 5012 3000 0.0454373871
13 17 3 5013 3000 0.0454373871
14 17 3 5014 3000 0.0454373871
15 17 3 5015 3000 0.0454373871
0 17 3 5000 3000 0.0454373871
1 17 3 5001 3000 0.0454373871
2 17 3 5002 3000 0.0454373871
3 17 3 5003 3000 0.0454373871
4 17 3 5004 3000 0.0454373871
5 17 3 5005 3000 0.0454373871
6 17 3 5006 3000 0.0454373871
7 17 3 5007 3000 0.0454373871
8 17 3 5008 3000 0.0457853583
9 17 3 5009 3000 0.0457853583
10 17 3 5010 3000 0.0457853583
11 17 3 5011 3000 0.0457853583
12 17 3 5012 3000 0.0457853583
13 17 3 5013 3000 0.0457853583
14 17 3 5014 3000 0.0457853583
15 17 3 5015 3000 0.0457853583
0 17 3 5000 3000 0.0460205387
1 17 3 5001 3000 0.0460205387
2 17 3 5002 3000 0.0460205387
3 17 3 5003 3000 0.0460205387
4 17 3 5004 3000 0.0460205387
5 17 3 5005 3000 0.0460205387
6 17 3 5006 3000 0.0460205387
7 17 3 5007 3000 0.0460205387
8 17 3 5008 3000 0.0461635075
9 17 3 5009 3000 0.0461635075
10 17 3 5010 3000 0.0461635075
11 17 3 5011 3000 0.0461635075
12 17 3 5012 3000 0.0461635075
13 17 3 5013 3000 0.0461635075
14 17 3 5014 3000 0.0461635075
15 17 3 5015 3000 0.0461635075
0 17 3 5000 3000 0.0461635075
1 17 3 5001 3000 0.0461635075
2 17 3 5002 3000 0.0461635075
3 17 3 5003 3000 0.0461635075
4 17 3 5004 3000 0.0461635075
5 17 3 5005 3000 0.0461635075
6 17 3 5006 3000 0.0461635075
7 17 3 5007 3000 0.0461635075
8 17 3 5008 3000 0.0461635075
9 17 3 5009 3000 0.0461635075
10 17 3 5010 3000 0.0461635075
11 17 3 5011 3000 0.0461635075
12 17 3 5012 3000 0.0465976451
13 17 3 5013 3000 0.0465976451
14 17 3 5014 3000 0.0465976451
15 17 3 5015 3000 0.0465976451
0 17 3 5000 3000 0.0465976451
1 17 3 5001 3000 0.0465976451
2 17 3 5002 3000 0.0465976451
3 17 3 5003 3000 0.0465976451
4 17 3 5004 3000 0.0470895942
5 17 3 5005 3000 0.0470895942
6 17 3 5006 3000 0.0470895942
7 17 3 5007 3000 0.0470895942
8 17 3 5008 3000 0.0470895942
9 17 3 5009 3000 0.0470895942
10 17 3 5010 3000 0.0470895942
11 17 3 5011 3000 0.0470895942
12 17 3 5012 3000 0.0470895942
13 17 3 5013 3000 0.0470895942
14 17 3 5014 3000 0.0470895942
15 17 3 5015 3000 0.0470895942
0 17 3 5000 3000 0.0470895942
1 17 3 5001 3000 0.0470895942
2 17 3 5002 3000 0.0470895942
3 17 3 5003 3000 0.0470895942
4 17 3 5004 3000 0.0473958610
5 17 3 5005 3000 0.0473958610
6 17 3 5006 3000 0.0473958610
7 17 3 5007 3000 0.0473958610
8 17 3 5008 3000 0.0473958610
9 17 3 5009 3000 0.0473958610
10 17 3 5010 3000 0.0473958610
11 17 3 5011 3000 0.0473958610
12 17 3 5012 3000 0.0473958610
13 17 3 5013 3000 0.0473958610
14 17 3 5014 3000 0.0473958610
15 17 3 5015 3000 0.0473958610
0 17 3 5000 3000 0.0473958610
1 17 3 5001 3000 0.0473958610
2 17 3 5002 3000 0.0473958610
3 17 3 5003 3000 0.0473958610
4 17 3 5004 3000 0.0477759264
5 17 3 5005 3000 0.0477759264
6 17 3 5006 3000 0.0477759264
7 17 3 5007 3000 0.0477759264
8 17 3 5008 3000 0.0477759264
9 17 3 5009 3000 0.0477759264
10 17 3 5010 3000 0.0477759264
11 17 3 5011 3000 0.0477759264
12 17 3 5012 3000 0.0477759264
13 17 3 5013 3000 0.0477759264
14 17 3 5014 3000 0.0477759264
15 17 3 5015 3000 0.0477759264
0 17 3 5000 3000 0.0477759264
1 17 3 5001 3000 0.0477759264
2 17 3 5002 3000 0.0477759264
3 17 3 5003 3000 0.0477759264
4 17 3 5004 3000 0.0477759264
5 17 3 5005 3000 0.0477759264
6 17 3 5006 3000 0.0477759264
7 17 3 5007 3000 0.0477759264
8 17 3 5008 3000 0.0479407905
9 17 3 5009 3000 0.0479407905
10 17 3 5010 3000 0.0479407905
11 17 3 5011 3000 0.0479407905
12 17 3 5012 3000 0.0479407905
13 17 3 5013 3000 0.0479407905
14 17 3 5014 3000 0.0479407905
15 17 3 5015 3000 0.0479407905
0 17 3 5000 3000 0.0481908838
1 17 3 5001 3000 0.0481908838
2 17 3 5002 3000 0.0481908838
3 17 3 5003 3000 0.0481908838
4 17 3 5004 3000 0.0481908838
5 17 3 5005 3000 0.0481908838
6 17 3 5006 3000 0.0481908838
7 17 3 5007 3000 0.0481908838
8 17 3 5008 3000 0.0481908838
9 17 3 5009 3000 0.0481908838
10 17 3 5010 3000 0.0481908838
11 17 3 5011 3000 0.0481908838
12 17 3 5012 3000 0.0481908838
13 17 3 5013 3000 0.0481908838
14 17 3 5014 3000 0.0481908838
15 17 3 5015 3000 0.0481908838
0 17 3 5000 3000 0.0481908838
1 17 3 5001 3000 0.0481908838
2 17 3 5002 3000 0.0481908838
3 17 3 5003 3000 0.0481908838
4 17 3 5004 3000 0.0483666054
5 17 3 5005 3000 0.0483666054
6 17 3 5006 3000 0.0483666054
7 17 3 5007 3000 0.0483666054
8 17 3 5008 3000 0.0483666054
9 17 3 5009 3000 0.0483666054
10 17 3 5010 3000 0.0483666054
11 17 3 5011 3000 0.0483666054
12 17 3 5012 3000 0.0484791233
13 17 3 5013 3000 0.0484791233
14 17 3 5014 3000 0.0484791233
15 17 3 5015 3000 0.0484791233
0 17 3 5000 3000 0.0484791233
1 17 3 5001 3000 0.0484791233
2 17 3 5002 3000 0.0484791233
3 17 3 5003 3000 0.0484791233
4 17 3 5004 3000 0.0484791233
5 17 3 5005 3000 0.0484791233
6 17 3 5006 3000 0.0484791233
7 17 3 5007 3000 0.0484791233
8 17 3 5008 3000 0.0487095695
9 17 3 5009 3000 0.0487095695
10 17 3 5010 3000 0.0487095695
11 17 3 5011 3000 0.0487095695
12 17 3 5012 3000 0.0487095695
13 17 3 5013 3000 0.0487095695
14 17 3 5014 3000 0.0487095695
15 17 3 5015 3000 0.0487095695
0 17 3 5000 3000 0.0487095695
1 17 3 5001 3000 0.0487095695
2 17 3 5002 3000 0.0487095695
3 17 3 5003 3000 0.0487095695
4 17 3 5004 3000 0.0487095695
5 17 3 5005 3000 0.0487095695
6 17 3 5006 3000 0.0487095695
7 17 3 5007 3000 0.0487095695
8 17 3 5008 3000 0.0487095695
9 17 3 5009 3000 0.0487095695
10 17 3 5010 3000 0.0487095695
11 17 3 5011 3000 0.0487095695
12 17 3 5012 3000 0.0490472847
13 17 3 5013 3000 0.0490472847
14 17 3 5014 3000 0.0490472847
15 17 3 5015 3000 0.0490472847
0 17 3 5000 3000 0.0490472847
1 17 3 5001 3000 0.0490472847
2 17 3 5002 3000 0.0490472847
3 17 3 5003 3000 0.0490472847
4 17 3 5004 3000 0.0490472847
5 17 3 5005 3000 0.0490472847
6 17 3 5006 3000 0.0490472847
7 17 3 5007 3000 0.0490472847
8 17 3 5008 3000 0.0494766155
9 17 3 5009 3000 0.0494766155
10 17 3 5010 3000 0.0494766155
11 17 3 5011 3000 0.0494766155
12 17 3 5012 3000 0.0494766155
13 17 3 5013 3000 0.0494766155
14 17 3 5014 3000 0.0494766155
15 17 3 5015 3000 0.0494766155
0 17 3 5000 3000 0.0494766155
1 17 3 5001 3000 0.0494766155
2 17 3 5002 3000 0.0494766155
3 17 3 5003 3000 0.0494766155
4 17 3 5004 3000 0.0494766155
5 17 3 5005 3000 0.0494766155
6 17 3 5006 3000 0.0494766155
7 17 3 5007 3000 0.0494766155
8 17 3 5008 3000 0.0499044388
9 17 3 5009 3000 0.0499044388
10 17 3 5010 3000 0.0499044388
11 17 3 5011 3000 0.0499044388
12 17 3 5012 3000 0.0499044388
13 17 3 5013 3000 0.0499044388
14 17 3 5014 3000 0.0499044388
15 17 3 5015 3000 0.0499044388
0 17 3 5000 3000 0.0499044388
1 17 3 5001 3000 0.0499044388
2 17 3 5002 3000 0.0499044388
3 17 3 5003 3000 0.0499044388
4 17 3 5004 3000 0.0499044388
5 17 3 5005 3000 0.0499044388
6 17 3 5006 3000 0.0499044388
7 17 3 5007 3000 0.0499044388
8 17 3 5008 3000 0.0499044388
9 17 3 5009 3000 0.0499044388
10 17 3 5010 3000 0.0499044388
11 17 3 5011 3000 0.0499044388
12 17 3 5012 3000 0.0501874513
13 17 3 5013 3000 0.0501874513
14 17 3 5014 3000 0.0501874513
15 17 3 5015 3000 0.0501874513
0 17 3 5000 3000 0.0501874513
1 17 3 5001 3000 0.0501874513
2 17 3 5002 3000 0.0501874513
3 17 3 5003 3000 0.0501874513
4 17 3 5004 3000 0.0501874513
5 17 3 5005 3000 0.0501874513
6 17 3 5006 3000 0.0501874513
7 17 3 5007 3000 0.0501874513
8 17 3 5008 3000 0.0501874513
9 17 3 5009 3000 0.0501874513
10 17 3 5010 3000 0.0501874513
11 17 3 5011 3000 0.0501874513
12 17 3 5012 3000 0.0501874513
13 17 3 5013 3000 0.0501874513
14 17 3 5014 3000 0.0501874513
15 17 3 5015 3000 0.0501874513
0 17 3 5000 3000 0.0504328010
1 17 3 5001 3000 0.0504328010
2 17 3 5002 3000 0.0504328010
3 17 3 5003 3000 0.0504328010
4 17 3 5004 3000 0.0504328010
5 17 3 5005 3000 0.0504328010
6 17 3 5006 3000 0.0504328010
7 17 3 5007 3000 0.0504328010
8 17 3 5008 3000 0.0509241072
9 17 3 5009 3000 0.0509241072
10 17 3 5010 3000 0.0509241072
11 17 3 5011 3000 0.0509241072
12 17 3 5012 3000 0.0509241072
13 17 3 5013 3000 0.0509241072
14 17 3 5014 3000 0.0509241072
15 17 3 5015 3000 0.0509241072
0 17 3 5000 3000 0.0509241072
1 17 3 5001 3000 0.0509241072
2 17 3 5002 3000 0.0509241072
3 17 3 5003 3000 0.0509241072
4 17 3 5004 3000 0.0509241072
5 17 3 5005 3000 0.0509241072
6 17 3 5006 3000 0.0509241072
7 17 3 5007 3000 0.0509241072
8 17 3 5008 3000 0.0510949801
9 17 3 5009 3000 0.0510949801
10 17 3 5010 3000 0.0510949801
11 17 3 5011 3000 0.0510949801
12 17 3 5012 3000 0.0510949801
13 17 3 5013 3000 0.0510949801
14 17 3 5014 3000 0.0510949801
15 17 3 5015 3000 0.0510949801
0 17 3 5000 3000 0.0512645892
1 17 3 5001 3000 0.0512645892
2 17 3 5002 3000 0.0512645892
3 17 3 5003 3000 0.0512645892
4 17 3 5004 3000 0.0512645892
5 17 3 5005 3000 0.0512645892
6 17 3 5006 3000 0.0512645892
7 17 3 5007 3000 0.0512645892
8 17 3 5008 3000 0.0515928456
9 17 3 5009 3000 0.0515928456
10 17 3 5010 3000 0.0515928456
11 17 3 5011 3000 0.0515928456
12 17 3 5012 3000 0.0515928456
13 17 3 5013 3000 0.0515928456
14 17 3 5014 3000 0.0515928456
15 17 3 5015 3000 0.0515928456
0 17 3 5000 3000 0.0518224777
1 17 3 5001 3000 0.0518224777
2 17 3 5002 3000 0.0518224777
3 17 3 5003 3000 0.0518224777
4 17 3 5004 3000 0.0518224777
5 17 3 5005 3000 0.0518224777
6 17 3 5006 3000 0.0518224777
7 17 3 5007 3000 0.0518224777
8 17 3 5008 3000 0.0518224777
9 17 3 5009 3000 0.0518224777
10 17 3 5010 3000 0.0518224777
11 17 3 5011 3000 0.0518224777
12 17 3 5012 3000 0.0519525428
13 17 3 5013 3000 0.0519525428
14 17 3 5014 3000 0.0519525428
15 17 3 5015 3000 0.0519525428
0 17 3 5000 3000 0.0519525428
1 17 3 5001 3000 0.0519525428
2 17 3 5002 3000 0.0519525428
3 17 3 5003 3000 0.0519525428
4 17 3 5004 3000 0.0519525428
5 17 3 5005 3000 0.0519525428
6 17 3 5006 3000 0.0519525428
7 17 3 5007 3000 0.0519525428
8 17 3 5008 3000 0.0522540050
9 17 3 5009 3000 0.0522540050
10 17 3 5010 3000 0.0522540050
11 17 3 5011 3000 0.0522540050
12 17 3 5012 3000 0.0522540050
13 17 3 5013 3000 0.0522540050
14 17 3 5014 3000 0.0522540050
15 17 3 5015 3000 0.0522540050
0 17 3 5000 3000 0.0522540050
1 17 3 5001 3000 0.0522540050
2 17 3 5002 3000 0.0522540050
3 17 3 5003 3000 0.0522540050
4 17 3 5004 3000 0.0523775485
5 17 3 5005 3000 0.0523775485
6 17 3 5006 3000 0.0523775485
7 17 3 5007 3000 0.0523775485
8 17 3 5008 3000 0.0523775485
9 17 3 5009 3000 0.0523775485
10 17 3 5010 3000 0.0523775485
11 17 3 5011 3000 0.0523775485
12 17 3 5012 3000 0.0523775485
13 17 3 5013 3000 0.0523775485
14 17 3 5014 3000 0.0523775485
15 17 3 5015 3000 0.0523775485
0 17 3 5000 3000 0.0523775485
1 17 3 5001 3000 0.0523775485
2 17 3 5002 3000 0.0523775485
3 17 3 5003 3000 0.0523775485
4 17 3 5004 3000 0.0523775485
5 17 3 5005 3000 0.0523775485
6 17 3 5006 3000 0.0523775485
7 17 3 5007 3000 0.0523775485
8 17 3 5008 3000 0.0526158011
9 17 3 5009 3000 0.0526158011
10 17 3 5010 3000 0.0526158011
11 17 3 5011 3000 0.0526158011
12 17 3 5012 3000 0.0526158011
13 17 3 5013 3000 0.0526158011
14 17 3 5014 3000 0.0526158011
15 17 3 5015 3000 0.0526158011
0 17 3 5000 3000 0.0526158011
1 17 3 5001 3000 0.0526158011
2 17 3 5002 3000 0.0526158011
3 17 3 5003 3000 0.0526158011
4 17 3 5004 3000 0.0527216290
5 17 3 5005 3000 0.0527216290
6 17 3 5006 3000 0.0527216290
7 17 3 5007 3000 0.0527216290
8 17 3 5008 3000 0.0527216290
9 17 3 5009 3000 0.0527216290
10 17 3 5010 3000 0.0527216290
11 17 3 5011 3000 0.0527216290
12 17 3 5012 3000 0.0527216290
13 17 3 5013 3000 0.0527216290
14 17 3 5014 3000 0.0527216290
15 17 3 5015 3000 0.0527216290
0 17 3 5000 3000 0.0530393571
1 17 3 5001 3000 0.0530393571
2 17 3 5002 3000 0.0530393571
3 17 3 5003 3000 0.0530393571
4 17 3 5004 3000 0.0530393571
5 17 3 5005 3000 0.0530393571
6 17 3 5006 3000 0.0530393571
7 17 3 5007 3000 0.0530393571
8 17 3 5008 3000 0.0533749136
9 17 3 5009 3000 0.0533749136
10 17 3 5010 3000 0.0533749136
11 17 3 5011 3000 0.0533749136
12 17 3 5012 3000 0.0533749136
13 17 3 5013 3000 0.0533749136
14 17 3 5014 3000 0.0533749136
15 17 3 5015 3000 0.0533749136
0 17 3 5000 3000 0.0533749136
1 17 3 5001 3000 0.0533749136
2 17 3 5002 3000 0.0533749136
3 17 3 5003 3000 0.0533749136
4 17 3 5004 3000 0.0536349684
5 17 3 5005 3000 0.0536349684
6 17 3 5006 3000 0.0536349684
7 17 3 5007 3000 0.0536349684
8 17 3 5008 3000 0.0536349684
9 17 3 5009 3000 0.0536349684
10 17 3 5010 3000 0.0536349684
11 17 3 5011 3000 0.0536349684
12 17 3 5012 3000 0.0536349684
13 17 3 5013 3000 0.0536349684
14 17 3 5014 3000 0.0536349684
15 17 3 5015 3000 0.0536349684
0 17 3 5000 3000 0.0536349684
1 17 3 5001 3000 0.0536349684
2 17 3 5002 3000 0.0536349684
3 17 3 5003 3000 0.0536349684
4 17 3 5004 3000 0.0539868365
5 17 3 5005 3000 0.0539868365
6 17 3 5006 3000 0.0539868365
7 17 3 5007 3000 0.0539868365
8 17 3 5008 3000 0.0539868365
9 17 3 5009 3000 0.0539868365
10 17 3 5010 3000 0.0539868365
11 17 3 5011 3000 0.0539868365
12 17 3 5012 3000 0.0539868365
13 17 3 5013 3000 0.0539868365
14 17 3 5014 3000 0.0539868365
15 17 3 5015 3000 0.0539868365
0 17 3 5000 3000 0.0539868365
1 17 3 5001 3000 0.0539868365
2 17 3 5002 3000 0.0539868365
3 17 3 5003 3000 0.0539868365
4 17 3 5004 3000 0.0541847253
5 17 3 5005 3000 0.0541847253
6 17 3 5006 3000 0.0541847253
7 17 3 5007 3000 0.0541847253
8 17 3 5008 3000 0.0541847253
9 17 3 5009 3000 0.0541847253
10 17 3 5010 3000 0.0541847253
11 17 3 5011 3000 0.0541847253
12 17 3 5012 3000 0.0541847253
13 17 3 5013 3000 0.0541847253
14 17 3 5014 3000 0.0541847253
15 17 3 5015 3000 0.0541847253
0 17 3 5000 3000 0.0541847253
1 17 3 5001 3000 0.0541847253
2 17 3 5002 3000 0.0541847253
3 17 3 5003 3000 0.0541847253
4 17 3 5004 3000 0.0541847253
5 17 3 5005 3000 0.0541847253
6 17 3 5006 3000 0.0541847253
7 17 3 5007 3000 0.0541847253
8 17 3 5008 3000 0.0544538902
9 17 3 5009 3000 0.0544538902
10 17 3 5010 3000 0.0544538902
11 17 3 5011 3000 0.0544538902
12 17 3 5012 3000 0.0544538902
13 17 3 5013 3000 0.0544538902
14 17 3 5014 3000 0.0544538902
15 17 3 5015 3000 0.0544538902
0 17 3 5000 3000 0.0544538902
1 17 3 5001 3000 0.0544538902
2 17 3 5002 3000 0.0544538902
3 17 3 5003 3000 0.0544538902
4 17 3 5004 3000 0.0544538902
5 17 3 5005 3000 0.0544538902
6 17 3 5006 3000 0.0544538902
7 17 3 5007 3000 0.0544538902
8 17 3 5008 3000 0.0546360339
9 17 3 5009 3000 0.0546360339
10 17 3 5010 3000 0.0546360339
11 17 3 5011 3000 0.0546360339
12 17 3 5012 3000 0.0546360339
13 17 3 5013 3000 0.0546360339
14 17 3 5014 3000 0.0546360339
15 17 3 5015 3000 0.0546360339
0 17 3 5000 3000 0.0546360339
1 17 3 5001 3000 0.0546360339
2 17 3 5002 3000 0.0546360339
3 17 3 5003 3000 0.0546360339
4 17 3 5004 3000 0.0550176867
5 17 3 5005 3000 0.0550176867
6 17 3 5006 3000 0.0550176867
7 17 3 5007 3000 0.0550176867
8 17 3 5008 3000 0.0550176867
9 17 3 5009 3000 0.0550176867
10 17 3 5010 3000 0.0550176867
11 17 3 5011 3000 0.0550176867
12 17 3 5012 3000 0.0550176867
13 17 3 5013 3000 0.0550176867
14 17 3 5014 3000 0.0550176867
15 17 3 5015 3000 0.0550176867
0 17 3 5000 3000 0.0551221174
1 17 3 5001 3000 0.0551221174
2 17 3 5002 3000 0.0551221174
3 17 3 5003 3000 0.0551221174
4 17 3 5004 3000 0.0551221174
5 17 3 5005 3000 0.0551221174
6 17 3 5006 3000 0.0551221174
7 17 3 5007 3000 0.0551221174
8 17 3 5008 3000 0.0551221174
9 17 3 5009 3000 0.0551221174
10 17 3 5010 3000 0.0551221174
11 17 3 5011 3000 0.0551221174
12 17 3 5012 3000 0.0551221174
13 17 3 5013 3000 0.0551221174
14 17 3 5014 3000 0.0551221174
15 17 3 5015 3000 0.0551221174
0 17 3 5000 3000 0.0551221174
1 17 3 5001 3000 0.0551221174
2 17 3 5002 3000 0.0551221174
3 17 3 5003 3000 0.0551221174
4 17 3 5004 3000 0.0555006639
5 17 3 5005 3000 0.0555006639
6 17 3 5006 3000 0.0555006639
7 17 3 5007 3000 0.0555006639
8 17 3 5008 3000 0.0555006639
9 17 3 5009 3000 0.0555006639
10 17 3 5010 3000 0.0555006639
11 17 3 5011 3000 0.0555006639
12 17 3 5012 3000 0.0557580224
13 17 3 5013 3000 0.0557580224
14 17 3 5014 3000 0.0557580224
15 17 3 5015 3000 0.0557580224
0 17 3 5000 3000 0.0557580224
1 17 3 5001 3000 0.0557580224
2 17 3 5002 3000 0.0557580224
3 17 3 5003 3000 0.0557580224
4 17 3 5004 3000 0.0559238516
5 17 3 5005 3000 0.0559238516
6 17 3 5006 3000 0.0559238516
7 17 3 5007 3000 0.0559238516
8 17 3 5008 3000 0.0559238516
9 17 3 5009 3000 0.0559238516
10 17 3 5010 3000 0.0559238516
11 17 3 5011 3000 0.0559238516
12 17 3 5012 3000 0.0559238516
13 17 3 5013 3000 0.0559238516
14 17 3 5014 3000 0.0559238516
15 17 3 5015 3000 0.0559238516
0 17 3 5000 3000 0.0559238516
1 17 3 5001 3000 0.0559238516
2 17 3 5002 3000 0.0559238516
3 17 3 5003 3000 0.0559238516
4 17 3 5004 3000 0.0559238516
5 17 3 5005 3000 0.0559238516
6 17 3 5006 3000 0.0559238516
7 17 3 5007 3000 0.0559238516
8 17 3 5008 3000 0.0561045595
9 17 3 5009 3000 0.0561045595
10 17 3 5010 3000 0.0561045595
11 17 3 5011 3000 0.0561045595
12 17 3 5012 3000 0.0561045595
13 17 3 5013 3000 0.0561045595
14 17 3 5014 3000 0.0561045595
15 17 3 5015 3000 0.0561045595
0 17 3 5000 3000 0.0561045595
1 17 3 5001 3000 0.0561045595
2 17 3 5002 3000 0.0561045595
3 17 3 5003 3000 0.0561045595
4 17 3 5004 3000 0.0561045595
5 17 3 5005 3000 0.0561045595
6 17 3 5006 3000 0.0561045595
7 17 3 5007 3000 0.0561045595
8 17 3 5008 3000 0.0562897689
9 17 3 5009 3000 0.0562897689
10 17 3 5010 3000 0.0562897689
11 17 3 5011 3000 0.0562897689
12 17 3 5012 3000 0.0562897689
13 17 3 5013 3000 0.0562897689
14 17 3 5014 3000 0.0562897689
15 17 3 5015 3000 0.0562897689
