66 1 1 65
64
0 64 40000000000.0 2us 0
1 64 40000000000.0 2us 0
2 64 40000000000.0 2us 0
3 64 40000000000.0 2us 0
4 64 40000000000.0 2us 0
5 64 40000000000.0 2us 0
6 64 40000000000.0 2us 0
7 64 40000000000.0 2us 0
8 64 40000000000.0 2us 0
9 64 40000000000.0 2us 0
10 64 40000000000.0 2us 0
11 64 40000000000.0 2us 0
12 64 40000000000.0 2us 0
13 64 40000000000.0 2us 0
14 64 40000000000.0 2us 0
15 64 40000000000.0 2us 0
16 64 40000000000.0 2us 0
17 64 40000000000.0 2us 0
18 64 40000000000.0 2us 0
19 64 40000000000.0 2us 0
20 64 40000000000.0 2us 0
21 64 40000000000.0 2us 0
22 64 40000000000.0 2us 0
23 64 40000000000.0 2us 0
24 64 40000000000.0 2us 0
25 64 40000000000.0 2us 0
26 64 40000000000.0 2us 0
27 64 40000000000.0 2us 0
28 64 40000000000.0 2us 0
29 64 40000000000.0 2us 0
30 64 40000000000.0 2us 0
31 64 40000000000.0 2us 0
32 64 40000000000.0 2us 0
33 64 40000000000.0 2us 0
34 64 40000000000.0 2us 0
35 64 40000000000.0 2us 0
36 64 40000000000.0 2us 0
37 64 40000000000.0 2us 0
38 64 40000000000.0 2us 0
39 64 40000000000.0 2us 0
40 64 40000000000.0 2us 0
41 64 40000000000.0 2us 0
42 64 40000000000.0 2us 0
43 64 40000000000.0 2us 0
44 64 40000000000.0 2us 0
45 64 40000000000.0 2us 0
46 64 40000000000.0 2us 0
47 64 40000000000.0 2us 0
48 64 40000000000.0 2us 0
49 64 40000000000.0 2us 0
50 64 40000000000.0 2us 0
51 64 40000000000.0 2us 0
52 64 40000000000.0 2us 0
53 64 40000000000.0 2us 0
54 64 40000000000.0 2us 0
55 64 40000000000.0 2us 0
56 64 40000000000.0 2us 0
57 64 40000000000.0 2us 0
58 64 40000000000.0 2us 0
59 64 40000000000.0 2us 0
60 64 40000000000.0 2us 0
61 64 40000000000.0 2us 0
62 64 40000000000.0 2us 0
63 64 40000000000.0 2us 0
64 65 40000000000.0 2us 0
