66 1 1 65
64
0 64 10000000000.0 10us 0
1 64 10000000000.0 10us 0
2 64 10000000000.0 10us 0
3 64 10000000000.0 10us 0
4 64 10000000000.0 10us 0
5 64 10000000000.0 10us 0
6 64 10000000000.0 10us 0
7 64 10000000000.0 10us 0
8 64 10000000000.0 10us 0
9 64 10000000000.0 10us 0
10 64 10000000000.0 10us 0
11 64 10000000000.0 10us 0
12 64 10000000000.0 10us 0
13 64 10000000000.0 10us 0
14 64 10000000000.0 10us 0
15 64 10000000000.0 10us 0
16 64 10000000000.0 10us 0
17 64 10000000000.0 10us 0
18 64 10000000000.0 10us 0
19 64 10000000000.0 10us 0
20 64 10000000000.0 10us 0
21 64 10000000000.0 10us 0
22 64 10000000000.0 10us 0
23 64 10000000000.0 10us 0
24 64 10000000000.0 10us 0
25 64 10000000000.0 10us 0
26 64 10000000000.0 10us 0
27 64 10000000000.0 10us 0
28 64 10000000000.0 10us 0
29 64 10000000000.0 10us 0
30 64 10000000000.0 10us 0
31 64 10000000000.0 10us 0
32 64 10000000000.0 10us 0
33 64 10000000000.0 10us 0
34 64 10000000000.0 10us 0
35 64 10000000000.0 10us 0
36 64 10000000000.0 10us 0
37 64 10000000000.0 10us 0
38 64 10000000000.0 10us 0
39 64 10000000000.0 10us 0
40 64 10000000000.0 10us 0
41 64 10000000000.0 10us 0
42 64 10000000000.0 10us 0
43 64 10000000000.0 10us 0
44 64 10000000000.0 10us 0
45 64 10000000000.0 10us 0
46 64 10000000000.0 10us 0
47 64 10000000000.0 10us 0
48 64 10000000000.0 10us 0
49 64 10000000000.0 10us 0
50 64 10000000000.0 10us 0
51 64 10000000000.0 10us 0
52 64 10000000000.0 10us 0
53 64 10000000000.0 10us 0
54 64 10000000000.0 10us 0
55 64 10000000000.0 10us 0
56 64 10000000000.0 10us 0
57 64 10000000000.0 10us 0
58 64 10000000000.0 10us 0
59 64 10000000000.0 10us 0
60 64 10000000000.0 10us 0
61 64 10000000000.0 10us 0
62 64 10000000000.0 10us 0
63 64 10000000000.0 10us 0
64 65 10000000000.0 10us 0
