22 1 1 21
20
0 20 40000000000.0 2us 0
1 20 40000000000.0 2us 0
2 20 40000000000.0 2us 0
3 20 40000000000.0 2us 0
4 20 40000000000.0 2us 0
5 20 40000000000.0 2us 0
6 20 40000000000.0 2us 0
7 20 40000000000.0 2us 0
8 20 40000000000.0 2us 0
9 20 40000000000.0 2us 0
10 20 40000000000.0 2us 0
11 20 40000000000.0 2us 0
12 20 40000000000.0 2us 0
13 20 40000000000.0 2us 0
14 20 40000000000.0 2us 0
15 20 40000000000.0 2us 0
16 20 40000000000.0 2us 0
17 20 40000000000.0 2us 0
18 20 40000000000.0 2us 0
19 20 40000000000.0 2us 0
20 21 40000000000.0 2us 0
