320 
89 101 3 100 6184239 0.000141760
115 92 3 100 29284 0.000273922
17 66 3 100 783089 0.000275106
33 88 3 100 32678 0.000412915
66 117 3 100 734436 0.000496729
125 114 3 100 8880 0.000542200
5 88 3 100 1649542 0.000571320
31 54 3 100 5239 0.000677274
65 116 3 100 28133 0.000763693
102 97 3 100 9229878 0.000790813
96 69 3 100 70776 0.001013190
55 66 3 100 3775 0.001880048
110 60 3 100 2707463 0.001937961
111 18 3 100 2386579 0.002103452
22 73 3 100 1916726 0.002336340
32 46 3 100 36737 0.002514690
2 119 3 100 173197 0.002604934
127 44 3 100 1273229 0.002654218
94 60 3 100 52252 0.002690701
80 25 3 100 751712 0.002841026
120 87 3 100 316 0.002971001
44 42 3 100 4821898 0.003204567
23 103 3 100 175003 0.003248618
117 61 3 100 75809 0.003249834
25 92 3 100 4991 0.003343759
52 99 3 100 635175 0.003517047
22 118 3 100 41132 0.003547020
35 1 3 100 58923 0.003574414
2 70 3 100 2822 0.003639901
104 95 3 100 2665993 0.003703531
105 58 3 100 5731389 0.003806282
54 19 3 100 1361155 0.003828362
81 14 3 100 23019 0.003858328
69 78 3 100 231985 0.004121068
38 35 3 100 23818963 0.004536483
37 29 3 100 51153 0.004781225
113 18 3 100 21381 0.004839252
109 5 3 100 3138724 0.005042166
91 4 3 100 1001353 0.005152746
88 7 3 100 3935 0.005192339
92 16 3 100 181808 0.005244483
126 66 3 100 78322 0.005525986
4 86 3 100 534532 0.005596269
2 52 3 100 26150 0.005768642
24 2 3 100 9535333 0.005807152
22 29 3 100 7509 0.005835399
15 55 3 100 167935 0.005982176
50 111 3 100 128850 0.006063280
26 102 3 100 1893600 0.006275141
58 28 3 100 14602 0.006293248
42 87 3 100 4472502 0.006317631
69 66 3 100 4475973 0.006491746
124 110 3 100 1373689 0.006552501
102 95 3 100 31019 0.006561939
33 122 3 100 29347 0.006673459
102 53 3 100 732684 0.006803847
0 123 3 100 37961 0.006848841
109 52 3 100 74070 0.006966148
45 97 3 100 7886666 0.007346173
50 109 3 100 410759 0.007355904
90 21 3 100 2626938 0.007457468
80 48 3 100 27228 0.007465916
123 36 3 100 62052 0.007509104
84 88 3 100 194839 0.007545892
81 13 3 100 8110050 0.007807735
109 36 3 100 16177 0.007816463
127 10 3 100 26769 0.008081971
124 25 3 100 1419469 0.008093382
6 88 3 100 11900 0.008389800
119 35 3 100 69290 0.008562970
83 26 3 100 4219597 0.008719961
57 66 3 100 4409 0.008793879
3 43 3 100 482991 0.008901436
75 9 3 100 462342 0.008930107
4 125 3 100 3198317 0.008934621
93 125 3 100 1569121 0.009005839
109 99 3 100 149902 0.009011008
104 119 3 100 199974 0.009058812
39 29 3 100 955731 0.009086351
88 60 3 100 45578 0.009134310
62 54 3 100 25828 0.009234388
17 56 3 100 54897 0.009382242
10 94 3 100 2283730 0.009421778
5 57 3 100 5326899 0.009637809
53 2 3 100 14733 0.009986661
108 98 3 100 3687105 0.010173811
31 40 3 100 1492314 0.010566311
101 40 3 100 9206 0.010658408
8 73 3 100 17670 0.010947434
28 87 3 100 20410 0.011126520
97 15 3 100 186642 0.011140102
62 37 3 100 7662394 0.011483586
43 116 3 100 74895 0.011543263
45 9 3 100 3879 0.011849285
69 41 3 100 1340983 0.011874936
126 41 3 100 77144 0.011876524
22 43 3 100 56452 0.011911453
68 107 3 100 15133082 0.011975850
41 119 3 100 11582 0.012071944
46 75 3 100 42223 0.012365606
16 78 3 100 9746465 0.012400319
73 70 3 100 22177 0.012626159
36 84 3 100 5954 0.012732817
9 40 3 100 260263 0.012773463
59 49 3 100 73164 0.012784953
64 21 3 100 8469 0.012802212
119 32 3 100 62301 0.013114197
126 60 3 100 1682103 0.013353754
105 11 3 100 47617 0.013576093
91 41 3 100 8651363 0.013848622
126 32 3 100 8155 0.013868196
12 2 3 100 42609 0.013890658
124 41 3 100 5845 0.013957119
61 17 3 100 1067450 0.014008786
115 85 3 100 4457673 0.014013293
40 26 3 100 843367 0.014154283
95 117 3 100 4859 0.014213641
104 25 3 100 70234 0.014231217
57 64 3 100 10664613 0.014424658
3 104 3 100 1918361 0.014553641
9 32 3 100 5448221 0.014590199
127 101 3 100 3358627 0.014604145
109 62 3 100 1997053 0.014983204
84 52 3 100 5975 0.015030354
60 74 3 100 75598 0.015086947
124 108 3 100 21972 0.015388214
106 61 3 100 9921 0.015485857
123 74 3 100 52 0.015762500
47 42 3 100 22167496 0.015958683
104 11 3 100 15885 0.016111171
77 59 3 100 1365387 0.016152477
9 75 3 100 7477946 0.016207587
17 1 3 100 2331655 0.016255192
121 32 3 100 7064 0.016346684
113 88 3 100 32019 0.016380545
17 119 3 100 5277289 0.016393585
64 110 3 100 55834 0.016562075
100 63 3 100 601831 0.016863512
26 80 3 100 400628 0.016886872
62 82 3 100 170600 0.016935363
70 46 3 100 26312 0.016942603
4 89 3 100 1597395 0.017324382
101 116 3 100 9808 0.017342147
95 58 3 100 5062033 0.017607442
112 97 3 100 33349 0.017708753
121 49 3 100 954201 0.017738230
18 123 3 100 1051456 0.017757248
59 38 3 100 7542 0.017766820
97 26 3 100 28030 0.017993024
119 49 3 100 100560 0.018032714
112 42 3 100 18540 0.018180775
69 93 3 100 22596 0.018241732
25 40 3 100 33223 0.018255725
119 77 3 100 4928481 0.018563286
34 24 3 100 28486 0.018763616
82 60 3 100 7473 0.018817531
67 58 3 100 43200 0.018904728
45 74 3 100 37914 0.019042722
44 7 3 100 56911 0.019174850
34 30 3 100 5398 0.019182121
100 77 3 100 100206 0.019259291
18 19 3 100 5938 0.019537219
98 5 3 100 736419 0.019553574
104 15 3 100 34539 0.019772903
125 8 3 100 2486646 0.019826714
85 20 3 100 2302 0.019835551
50 100 3 100 69258 0.019848252
71 54 3 100 48352 0.019860031
82 9 3 100 29428 0.020103187
32 76 3 100 79311 0.020214440
46 94 3 100 1645788 0.020220282
91 66 3 100 1104865 0.020294699
0 56 3 100 97409 0.020431741
125 44 3 100 7722479 0.020669010
53 40 3 100 3552411 0.020849479
41 84 3 100 591 0.020909408
118 33 3 100 84084 0.021034627
54 86 3 100 6794675 0.021240553
64 19 3 100 4756247 0.021326904
114 20 3 100 22824 0.021415836
33 45 3 100 1605108 0.021426706
77 6 3 100 563375 0.021507768
6 34 3 100 54149 0.021661267
85 114 3 100 3947955 0.021743568
39 67 3 100 40189 0.022022373
99 31 3 100 556430 0.022084551
91 12 3 100 26227 0.022105237
119 104 3 100 267519 0.022545061
112 29 3 100 16523 0.022742128
28 97 3 100 187522 0.022826937
109 24 3 100 27949 0.022987270
25 106 3 100 4530 0.022998694
99 22 3 100 3753444 0.023031496
45 118 3 100 42696 0.023365206
32 115 3 100 2769449 0.023369398
101 37 3 100 20074946 0.023559675
127 72 3 100 503395 0.023666994
50 63 3 100 76245 0.023739379
23 28 3 100 3914355 0.023829359
41 120 3 100 57429 0.023959483
53 19 3 100 2966537 0.024140902
3 25 3 100 30139 0.024316071
86 21 3 100 1226700 0.024487854
42 30 3 100 76315 0.024572855
45 60 3 100 1965269 0.024738618
126 107 3 100 252603 0.024998702
75 0 3 100 9773835 0.025000438
11 109 3 100 554035 0.025202013
57 11 3 100 3989051 0.025361250
31 125 3 100 5525 0.025967284
90 45 3 100 34882 0.026010559
92 47 3 100 980 0.026109662
10 88 3 100 33159 0.026124137
32 66 3 100 13972 0.026337640
0 122 3 100 3871017 0.026340629
41 10 3 100 683714 0.026360329
124 102 3 100 14788 0.026427778
82 50 3 100 62308 0.027289368
44 113 3 100 2740488 0.027452390
73 122 3 100 4734080 0.027706474
99 106 3 100 29629 0.027833490
3 37 3 100 564299 0.028129443
50 107 3 100 327205 0.028177615
104 84 3 100 1938700 0.028192456
23 18 3 100 53878 0.028382606
16 57 3 100 48190 0.028528202
1 86 3 100 189426 0.028565898
43 86 3 100 73980 0.028712519
92 105 3 100 1288464 0.028726196
2 46 3 100 805096 0.028958539
54 59 3 100 23258 0.029236845
54 85 3 100 1112482 0.029319846
5 44 3 100 1832570 0.029467306
117 89 3 100 41010 0.029485902
86 98 3 100 5797 0.029735283
68 91 3 100 4685 0.029890961
66 127 3 100 59750 0.029932071
34 87 3 100 102151 0.030277725
96 74 3 100 56654 0.030353538
30 60 3 100 3994931 0.030544673
89 67 3 100 64333 0.030618487
84 115 3 100 18749 0.030802172
105 122 3 100 39753 0.030826715
92 112 3 100 550048 0.030947328
118 35 3 100 2919380 0.030968687
46 94 3 100 41486 0.031002263
93 63 3 100 25199 0.031177498
21 38 3 100 1177 0.031228311
90 92 3 100 4800753 0.031240218
59 15 3 100 2359 0.031334868
25 3 3 100 23060 0.031564309
20 48 3 100 28113 0.031585186
63 121 3 100 9574160 0.031595197
51 50 3 100 2936982 0.031610401
8 33 3 100 6093 0.031671102
11 59 3 100 44852 0.031702498
8 41 3 100 29756 0.032045501
16 78 3 100 1568470 0.032059976
66 22 3 100 51499 0.032455764
104 96 3 100 3088643 0.032673436
116 100 3 100 212345 0.032764929
29 84 3 100 13288 0.032856031
19 123 3 100 56543 0.033290066
101 97 3 100 57722 0.033571583
82 32 3 100 63825 0.033718335
90 74 3 100 7229 0.033872406
101 42 3 100 7547 0.034031907
41 88 3 100 59913 0.034087670
52 91 3 100 998378 0.034190804
11 107 3 100 27681 0.034194737
108 37 3 100 24381 0.034231230
87 51 3 100 113867 0.034297629
109 58 3 100 1084624 0.034322950
23 6 3 100 6006 0.034357178
8 7 3 100 6756561 0.034538733
84 89 3 100 29050 0.034867399
49 39 3 100 13635 0.035023219
103 22 3 100 15708 0.035186338
30 74 3 100 9216 0.035938412
116 49 3 100 5680204 0.035960864
56 53 3 100 40204 0.036442968
93 121 3 100 9777 0.036875338
44 113 3 100 1435579 0.036981257
65 52 3 100 9785 0.037013234
71 112 3 100 77827 0.037223052
79 20 3 100 1981949 0.037287076
117 21 3 100 1218 0.037329204
8 71 3 100 48221 0.037524927
81 113 3 100 73641 0.037605703
118 38 3 100 6939 0.037711939
31 62 3 100 10835118 0.037714179
2 6 3 100 20792 0.038955239
23 19 3 100 26300 0.038985256
109 91 3 100 29839 0.039235155
101 9 3 100 43819 0.039388640
87 74 3 100 9033 0.039420128
66 41 3 100 65846 0.040512325
111 38 3 100 167831 0.040601106
53 54 3 100 1793685 0.040780974
103 54 3 100 1809874 0.040784183
109 39 3 100 1109802 0.040900036
58 71 3 100 6130 0.041175707
33 97 3 100 719598 0.041225343
122 58 3 100 8129 0.041337177
31 48 3 100 76284 0.041381072
1 6 3 100 3223 0.041652619
123 38 3 100 31268 0.042033078
41 97 3 100 314144 0.042357979
29 85 3 100 132196 0.042665288
31 95 3 100 4853 0.042950317
91 89 3 100 40673 0.043052826
111 32 3 100 1378169 0.043213976
6 93 3 100 1895 0.043372504
119 73 3 100 12258 0.044607155
117 22 3 100 3822916 0.044721871
68 45 3 100 355643 0.045312171
92 23 3 100 79114 0.046105923
83 37 3 100 844 0.046327512
12 109 3 100 3995045 0.048084834
60 5 3 100 3441933 0.049155967
