819 
60 11 3 100 61024 0.000013641
47 118 3 100 66690 0.000041436
116 13 3 100 2049621 0.000045925
86 21 3 100 7180 0.000049343
59 118 3 100 11673 0.000050739
95 109 3 100 1643731 0.000072254
23 7 3 100 49702 0.000075100
122 64 3 100 868779 0.000075300
124 103 3 100 6130381 0.000222312
81 91 3 100 5594945 0.000230714
100 83 3 100 4918 0.000364393
11 90 3 100 860710 0.000423322
109 42 3 100 27800442 0.000464611
60 87 3 100 30437 0.000529112
16 11 3 100 4599728 0.000585310
72 50 3 100 21304 0.000611195
48 126 3 100 15110 0.000869157
22 119 3 100 22592 0.000938594
116 123 3 100 1556816 0.000945831
5 58 3 100 819026 0.000955835
45 79 3 100 7293 0.001119946
58 90 3 100 7090 0.001152854
77 127 3 100 28303 0.001217248
104 5 3 100 3712 0.001288973
97 23 3 100 1046690 0.001578238
95 5 3 100 4403144 0.001581290
109 82 3 100 1507990 0.001751947
31 117 3 100 6203770 0.001769149
105 124 3 100 1333093 0.001852061
77 19 3 100 49301 0.001872884
47 77 3 100 1810461 0.001977426
118 50 3 100 59099 0.002015936
66 124 3 100 1165398 0.002127029
55 21 3 100 54373 0.002202467
88 101 3 100 461463 0.002228943
87 32 3 100 2361 0.002229527
27 56 3 100 128010 0.002230587
113 67 3 100 26154706 0.002233806
69 111 3 100 50080 0.002239384
0 1 3 100 31515 0.002412993
34 79 3 100 6016 0.002523656
5 58 3 100 93720 0.002564308
118 64 3 100 72462 0.002570547
96 108 3 100 74140 0.002577140
125 121 3 100 76904 0.002634970
101 99 3 100 1743 0.002670550
93 1 3 100 58974 0.002676340
101 76 3 100 2458 0.002756249
93 102 3 100 134989 0.002759699
121 58 3 100 325517 0.002772847
23 5 3 100 1128207 0.002806782
73 14 3 100 54823 0.002814324
114 15 3 100 7093587 0.002817182
117 18 3 100 4858 0.002837223
100 22 3 100 7046726 0.002857303
123 103 3 100 2394 0.002878269
113 10 3 100 4764641 0.002910579
84 13 3 100 4132186 0.002921140
54 89 3 100 8979 0.002993919
76 6 3 100 26438 0.003032822
27 80 3 100 78561 0.003062186
12 58 3 100 728701 0.003192527
7 49 3 100 8919 0.003245465
60 57 3 100 7500489 0.003389845
59 2 3 100 30327 0.003413616
109 46 3 100 4532029 0.003414447
113 12 3 100 30106 0.003452390
108 23 3 100 65986 0.003624502
54 49 3 100 35009 0.003635792
54 68 3 100 1106425 0.003637957
53 90 3 100 6425 0.003642720
60 113 3 100 14445 0.003643413
74 66 3 100 76852 0.003755407
86 99 3 100 3003 0.003765788
80 99 3 100 8273 0.003779484
79 16 3 100 156449 0.003796947
87 4 3 100 927623 0.003799325
101 38 3 100 365314 0.003817881
78 102 3 100 4416153 0.003910179
91 8 3 100 16444 0.003921659
103 38 3 100 2145594 0.004135153
51 105 3 100 50251 0.004227597
125 46 3 100 77590 0.004235946
32 101 3 100 36469 0.004252696
39 20 3 100 8279171 0.004294402
55 42 3 100 3952 0.004334896
95 4 3 100 4037170 0.004352161
103 29 3 100 4801403 0.004362989
112 3 3 100 76215 0.004404889
54 115 3 100 1028 0.004417549
7 93 3 100 62459 0.004435175
33 29 3 100 1176 0.004504629
87 102 3 100 582938 0.004529282
42 32 3 100 44738 0.004586295
4 109 3 100 10209978 0.004774965
111 114 3 100 2808 0.004840158
64 34 3 100 1542289 0.004841060
119 63 3 100 10939 0.004923285
127 77 3 100 36852 0.005018533
47 120 3 100 38638 0.005058167
86 99 3 100 28875 0.005134417
83 82 3 100 58011 0.005142719
3 42 3 100 4631366 0.005159219
74 17 3 100 2291 0.005178853
120 109 3 100 26160 0.005189568
6 84 3 100 9650974 0.005344545
14 102 3 100 401215 0.005418390
36 21 3 100 257818 0.005572507
117 112 3 100 1737 0.005786243
7 25 3 100 4844717 0.005807192
73 66 3 100 756382 0.005829969
23 88 3 100 51337 0.005927785
17 103 3 100 71101 0.005968529
7 94 3 100 1150761 0.006013848
0 35 3 100 10372 0.006014557
48 21 3 100 73278 0.006028111
3 41 3 100 5028 0.006050987
107 51 3 100 5589 0.006051615
127 89 3 100 21190 0.006086025
89 88 3 100 65672 0.006100893
13 57 3 100 4180698 0.006101970
65 94 3 100 48929 0.006192670
39 122 3 100 1986823 0.006208874
60 115 3 100 2371791 0.006241549
17 108 3 100 7687468 0.006291918
122 2 3 100 76289 0.006326689
61 53 3 100 17057 0.006382707
2 100 3 100 6316379 0.006413700
93 72 3 100 612 0.006436484
117 21 3 100 2145494 0.006502241
2 61 3 100 10075 0.006571386
105 35 3 100 65063 0.006722389
26 99 3 100 6879 0.006812262
106 107 3 100 44076 0.006882576
99 115 3 100 162416 0.006897084
20 32 3 100 77711 0.006899415
34 62 3 100 6494034 0.006924956
48 16 3 100 36836 0.006936417
97 46 3 100 187396 0.006974310
125 31 3 100 52700 0.007017847
64 75 3 100 7788306 0.007091507
102 62 3 100 3141267 0.007113520
30 97 3 100 23247 0.007118397
120 63 3 100 424949 0.007136361
20 23 3 100 1966890 0.007157436
121 68 3 100 71770 0.007177485
114 109 3 100 3745545 0.007183339
1 114 3 100 1321281 0.007297368
64 25 3 100 7018253 0.007314532
124 65 3 100 8083 0.007320616
100 71 3 100 8159340 0.007599528
37 123 3 100 78728 0.007715887
51 26 3 100 67422 0.007742419
112 48 3 100 884263 0.007771311
87 124 3 100 1741382 0.007778844
41 82 3 100 9312195 0.007795692
0 61 3 100 33516 0.007841121
106 121 3 100 1844055 0.007930412
10 78 3 100 513894 0.007931231
33 39 3 100 78949 0.007979756
47 126 3 100 30348 0.008082315
78 4 3 100 18571589 0.008131907
90 95 3 100 472439 0.008137134
119 59 3 100 67858 0.008145537
123 121 3 100 2303153 0.008160360
65 111 3 100 1904001 0.008218592
63 95 3 100 56902 0.008506028
40 75 3 100 19627 0.008519156
102 91 3 100 17814812 0.008628525
66 72 3 100 742043 0.008635145
74 98 3 100 880178 0.008782733
120 8 3 100 421609 0.008844408
102 32 3 100 3016997 0.008979769
2 12 3 100 1533050 0.009007608
69 56 3 100 68933 0.009010416
68 4 3 100 9122 0.009024761
25 22 3 100 2806522 0.009062923
82 71 3 100 92930 0.009067855
72 15 3 100 12844 0.009071266
75 98 3 100 703289 0.009124810
69 75 3 100 666350 0.009133397
29 97 3 100 177581 0.009227938
60 0 3 100 4960238 0.009280971
117 47 3 100 180774 0.009311207
56 90 3 100 2632213 0.009512774
97 121 3 100 1298942 0.009634209
38 58 3 100 61269 0.009661574
47 127 3 100 6847 0.009748842
120 48 3 100 48513 0.009778658
110 2 3 100 31966 0.009883639
113 124 3 100 2009 0.009886884
82 65 3 100 6249 0.009914865
94 91 3 100 72426 0.009953134
107 17 3 100 79727 0.009954239
109 70 3 100 58017 0.009969275
31 69 3 100 7586 0.010024138
104 2 3 100 39083 0.010073281
60 17 3 100 1673625 0.010111575
89 110 3 100 30154 0.010184651
87 74 3 100 2871189 0.010198795
125 45 3 100 24234 0.010205241
124 64 3 100 3370 0.010209916
10 110 3 100 2849080 0.010268135
43 24 3 100 3110039 0.010384104
3 31 3 100 73158 0.010388334
95 125 3 100 35570 0.010409907
38 113 3 100 7457864 0.010500451
121 109 3 100 431209 0.010539485
63 99 3 100 28253730 0.010648023
40 22 3 100 897950 0.010653929
70 108 3 100 6841 0.010737320
115 66 3 100 24760 0.010750804
13 25 3 100 70904 0.010781494
99 113 3 100 12778 0.010948881
110 6 3 100 1305900 0.010974726
46 88 3 100 923159 0.011004784
46 124 3 100 1850256 0.011007701
30 28 3 100 25670 0.011076006
88 100 3 100 1751245 0.011126348
1 29 3 100 75675 0.011206127
49 92 3 100 89092 0.011210247
68 115 3 100 48327 0.011321092
94 54 3 100 18896 0.011393767
127 20 3 100 2250 0.011502025
25 86 3 100 6669 0.011502517
1 61 3 100 346565 0.011516415
27 60 3 100 74835 0.011643718
89 93 3 100 33320 0.011657537
57 72 3 100 72581 0.011774597
63 51 3 100 7011387 0.011862073
106 76 3 100 16657 0.011862502
77 92 3 100 339908 0.011907703
15 82 3 100 110346 0.011948607
65 21 3 100 2911476 0.011960354
20 104 3 100 15949 0.012093982
99 72 3 100 21439227 0.012205485
37 2 3 100 163392 0.012261215
115 76 3 100 77518 0.012282989
104 77 3 100 4430943 0.012294659
106 19 3 100 38398 0.012583856
45 35 3 100 1911 0.012606994
78 75 3 100 25565 0.012670352
50 34 3 100 34707 0.012674330
58 127 3 100 1162 0.012677474
127 20 3 100 17248 0.012686726
34 106 3 100 1894607 0.012708090
34 40 3 100 194784 0.012731433
9 86 3 100 2831994 0.012800456
49 50 3 100 54106 0.012830886
12 108 3 100 59772 0.012843032
67 97 3 100 1070652 0.012865942
59 23 3 100 148045 0.012894653
28 46 3 100 16033 0.012981519
10 122 3 100 3857592 0.012988286
57 114 3 100 36940 0.013159754
47 112 3 100 10394 0.013163329
4 109 3 100 8184 0.013357495
108 118 3 100 38521 0.013388605
84 81 3 100 6310490 0.013397058
18 60 3 100 519999 0.013460496
113 76 3 100 8332 0.013475565
51 47 3 100 193109 0.013492131
1 104 3 100 30961 0.013516761
43 68 3 100 954509 0.013538501
107 111 3 100 8209390 0.013603108
123 1 3 100 888656 0.013644984
74 47 3 100 829276 0.013652299
7 74 3 100 1850 0.013666259
2 83 3 100 18358235 0.013711693
71 91 3 100 2503 0.013888858
94 64 3 100 54470 0.013944277
28 73 3 100 11883 0.013950407
34 1 3 100 7304203 0.014022206
86 47 3 100 25836 0.014100844
95 112 3 100 58708 0.014124770
51 38 3 100 38320 0.014162786
25 60 3 100 67469 0.014163761
37 87 3 100 342749 0.014225972
47 95 3 100 44603 0.014239977
96 122 3 100 23624 0.014313026
87 53 3 100 2270710 0.014388725
83 14 3 100 7700474 0.014397030
85 65 3 100 20885 0.014403592
113 118 3 100 1501519 0.014440497
12 2 3 100 22934 0.014489888
30 17 3 100 77706 0.014511038
108 114 3 100 38942 0.014517333
71 39 3 100 7209194 0.014756619
11 9 3 100 2121588 0.014793599
46 45 3 100 2603794 0.014840752
5 18 3 100 1706034 0.014850910
36 91 3 100 2188191 0.014950472
40 57 3 100 61688 0.015012831
124 91 3 100 2037 0.015045279
111 79 3 100 10298 0.015055652
29 78 3 100 14066 0.015063027
110 80 3 100 62701 0.015264229
13 7 3 100 13202209 0.015272685
79 28 3 100 69342 0.015331495
97 65 3 100 8020125 0.015347686
96 106 3 100 6347828 0.015475185
54 102 3 100 79631 0.015478937
119 40 3 100 79309 0.015511767
2 108 3 100 577136 0.015522013
87 77 3 100 21371 0.015523623
92 12 3 100 5992 0.015557268
6 120 3 100 22312 0.015585850
59 53 3 100 15822672 0.015610004
64 68 3 100 42022 0.015697006
109 88 3 100 53387 0.015723435
97 11 3 100 34248 0.015855492
53 18 3 100 23447 0.015873745
28 27 3 100 540156 0.015883323
1 32 3 100 5178654 0.015936981
58 18 3 100 47757 0.016046337
35 81 3 100 51255 0.016125334
15 5 3 100 3043336 0.016299331
0 15 3 100 1785574 0.016306912
30 15 3 100 16291319 0.016355865
3 27 3 100 1044 0.016486652
7 62 3 100 58367 0.016573452
70 96 3 100 2691 0.016656303
9 17 3 100 58831 0.016662565
41 112 3 100 1601740 0.016757162
66 49 3 100 3758261 0.016797868
93 110 3 100 1795785 0.016909141
64 0 3 100 8609 0.016936784
88 70 3 100 1167727 0.017108724
15 59 3 100 65227 0.017207999
40 38 3 100 60499 0.017232984
25 116 3 100 914689 0.017263708
110 55 3 100 2289890 0.017292269
114 116 3 100 12290 0.017294923
124 14 3 100 2535 0.017298501
24 40 3 100 67366 0.017299681
60 12 3 100 44054 0.017301800
40 33 3 100 8173403 0.017303057
72 127 3 100 30857 0.017353560
76 125 3 100 31919 0.017400125
1 39 3 100 9685121 0.017414901
31 69 3 100 1048843 0.017423853
57 42 3 100 17013 0.017423907
113 75 3 100 3181857 0.017472636
93 63 3 100 7685 0.017498353
75 89 3 100 7758 0.017636980
68 101 3 100 1431 0.017680190
10 57 3 100 24073164 0.017718142
81 63 3 100 20855 0.017722138
44 34 3 100 84312 0.017806529
2 16 3 100 8835 0.017859846
106 32 3 100 4249479 0.017980776
122 66 3 100 27978 0.017988943
38 40 3 100 6195 0.018010185
66 54 3 100 73362 0.018050428
125 21 3 100 6624526 0.018053665
48 61 3 100 1088207 0.018054738
5 66 3 100 409030 0.018058956
4 44 3 100 3106586 0.018080281
100 109 3 100 837222 0.018081845
91 57 3 100 4021 0.018182028
49 61 3 100 1516464 0.018191163
18 70 3 100 1621862 0.018232237
75 56 3 100 12462 0.018247926
12 38 3 100 31961 0.018256575
66 72 3 100 9094 0.018408662
127 97 3 100 26150 0.018523422
96 50 3 100 831241 0.018591317
120 26 3 100 2024951 0.018652014
66 46 3 100 1186914 0.018687606
50 105 3 100 50954 0.018796143
30 47 3 100 6237 0.018995973
77 109 3 100 9749321 0.019048323
98 2 3 100 5834218 0.019127546
69 97 3 100 21376 0.019127576
97 102 3 100 24744 0.019218709
127 86 3 100 83405 0.019254038
23 92 3 100 71178 0.019271541
0 82 3 100 8183 0.019374937
64 17 3 100 45614 0.019383941
48 77 3 100 28906 0.019409640
76 9 3 100 29870 0.019591155
93 10 3 100 323146 0.019617244
72 23 3 100 23000 0.019736360
5 29 3 100 21178 0.019765773
69 12 3 100 452666 0.019830385
28 4 3 100 42161 0.019878576
82 56 3 100 62495 0.020001462
16 58 3 100 4852930 0.020041636
116 58 3 100 77809 0.020052427
42 22 3 100 3775111 0.020058100
114 88 3 100 10176972 0.020071693
70 2 3 100 625223 0.020080444
110 118 3 100 33028 0.020118753
79 41 3 100 258 0.020124682
98 59 3 100 47256 0.020129418
31 62 3 100 114053 0.020257482
8 49 3 100 10725 0.020297983
50 24 3 100 910981 0.020308963
82 9 3 100 26588 0.020354808
72 31 3 100 35319 0.020360521
39 103 3 100 1293553 0.020374791
25 104 3 100 74494 0.020440101
124 72 3 100 61038 0.020515872
93 110 3 100 29972 0.020561343
81 99 3 100 10336 0.020674267
61 65 3 100 4723 0.020796345
14 121 3 100 19166 0.020830767
85 118 3 100 92829 0.020855278
19 106 3 100 12284935 0.020939079
60 66 3 100 10789 0.021040712
26 57 3 100 685531 0.021086510
59 12 3 100 12858 0.021118879
127 7 3 100 21771 0.021186953
50 16 3 100 62259 0.021190684
15 121 3 100 4177 0.021205445
69 25 3 100 3019933 0.021327419
68 113 3 100 1986496 0.021379586
25 88 3 100 17297 0.021443142
62 82 3 100 38183 0.021465748
25 35 3 100 8450265 0.021524416
12 70 3 100 2546 0.021593133
107 9 3 100 46826 0.021677762
106 88 3 100 918355 0.021709178
94 121 3 100 6462 0.021728061
55 20 3 100 68624 0.021778416
43 99 3 100 1760 0.021905765
104 81 3 100 5105 0.021963615
104 23 3 100 78026 0.021965727
103 100 3 100 62851 0.022145511
63 3 3 100 107047 0.022159315
42 105 3 100 6255575 0.022159589
19 78 3 100 56547 0.022187638
82 78 3 100 78725 0.022214869
125 26 3 100 970499 0.022228344
22 81 3 100 26511 0.022244415
71 100 3 100 1102860 0.022324424
17 79 3 100 64086 0.022330664
6 67 3 100 10906 0.022453987
91 18 3 100 4817724 0.022463283
65 68 3 100 24500 0.022593047
44 34 3 100 1903262 0.022641613
28 123 3 100 17751 0.022647934
35 118 3 100 67129 0.022753560
105 92 3 100 1883780 0.022824646
46 44 3 100 51333 0.022918421
93 21 3 100 25250392 0.022926721
76 40 3 100 67625 0.023094739
31 81 3 100 2220281 0.023096727
66 112 3 100 40703 0.023124723
76 50 3 100 9912 0.023129037
76 127 3 100 24537 0.023133409
75 92 3 100 73392 0.023241708
6 74 3 100 372398 0.023276009
111 88 3 100 42961 0.023440844
114 113 3 100 31339 0.023486531
44 36 3 100 252771 0.023521210
100 121 3 100 7758771 0.023635617
65 110 3 100 23287 0.023661535
42 43 3 100 528087 0.023795842
55 13 3 100 4353101 0.023812846
66 75 3 100 8638 0.023981057
104 79 3 100 6117 0.024090178
38 71 3 100 9717908 0.024196170
62 53 3 100 2185330 0.024222790
90 42 3 100 9229 0.024359897
2 1 3 100 53949 0.024427288
112 75 3 100 11668 0.024427474
82 61 3 100 9496 0.024472586
89 21 3 100 77627 0.024693632
117 64 3 100 29838 0.024695686
0 101 3 100 61006 0.024708747
42 30 3 100 8731 0.024713362
7 83 3 100 20654303 0.024913251
41 52 3 100 1429588 0.024990407
85 81 3 100 70269 0.025020281
100 50 3 100 2447111 0.025135257
32 62 3 100 1242149 0.025179549
51 65 3 100 11088 0.025402595
88 97 3 100 7973998 0.025420995
93 48 3 100 38674 0.025427271
36 10 3 100 663622 0.025487008
59 6 3 100 8305588 0.025522928
10 111 3 100 7336004 0.025588858
18 120 3 100 27137 0.025590035
113 16 3 100 43338 0.025690715
87 73 3 100 5921 0.025715486
10 111 3 100 76387 0.025737245
97 95 3 100 1555276 0.025798528
0 24 3 100 3442353 0.026196013
90 5 3 100 1115218 0.026208518
36 106 3 100 7358 0.026248506
62 104 3 100 37365 0.026299975
88 109 3 100 1188113 0.026399005
113 5 3 100 837177 0.026447662
52 3 3 100 9031456 0.026489070
110 123 3 100 7422 0.026565156
127 73 3 100 22597 0.026584307
4 61 3 100 2887196 0.026615115
20 25 3 100 38790 0.026748170
82 83 3 100 869926 0.026804788
105 35 3 100 17670109 0.026807574
31 64 3 100 24904320 0.026890484
72 84 3 100 32393 0.026902139
100 126 3 100 685790 0.026957463
29 109 3 100 9262529 0.026989384
45 22 3 100 1595 0.027033094
19 23 3 100 3089 0.027069073
13 1 3 100 75350 0.027228344
20 104 3 100 17084 0.027241296
121 68 3 100 75081 0.027368163
75 8 3 100 309131 0.027448181
48 69 3 100 61232 0.027469106
70 2 3 100 4520575 0.027567527
44 92 3 100 1408650 0.027684095
108 9 3 100 1668570 0.027811819
57 42 3 100 6229 0.027822851
116 100 3 100 17806866 0.027869052
102 23 3 100 1178 0.027879631
117 127 3 100 27354 0.027981895
113 58 3 100 126887 0.027988402
116 38 3 100 77296 0.028010159
77 126 3 100 7040680 0.028023949
58 69 3 100 1266988 0.028112632
88 123 3 100 3250319 0.028130718
112 106 3 100 7799 0.028147903
3 119 3 100 35570 0.028166755
61 70 3 100 10595 0.028206323
62 115 3 100 28384 0.028277584
69 60 3 100 3475823 0.028347598
39 79 3 100 4383944 0.028436365
68 9 3 100 8617562 0.028503392
84 115 3 100 25207 0.028769765
107 63 3 100 3147984 0.028836729
124 103 3 100 4138 0.028894442
35 80 3 100 29024 0.028930167
109 120 3 100 79818 0.028962854
88 124 3 100 899257 0.028969516
102 66 3 100 983 0.028978022
30 100 3 100 3304773 0.029058658
114 77 3 100 4184 0.029066360
47 26 3 100 76603 0.029182164
56 12 3 100 28528 0.029297215
79 46 3 100 446977 0.029307418
31 126 3 100 28055 0.029320028
111 70 3 100 996 0.029378937
103 31 3 100 786229 0.029467759
66 3 3 100 6328 0.029522226
63 28 3 100 4347 0.029569274
18 24 3 100 112880 0.029761022
63 80 3 100 597458 0.029845388
117 62 3 100 3487248 0.029977058
87 55 3 100 62244 0.030036309
33 82 3 100 8507188 0.030089687
8 15 3 100 41558 0.030198170
106 68 3 100 63995 0.030244377
52 71 3 100 2220309 0.030294528
87 112 3 100 21154 0.030298215
16 2 3 100 11331 0.030301528
107 106 3 100 15025 0.030348064
37 109 3 100 27916 0.030403714
43 101 3 100 10404 0.030542338
106 118 3 100 3816173 0.030582866
44 93 3 100 34414 0.030661426
30 23 3 100 25557 0.030790562
42 52 3 100 2490 0.030802016
57 50 3 100 6293958 0.030819414
54 34 3 100 21615 0.030920946
31 78 3 100 1420184 0.030934976
72 80 3 100 6436354 0.030981166
41 85 3 100 106877 0.031008352
97 116 3 100 4978 0.031015514
41 87 3 100 3869179 0.031105729
116 53 3 100 80345 0.031330561
82 53 3 100 57465 0.031365467
24 105 3 100 58900 0.031401872
125 9 3 100 492535 0.031448710
53 1 3 100 21163 0.031488445
24 34 3 100 122192 0.031515764
25 0 3 100 6546 0.031568038
102 39 3 100 291846 0.031682822
51 75 3 100 609451 0.031766044
5 119 3 100 21315 0.031796483
1 4 3 100 133573 0.031824106
85 126 3 100 48090 0.031884302
121 53 3 100 3860340 0.031952360
13 93 3 100 2884394 0.031970616
110 81 3 100 4812118 0.032031647
10 25 3 100 56535 0.032132673
51 81 3 100 14331 0.032209936
2 57 3 100 522616 0.032240870
24 26 3 100 39232 0.032291772
40 112 3 100 9190 0.032306721
127 72 3 100 57845 0.032436103
44 6 3 100 41679 0.032456348
33 73 3 100 6411 0.032638623
15 79 3 100 28069 0.032704149
121 39 3 100 1693792 0.032770718
66 87 3 100 1497322 0.032785620
3 76 3 100 5478 0.032841077
42 103 3 100 6865 0.032943856
19 61 3 100 33560 0.033115251
42 101 3 100 1409021 0.033145567
12 118 3 100 13423 0.033161176
83 114 3 100 27219 0.033173921
43 83 3 100 1478391 0.033374825
10 61 3 100 517 0.033383536
125 73 3 100 2890838 0.033398044
126 70 3 100 7208 0.033433558
40 33 3 100 9075 0.033456177
5 53 3 100 2341590 0.033534003
87 123 3 100 27606 0.033618174
15 91 3 100 2297790 0.033618719
83 94 3 100 135422 0.033678348
55 44 3 100 12541798 0.033765929
26 23 3 100 52983 0.033854052
115 107 3 100 78391 0.034169629
112 109 3 100 2513 0.034291337
20 106 3 100 6786 0.034294968
117 66 3 100 12318 0.034331919
60 18 3 100 61544 0.034489400
61 55 3 100 39504 0.034570978
9 51 3 100 12909 0.034608301
126 52 3 100 1164215 0.034645014
96 123 3 100 4062 0.034673899
110 33 3 100 4091 0.034769583
87 13 3 100 1137 0.034860864
54 25 3 100 789889 0.034918620
11 84 3 100 17582 0.034945664
78 22 3 100 34248 0.035028149
40 1 3 100 104383 0.035099121
88 116 3 100 5383098 0.035106367
55 48 3 100 45521 0.035169534
117 124 3 100 37870 0.035215625
48 72 3 100 864121 0.035237109
4 97 3 100 32972 0.035348117
123 41 3 100 77535 0.035395110
97 81 3 100 77898 0.035421248
40 64 3 100 36222 0.035566549
19 12 3 100 165426 0.035580152
14 59 3 100 11458 0.035581599
0 122 3 100 6862873 0.035592376
112 117 3 100 666008 0.035643821
43 127 3 100 11222 0.035738739
100 64 3 100 5615205 0.036175728
73 114 3 100 9011286 0.036243847
22 58 3 100 27924 0.036276721
68 54 3 100 652897 0.036336129
53 18 3 100 4246293 0.036417932
34 20 3 100 738873 0.036453344
73 99 3 100 40644 0.036553560
93 67 3 100 7501394 0.036569969
84 104 3 100 4617 0.036752666
52 5 3 100 42792 0.036845357
8 17 3 100 23201 0.036884320
78 14 3 100 704959 0.036913102
57 40 3 100 4263725 0.036938777
83 54 3 100 55923 0.036948064
125 104 3 100 26402 0.036960899
70 24 3 100 623924 0.037126934
39 65 3 100 2223935 0.037149114
49 66 3 100 2036 0.037166712
119 41 3 100 3049 0.037582540
39 48 3 100 4914447 0.037668773
40 41 3 100 11753 0.037678303
42 58 3 100 1216704 0.037761851
87 7 3 100 25032 0.037763070
44 10 3 100 2419717 0.037860680
10 99 3 100 192033 0.037896818
126 24 3 100 21394 0.037980299
70 104 3 100 3396122 0.037982415
82 96 3 100 29050 0.038021945
49 98 3 100 46919 0.038037000
89 5 3 100 4072 0.038040274
3 68 3 100 149128 0.038066039
125 60 3 100 4947 0.038164467
19 95 3 100 15539 0.038170024
9 38 3 100 1429329 0.038241228
31 110 3 100 118438 0.038340558
88 44 3 100 22567 0.038405027
84 29 3 100 4121189 0.038485719
113 15 3 100 38686 0.038546228
49 121 3 100 68885 0.038577987
62 118 3 100 3679680 0.038594656
57 42 3 100 123888 0.038596773
74 81 3 100 229843 0.038706562
25 77 3 100 22884 0.038715144
63 90 3 100 9585953 0.038720167
77 35 3 100 673327 0.038777253
39 108 3 100 53277 0.038937127
100 124 3 100 1327607 0.038937187
65 34 3 100 1397377 0.038999145
35 3 3 100 1813454 0.039006980
34 67 3 100 25881 0.039034548
117 92 3 100 18892 0.039348851
58 75 3 100 9563 0.039350766
44 56 3 100 1981909 0.039387141
1 100 3 100 197683 0.039644419
52 50 3 100 3153439 0.039682308
94 86 3 100 28455 0.039721277
18 110 3 100 31526 0.039801486
124 106 3 100 6878687 0.039847534
97 33 3 100 48209 0.039867822
46 119 3 100 6288905 0.039911207
94 120 3 100 2003207 0.039913404
12 40 3 100 58739 0.040101501
121 109 3 100 1602236 0.040102743
9 102 3 100 28328 0.040103635
106 42 3 100 27044 0.040147102
7 87 3 100 199655 0.040169436
41 53 3 100 763462 0.040180286
94 69 3 100 3637867 0.040284497
42 14 3 100 2599683 0.040436513
97 51 3 100 78232 0.040494445
106 44 3 100 1680592 0.040512000
36 54 3 100 24920 0.040523353
13 84 3 100 42225 0.040619137
60 20 3 100 1928 0.040662330
11 107 3 100 4153 0.040717591
0 121 3 100 51759 0.040737254
25 39 3 100 1888253 0.040770001
68 94 3 100 1237338 0.040814694
110 72 3 100 25344 0.040882556
70 62 3 100 2180663 0.040899389
32 36 3 100 7835309 0.040963000
52 25 3 100 78628 0.041067862
97 41 3 100 285357 0.041145446
11 102 3 100 26668 0.041202672
27 17 3 100 39349 0.041207669
14 83 3 100 1071368 0.041213698
67 103 3 100 5117 0.041477972
38 111 3 100 56160 0.041513972
42 111 3 100 17072 0.041523035
35 105 3 100 7394220 0.041864098
58 113 3 100 2953552 0.041865615
120 89 3 100 50844 0.041943163
35 97 3 100 1916424 0.041983969
54 17 3 100 8484527 0.042017430
81 21 3 100 464389 0.042071823
125 42 3 100 4224108 0.042192524
119 31 3 100 4275892 0.042209588
85 50 3 100 6541614 0.042224516
42 58 3 100 101271 0.042229871
115 25 3 100 431504 0.042236821
91 63 3 100 27009 0.042257583
58 95 3 100 35353 0.042336437
12 3 3 100 3705970 0.042355720
24 7 3 100 342335 0.042415959
52 21 3 100 2509 0.042496632
2 36 3 100 1805361 0.042508228
109 55 3 100 2427087 0.042594124
110 108 3 100 1961334 0.042648719
25 33 3 100 1551654 0.042653712
24 26 3 100 21922 0.042764191
121 82 3 100 57191 0.042766000
115 48 3 100 32766 0.042811907
67 44 3 100 64422 0.042829722
57 18 3 100 24755 0.042929769
40 116 3 100 8697141 0.042990182
0 5 3 100 185892 0.043124251
109 120 3 100 14586 0.043186284
67 124 3 100 43049 0.043207177
97 106 3 100 61759 0.043237158
20 121 3 100 22389 0.043248060
31 109 3 100 4816385 0.043272921
52 97 3 100 9007534 0.043569986
40 67 3 100 33798 0.043624262
125 53 3 100 11432 0.043813422
127 6 3 100 8960790 0.043836186
2 113 3 100 1104279 0.044214060
41 113 3 100 64583 0.044224945
81 13 3 100 4072624 0.044297193
40 67 3 100 3490635 0.044338025
107 109 3 100 26088 0.044481077
84 10 3 100 23229 0.044562512
110 99 3 100 105776 0.044570024
63 41 3 100 15623 0.044572535
100 38 3 100 24135 0.044810787
44 81 3 100 81941 0.044819059
106 73 3 100 24768849 0.044921809
83 31 3 100 104902 0.044991518
116 71 3 100 1391431 0.045044856
89 1 3 100 148348 0.045065290
102 117 3 100 12450 0.045095482
74 85 3 100 14259 0.045115745
97 18 3 100 4444343 0.045162178
98 119 3 100 5461 0.045253390
1 113 3 100 26383 0.045265753
20 38 3 100 685825 0.045292084
41 23 3 100 2785349 0.045333365
102 36 3 100 11760 0.045424556
70 71 3 100 1786968 0.045486994
55 66 3 100 49326 0.045493223
114 103 3 100 64287 0.045535054
116 45 3 100 71739 0.045547490
106 84 3 100 3056 0.045632816
84 70 3 100 6499 0.045843270
38 94 3 100 1418664 0.046151239
44 112 3 100 393872 0.046156377
101 109 3 100 1956277 0.046176217
88 17 3 100 6611 0.046179545
121 18 3 100 692808 0.046321351
114 108 3 100 1444601 0.046469212
38 78 3 100 76403 0.046515073
49 0 3 100 1996214 0.046695729
81 89 3 100 50765 0.046826864
24 42 3 100 55084 0.046906160
27 84 3 100 58126 0.046996876
110 44 3 100 2740142 0.047295564
120 111 3 100 40259 0.047691799
34 114 3 100 20555 0.047759347
67 10 3 100 7711112 0.048090448
100 118 3 100 41765 0.048145714
66 124 3 100 29985754 0.048184895
31 28 3 100 30772 0.048440359
74 60 3 100 665220 0.048728433
55 103 3 100 41464 0.048850514
84 10 3 100 1167014 0.048977750
30 5 3 100 14253 0.049153021
88 116 3 100 2047496 0.049311878
