1287 
125 65 3 100 9219992 0.000034944
107 26 3 100 46836 0.000061464
88 46 3 100 2450 0.000076701
49 4 3 100 64056 0.000121680
64 10 3 100 23640 0.000154399
70 41 3 100 1983825 0.000156457
97 3 3 100 4980676 0.000181323
79 65 3 100 20521 0.000189073
19 15 3 100 5600 0.000234720
40 45 3 100 3592289 0.000251229
56 28 3 100 16345 0.000257868
58 111 3 100 110569 0.000337405
121 98 3 100 703904 0.000356165
50 30 3 100 39878 0.000455885
61 94 3 100 53367 0.000544689
38 26 3 100 1419235 0.000597717
25 100 3 100 4956947 0.000608478
34 110 3 100 3472 0.000629998
103 119 3 100 4151 0.000684046
116 52 3 100 38850 0.000685747
93 77 3 100 8962311 0.000704375
63 109 3 100 19658 0.000749606
14 25 3 100 747064 0.000754621
23 14 3 100 476400 0.000793515
49 65 3 100 47926 0.000841801
31 39 3 100 57466 0.000862759
89 55 3 100 92607 0.000903595
70 31 3 100 173345 0.000983797
114 77 3 100 4208 0.001014844
42 99 3 100 4259149 0.001059297
31 55 3 100 1057 0.001161967
123 127 3 100 1415329 0.001165938
52 36 3 100 19001 0.001190362
92 12 3 100 364933 0.001202603
70 111 3 100 2444231 0.001238298
28 79 3 100 42746 0.001327821
93 123 3 100 3891300 0.001338313
74 12 3 100 57412 0.001340414
115 102 3 100 6357 0.001375987
124 48 3 100 122833 0.001447707
71 108 3 100 2569157 0.001466330
35 16 3 100 1315729 0.001488209
79 123 3 100 52140 0.001491220
32 66 3 100 1704379 0.001497716
37 102 3 100 4718 0.001542159
13 95 3 100 7929075 0.001563517
56 65 3 100 13053292 0.001622094
79 119 3 100 145807 0.001629506
80 25 3 100 1815339 0.001645777
99 10 3 100 4721720 0.001721848
12 122 3 100 75037 0.001754469
61 115 3 100 37781 0.001760932
30 29 3 100 2199372 0.001764548
77 1 3 100 77312 0.001928021
120 121 3 100 25516160 0.001929742
44 7 3 100 7076 0.002003240
6 82 3 100 8005 0.002030874
66 77 3 100 16143 0.002053283
42 67 3 100 22545670 0.002058464
100 122 3 100 5663486 0.002062131
83 56 3 100 9339527 0.002185908
57 32 3 100 4410627 0.002230067
75 6 3 100 24913 0.002232446
53 106 3 100 57716 0.002237432
17 21 3 100 24794 0.002249155
97 112 3 100 5491 0.002349504
13 65 3 100 55265 0.002386503
95 72 3 100 1837206 0.002388823
54 74 3 100 4260 0.002391355
91 113 3 100 4019699 0.002400413
124 91 3 100 986537 0.002400787
121 123 3 100 13078 0.002430299
93 71 3 100 34246 0.002441091
29 45 3 100 1358 0.002481559
42 28 3 100 3056250 0.002492857
112 49 3 100 14215 0.002536388
51 124 3 100 36600 0.002591277
27 70 3 100 39522 0.002624130
90 6 3 100 3691959 0.002705489
95 26 3 100 52319 0.002754760
37 95 3 100 1720968 0.002777561
59 85 3 100 39134 0.002804802
29 65 3 100 791020 0.002815577
105 84 3 100 1060716 0.002820593
67 47 3 100 29076 0.002834042
55 124 3 100 21468 0.002864729
18 14 3 100 7366 0.002884904
33 107 3 100 883389 0.002919220
53 118 3 100 770288 0.002923429
85 53 3 100 1589599 0.002951527
109 24 3 100 58175 0.002994405
78 26 3 100 13546 0.002996445
0 25 3 100 1245137 0.003060593
42 126 3 100 38614 0.003201152
99 69 3 100 523898 0.003265673
52 96 3 100 4741 0.003279889
70 100 3 100 27442 0.003283600
98 55 3 100 120209 0.003300521
114 26 3 100 1156842 0.003347120
119 66 3 100 6462293 0.003375253
100 122 3 100 9745121 0.003465811
114 70 3 100 12355 0.003490593
61 73 3 100 31168 0.003509550
64 41 3 100 1253 0.003522597
116 0 3 100 22910 0.003536624
81 98 3 100 584937 0.003539579
114 28 3 100 28181 0.003571485
110 93 3 100 1142984 0.003601182
124 63 3 100 406135 0.003700676
66 85 3 100 620054 0.003701684
78 40 3 100 1900571 0.003718210
121 90 3 100 46552 0.003733884
121 73 3 100 458974 0.003761807
37 20 3 100 34586 0.003793455
12 21 3 100 6291350 0.003827750
11 39 3 100 5874 0.003885700
81 45 3 100 973299 0.003937709
14 24 3 100 50449 0.003991462
121 65 3 100 73333 0.004061529
56 119 3 100 1112934 0.004062865
42 30 3 100 1340527 0.004062967
21 19 3 100 1940705 0.004090790
57 22 3 100 6414 0.004098954
61 90 3 100 612718 0.004112506
88 73 3 100 64916 0.004113540
115 66 3 100 757242 0.004201410
27 29 3 100 20187 0.004266669
102 8 3 100 37639 0.004270543
34 85 3 100 20050295 0.004285180
92 30 3 100 4620459 0.004298575
14 10 3 100 9908 0.004301313
88 59 3 100 652 0.004320853
79 52 3 100 1362 0.004406066
7 18 3 100 8985083 0.004416797
10 48 3 100 29499688 0.004434689
17 64 3 100 4858963 0.004439857
63 56 3 100 1171797 0.004477998
97 14 3 100 3279 0.004482293
89 66 3 100 71050 0.004526416
89 16 3 100 2719982 0.004624290
0 14 3 100 29124403 0.004629192
74 14 3 100 40946 0.004674361
95 88 3 100 64468 0.004711783
82 62 3 100 28475 0.004716637
63 90 3 100 595235 0.004745630
71 61 3 100 4466404 0.004785483
7 8 3 100 1696133 0.004790851
50 4 3 100 8780 0.004810699
116 16 3 100 2641492 0.004822653
44 110 3 100 42065 0.004895664
60 24 3 100 4396957 0.004910248
125 1 3 100 2459 0.004945331
114 100 3 100 97309 0.004987910
83 99 3 100 68868 0.005037391
85 106 3 100 22645998 0.005038400
7 5 3 100 840413 0.005084745
119 83 3 100 1624954 0.005103850
46 19 3 100 2733308 0.005133269
21 116 3 100 34894 0.005141119
4 75 3 100 72477 0.005167100
64 73 3 100 104543 0.005225087
52 86 3 100 1880208 0.005254969
78 51 3 100 161782 0.005255429
93 51 3 100 8685 0.005265710
113 119 3 100 62062 0.005438994
14 16 3 100 55087 0.005451733
34 123 3 100 2792386 0.005493935
84 15 3 100 29270 0.005525775
76 98 3 100 1788 0.005571967
20 5 3 100 24890347 0.005597426
3 113 3 100 22322 0.005645338
108 73 3 100 6177052 0.005665464
21 118 3 100 1436840 0.005668426
47 123 3 100 1373 0.005736564
78 11 3 100 63893 0.005758697
46 106 3 100 945 0.005821998
100 25 3 100 124850 0.005871774
64 67 3 100 44929 0.005904109
58 44 3 100 7564449 0.005988072
30 47 3 100 1652299 0.006024563
48 96 3 100 4047025 0.006055171
22 34 3 100 2342147 0.006139459
39 106 3 100 1562198 0.006159054
16 54 3 100 1568481 0.006239676
90 114 3 100 2161089 0.006293224
67 24 3 100 20613 0.006363358
104 81 3 100 16778 0.006428115
26 94 3 100 138881 0.006499007
71 15 3 100 58457 0.006505634
53 54 3 100 9609 0.006556513
124 57 3 100 4345863 0.006566545
72 68 3 100 58396 0.006589796
12 107 3 100 14020 0.006671766
15 81 3 100 67059 0.006803517
46 21 3 100 38206 0.006814121
23 1 3 100 12465 0.006833226
90 108 3 100 22439 0.006871677
84 19 3 100 4007097 0.006931462
55 15 3 100 7276 0.006998078
27 25 3 100 1683923 0.007001014
94 48 3 100 785811 0.007013832
8 104 3 100 994 0.007021501
13 78 3 100 4999595 0.007032063
66 52 3 100 1326047 0.007094416
16 72 3 100 76535 0.007097640
124 82 3 100 664334 0.007105931
98 11 3 100 29559284 0.007135726
92 116 3 100 883782 0.007163640
62 114 3 100 4852999 0.007170888
29 70 3 100 2889435 0.007231890
94 5 3 100 168008 0.007326829
65 13 3 100 839800 0.007342485
112 49 3 100 47544 0.007357824
28 50 3 100 3469469 0.007361084
125 41 3 100 18200 0.007363556
9 122 3 100 23664 0.007387437
11 116 3 100 27276 0.007399257
84 58 3 100 5074 0.007422217
111 98 3 100 1282806 0.007476116
29 126 3 100 28669 0.007477222
125 59 3 100 1026104 0.007651585
93 85 3 100 1382 0.007702541
55 35 3 100 6486932 0.007723182
38 105 3 100 37730 0.007726786
106 5 3 100 673195 0.007777905
67 106 3 100 4963329 0.007795138
62 90 3 100 21551 0.007862048
46 120 3 100 54455 0.007876722
49 117 3 100 421 0.007890641
76 20 3 100 1705979 0.007899101
119 85 3 100 132205 0.007907146
29 10 3 100 3834112 0.007956005
82 43 3 100 26105 0.008003409
32 105 3 100 37248 0.008085739
45 100 3 100 668131 0.008100286
58 92 3 100 3794162 0.008168103
27 45 3 100 2724713 0.008233800
96 6 3 100 6146478 0.008250155
126 35 3 100 1772748 0.008269228
78 70 3 100 6916558 0.008310663
68 19 3 100 69687 0.008314304
112 37 3 100 59122 0.008374992
110 95 3 100 136026 0.008381059
110 82 3 100 9718 0.008402892
52 9 3 100 2513 0.008428013
40 33 3 100 152435 0.008453305
69 3 3 100 1026405 0.008473630
98 76 3 100 21899 0.008487898
93 8 3 100 9299537 0.008527121
19 30 3 100 1518019 0.008540025
79 81 3 100 7543759 0.008553979
69 24 3 100 30964 0.008581487
54 94 3 100 46388 0.008598393
41 1 3 100 4106 0.008647746
99 41 3 100 58888 0.008719143
53 27 3 100 4849939 0.008785178
88 47 3 100 17017502 0.008821825
37 1 3 100 3412879 0.008826866
68 113 3 100 724 0.008934167
84 60 3 100 24092 0.008979786
17 62 3 100 1391987 0.009023445
108 41 3 100 4173188 0.009081365
71 67 3 100 1062823 0.009082659
18 28 3 100 16619 0.009082828
5 63 3 100 77706 0.009110831
87 76 3 100 185887 0.009141452
95 79 3 100 4536394 0.009164166
52 112 3 100 51391 0.009167970
127 123 3 100 6966628 0.009201102
121 75 3 100 2014 0.009335042
7 14 3 100 5008 0.009379034
70 0 3 100 38428 0.009407937
30 26 3 100 34903 0.009450632
21 53 3 100 8030 0.009486739
72 92 3 100 6718 0.009528072
118 110 3 100 6996 0.009561123
11 4 3 100 43064 0.009627519
115 117 3 100 20243 0.009630585
72 91 3 100 8108174 0.009727246
70 37 3 100 15719 0.009833701
67 81 3 100 20507 0.009847188
75 56 3 100 46790 0.009885301
20 32 3 100 34207 0.009887130
89 30 3 100 13278 0.009928590
95 17 3 100 168930 0.009937527
76 20 3 100 858219 0.010000322
124 85 3 100 950935 0.010014404
55 45 3 100 914573 0.010055066
37 28 3 100 38988 0.010084308
55 111 3 100 1554966 0.010133266
66 74 3 100 5025 0.010265476
46 71 3 100 79088 0.010297919
63 120 3 100 625085 0.010310570
7 70 3 100 128334 0.010314680
93 95 3 100 1983322 0.010374190
74 38 3 100 2364050 0.010401006
95 13 3 100 66940 0.010493726
11 5 3 100 976303 0.010512557
110 76 3 100 30713 0.010520916
38 28 3 100 29046 0.010545747
123 10 3 100 1161463 0.010562380
26 32 3 100 21496 0.010635537
30 23 3 100 137530 0.010647016
107 114 3 100 66390 0.010678513
97 22 3 100 121813 0.010707060
120 11 3 100 565379 0.010707914
92 6 3 100 5001 0.010719875
41 68 3 100 1959776 0.010734439
64 98 3 100 4177 0.010833616
82 109 3 100 3493309 0.010854533
66 69 3 100 3600426 0.010896348
101 84 3 100 26879 0.011016712
87 60 3 100 1409646 0.011016941
49 75 3 100 2069406 0.011067369
36 15 3 100 9349135 0.011088223
93 45 3 100 8478597 0.011109301
110 77 3 100 4799827 0.011151168
24 50 3 100 952 0.011160360
64 70 3 100 224157 0.011166430
62 64 3 100 4985804 0.011173402
26 115 3 100 28316 0.011178543
107 70 3 100 32774 0.011196000
46 5 3 100 24854 0.011294141
78 119 3 100 20165 0.011304657
125 17 3 100 28978 0.011336781
19 7 3 100 5517 0.011348464
3 7 3 100 169596 0.011420127
117 126 3 100 20724 0.011449143
117 19 3 100 55292 0.011473434
2 103 3 100 1000441 0.011497089
62 43 3 100 23050 0.011531603
113 26 3 100 47293 0.011624368
10 120 3 100 1011637 0.011721505
16 108 3 100 52302 0.011800619
89 65 3 100 74557 0.011806962
48 79 3 100 28750 0.011833491
4 10 3 100 1372835 0.011840201
41 38 3 100 4093 0.011841671
125 39 3 100 3237702 0.011868500
95 69 3 100 75274 0.011891385
16 50 3 100 67082 0.011964726
79 28 3 100 21580700 0.012010098
74 6 3 100 2647240 0.012022050
15 84 3 100 3767046 0.012052826
120 11 3 100 32516 0.012211935
94 48 3 100 7884 0.012244356
72 14 3 100 27688 0.012249303
74 12 3 100 25632 0.012265470
48 66 3 100 694445 0.012298118
25 82 3 100 4621407 0.012316671
53 123 3 100 58670 0.012337760
10 4 3 100 19041771 0.012398940
105 29 3 100 3487018 0.012416293
51 12 3 100 87066 0.012441512
24 41 3 100 23765 0.012450374
23 18 3 100 9545971 0.012486469
53 95 3 100 60182 0.012492125
55 115 3 100 660438 0.012563944
59 112 3 100 2055390 0.012593302
14 69 3 100 377630 0.012597553
69 64 3 100 6854 0.012727353
46 26 3 100 770454 0.012780320
121 69 3 100 150382 0.012810834
125 111 3 100 3727967 0.012812213
122 75 3 100 26903 0.012820127
67 59 3 100 23712 0.012833495
64 51 3 100 695485 0.012871287
90 10 3 100 1667868 0.012872759
116 11 3 100 3501627 0.012878200
126 51 3 100 842704 0.012883637
117 114 3 100 69804 0.012897728
78 2 3 100 3384148 0.012927103
15 66 3 100 14495 0.012942010
97 99 3 100 6379 0.013085600
48 51 3 100 1770729 0.013106469
10 57 3 100 18116 0.013118280
70 9 3 100 2257388 0.013170892
105 98 3 100 508083 0.013188476
5 98 3 100 89271 0.013190346
0 62 3 100 64689 0.013208081
96 16 3 100 1580437 0.013223627
28 90 3 100 46493 0.013244144
38 124 3 100 44946 0.013304033
119 17 3 100 1876245 0.013308775
126 17 3 100 49116 0.013326433
72 120 3 100 27248 0.013341042
74 97 3 100 11062 0.013351284
6 34 3 100 2401930 0.013428289
124 81 3 100 59697 0.013432320
53 94 3 100 74517 0.013457260
33 21 3 100 5764319 0.013522791
85 26 3 100 5205399 0.013531334
64 66 3 100 79758 0.013544893
79 66 3 100 20860 0.013545871
92 5 3 100 8886020 0.013558470
9 87 3 100 6987 0.013561094
111 127 3 100 65253 0.013628734
14 95 3 100 25596 0.013635554
20 13 3 100 36003 0.013673542
117 94 3 100 37021 0.013674165
85 13 3 100 112511 0.013677355
103 39 3 100 327425 0.013802622
53 88 3 100 63021 0.013843453
54 49 3 100 731684 0.013860835
122 50 3 100 76085 0.013919559
77 92 3 100 29075 0.013954686
83 126 3 100 4468236 0.014028481
124 60 3 100 108049 0.014041844
24 66 3 100 127781 0.014047353
103 8 3 100 47814 0.014049849
78 7 3 100 1719199 0.014053716
29 12 3 100 4524919 0.014082392
120 121 3 100 3334406 0.014094886
67 92 3 100 507 0.014114436
104 19 3 100 5380707 0.014118641
79 27 3 100 80810 0.014122941
121 19 3 100 9741 0.014135297
86 7 3 100 6396273 0.014163936
42 91 3 100 28028 0.014176101
41 34 3 100 3566186 0.014186958
110 51 3 100 28778 0.014224963
126 83 3 100 5405245 0.014239074
61 59 3 100 815448 0.014269670
4 112 3 100 1337 0.014306162
76 117 3 100 640074 0.014325096
110 57 3 100 5580716 0.014358657
25 0 3 100 9669 0.014384755
29 46 3 100 3518305 0.014385700
61 112 3 100 2998669 0.014441973
118 8 3 100 599960 0.014562644
74 3 3 100 1874631 0.014603993
59 85 3 100 1240914 0.014609101
109 13 3 100 2109846 0.014669579
122 121 3 100 159184 0.014683917
40 9 3 100 916 0.014755112
7 67 3 100 1683223 0.014771420
39 73 3 100 6288 0.014809299
81 29 3 100 5152 0.014812961
18 109 3 100 155695 0.014818145
44 98 3 100 744143 0.014829693
120 49 3 100 550260 0.014845358
74 57 3 100 4751 0.014855316
24 96 3 100 8208720 0.014927276
112 100 3 100 50077 0.014935164
103 123 3 100 61239 0.014946873
39 35 3 100 16814 0.015064629
88 19 3 100 79337 0.015107495
109 52 3 100 27384 0.015171901
56 115 3 100 192950 0.015268361
32 105 3 100 2608014 0.015279539
121 20 3 100 1414544 0.015296589
9 59 3 100 13162 0.015357124
125 31 3 100 5619 0.015383500
12 51 3 100 1049796 0.015460750
114 41 3 100 9229500 0.015506327
92 113 3 100 1403 0.015512591
77 90 3 100 19686554 0.015524838
9 103 3 100 119891 0.015615604
95 47 3 100 43597 0.015669388
76 127 3 100 1924969 0.015672196
100 89 3 100 18899 0.015686277
42 99 3 100 38654 0.015765977
45 84 3 100 51234 0.015771719
31 115 3 100 186775 0.015803030
16 105 3 100 2426776 0.015803845
13 40 3 100 2641904 0.015804376
51 61 3 100 3073 0.015844144
67 3 3 100 1805003 0.015859979
115 14 3 100 50454 0.015878340
37 41 3 100 33575 0.015899054
77 55 3 100 75518 0.015946404
22 75 3 100 4341421 0.015949656
45 30 3 100 26330 0.015960968
88 13 3 100 1561494 0.015963602
64 102 3 100 1001 0.015989132
10 97 3 100 71805 0.015989651
31 111 3 100 1669089 0.016042093
89 123 3 100 1105248 0.016104685
13 11 3 100 5536 0.016134901
127 65 3 100 5560473 0.016171108
32 18 3 100 74511 0.016196765
83 86 3 100 5501232 0.016222690
111 20 3 100 2993629 0.016225312
116 44 3 100 32992 0.016234161
6 37 3 100 4717685 0.016272744
121 57 3 100 108136 0.016339503
30 6 3 100 22755 0.016346966
56 120 3 100 1847283 0.016397729
120 35 3 100 20074 0.016419095
93 99 3 100 1425944 0.016478581
104 106 3 100 26013 0.016491943
35 76 3 100 3456846 0.016554639
14 82 3 100 30201 0.016651632
5 90 3 100 70235 0.016722291
99 44 3 100 48569 0.016791014
16 53 3 100 101880 0.016828977
79 30 3 100 26856 0.016845247
1 11 3 100 1505652 0.016875689
48 58 3 100 63649 0.016898624
25 18 3 100 28902 0.016948217
33 85 3 100 28930 0.016952944
120 102 3 100 63501 0.016987106
70 124 3 100 68957 0.017040433
74 46 3 100 4112126 0.017055142
21 121 3 100 21296 0.017153932
116 52 3 100 57554 0.017168908
9 112 3 100 26970 0.017180848
78 123 3 100 8398 0.017203921
13 35 3 100 9251469 0.017213838
24 9 3 100 83501 0.017223369
77 34 3 100 22684 0.017300247
78 98 3 100 24498 0.017314066
47 82 3 100 197901 0.017342370
36 76 3 100 20998840 0.017460604
76 5 3 100 11563 0.017518187
56 90 3 100 3915 0.017589366
102 85 3 100 28289 0.017617378
34 40 3 100 194255 0.017700094
47 44 3 100 32139 0.017751326
41 105 3 100 77773 0.017765874
48 43 3 100 6183 0.017849290
24 75 3 100 7344982 0.017918953
58 102 3 100 6455 0.017933649
26 8 3 100 3004 0.017965782
34 10 3 100 1220080 0.018068556
31 45 3 100 8456 0.018112416
119 112 3 100 7500 0.018161495
23 35 3 100 4039002 0.018186004
124 8 3 100 58639 0.018308958
63 122 3 100 139129 0.018328173
118 30 3 100 2422925 0.018390493
63 92 3 100 3731 0.018428769
61 0 3 100 8823667 0.018456341
83 29 3 100 275574 0.018457775
89 21 3 100 50538 0.018465118
67 99 3 100 110833 0.018522431
27 68 3 100 29887 0.018567758
41 59 3 100 10980 0.018648470
3 25 3 100 51153 0.018659621
50 28 3 100 45698 0.018706083
107 21 3 100 15907 0.018713954
123 69 3 100 826459 0.018744897
57 45 3 100 609896 0.018762370
26 34 3 100 17115 0.018767135
73 77 3 100 6863 0.018775175
37 49 3 100 26647 0.018816614
103 11 3 100 38428 0.018844155
100 125 3 100 2058814 0.018911629
100 67 3 100 21405 0.018944086
90 65 3 100 61201 0.018954910
78 97 3 100 4685002 0.018962777
26 123 3 100 43718 0.019035332
10 53 3 100 9688 0.019046430
30 79 3 100 537125 0.019052986
110 38 3 100 13755 0.019077040
95 60 3 100 44646 0.019082261
68 21 3 100 5103 0.019150159
87 112 3 100 26553 0.019165917
86 108 3 100 9653 0.019186897
11 73 3 100 37114 0.019213820
66 46 3 100 5796 0.019229969
49 5 3 100 8869 0.019284727
50 100 3 100 9936 0.019362849
13 57 3 100 33817 0.019387987
11 58 3 100 8239 0.019389106
7 54 3 100 20111 0.019441976
104 100 3 100 2817 0.019471444
42 16 3 100 31266 0.019477684
50 3 3 100 58105 0.019576437
113 12 3 100 7317 0.019592052
49 51 3 100 1543190 0.019596950
0 30 3 100 35206 0.019636155
43 71 3 100 2222161 0.019646429
55 56 3 100 3786567 0.019659643
8 70 3 100 2251443 0.019683146
59 65 3 100 56883 0.019792736
83 102 3 100 22829 0.019828491
84 7 3 100 2123504 0.019837654
6 19 3 100 68445 0.019895244
87 29 3 100 616794 0.019919546
18 25 3 100 4714778 0.020028101
123 17 3 100 6410 0.020039738
6 124 3 100 6083 0.020043913
24 116 3 100 101042 0.020127577
91 72 3 100 4434745 0.020198008
43 92 3 100 776193 0.020199731
27 104 3 100 49070 0.020211826
71 76 3 100 37560 0.020260658
118 25 3 100 166095 0.020279313
114 48 3 100 184766 0.020281049
61 16 3 100 704114 0.020302065
120 112 3 100 7162 0.020311526
9 89 3 100 629517 0.020332397
125 82 3 100 64219 0.020343095
52 86 3 100 37919 0.020364444
77 80 3 100 70542 0.020381947
105 24 3 100 173770 0.020406924
98 1 3 100 1612756 0.020434053
112 0 3 100 29067 0.020473201
7 87 3 100 1381960 0.020513404
53 119 3 100 18906 0.020569756
75 31 3 100 1689981 0.020575734
23 55 3 100 36556 0.020584818
52 11 3 100 20846 0.020613406
13 23 3 100 1106454 0.020659014
126 78 3 100 1954171 0.020720335
36 8 3 100 6409 0.020742323
32 25 3 100 3964 0.020781260
119 29 3 100 166627 0.020789808
59 71 3 100 35206 0.020811337
40 106 3 100 5285400 0.020833591
11 75 3 100 29091 0.020833868
65 58 3 100 24243 0.020890928
124 113 3 100 791916 0.020896017
3 118 3 100 7375134 0.020944912
25 39 3 100 54796 0.020974112
10 123 3 100 18141 0.021010348
44 90 3 100 11327474 0.021035286
107 31 3 100 13742 0.021059034
31 27 3 100 4989 0.021059337
74 113 3 100 20615 0.021107553
81 23 3 100 9151961 0.021166042
111 51 3 100 884371 0.021193061
109 94 3 100 24747057 0.021270323
34 99 3 100 147474 0.021325666
119 115 3 100 23935 0.021346790
69 49 3 100 55799 0.021390976
67 61 3 100 45997 0.021509174
78 47 3 100 79726 0.021522842
67 105 3 100 20725 0.021534046
118 109 3 100 1943548 0.021564034
85 65 3 100 5420 0.021591231
65 92 3 100 12599 0.021650827
96 122 3 100 56792 0.021662116
42 122 3 100 22462 0.021670709
23 120 3 100 8966561 0.021682690
98 65 3 100 53028 0.021708759
42 93 3 100 515206 0.021745028
92 126 3 100 131851 0.021780323
28 67 3 100 72257 0.021828204
67 75 3 100 22317 0.021849946
9 108 3 100 31938 0.021949140
116 96 3 100 10260 0.021978167
46 2 3 100 96639 0.021988415
96 67 3 100 42972 0.022099528
127 54 3 100 60708 0.022181127
83 80 3 100 38803 0.022184393
14 69 3 100 473937 0.022213231
111 17 3 100 1440 0.022252242
1 38 3 100 29268 0.022255401
39 17 3 100 1374247 0.022307362
55 116 3 100 35008 0.022423754
22 116 3 100 8269626 0.022486231
70 89 3 100 2585 0.022507001
122 91 3 100 6919981 0.022536846
1 77 3 100 181729 0.022552589
0 61 3 100 5051912 0.022577343
1 125 3 100 70454 0.022595656
28 69 3 100 156435 0.022657412
64 31 3 100 8982276 0.022694675
6 82 3 100 16193 0.022707516
82 78 3 100 2953736 0.022747438
31 121 3 100 24677535 0.022778450
19 125 3 100 64333 0.022800064
51 66 3 100 5759155 0.022818043
46 31 3 100 257790 0.022823882
4 2 3 100 2198 0.022830245
14 108 3 100 71739 0.022869213
93 123 3 100 756292 0.022974671
29 76 3 100 6185 0.023022733
30 35 3 100 56336 0.023120428
96 124 3 100 53126 0.023147771
26 50 3 100 5011 0.023151147
90 86 3 100 619947 0.023160414
2 66 3 100 145865 0.023173181
47 7 3 100 7748502 0.023176975
101 123 3 100 17485120 0.023181284
35 15 3 100 68600 0.023203303
125 118 3 100 487445 0.023207925
102 67 3 100 24603 0.023222676
27 20 3 100 218432 0.023298334
86 22 3 100 29168 0.023302961
44 83 3 100 2611813 0.023426313
47 69 3 100 1949671 0.023461657
50 119 3 100 25305 0.023481520
16 69 3 100 295581 0.023538802
48 121 3 100 883881 0.023540696
115 41 3 100 59969 0.023562571
8 58 3 100 2331 0.023590484
68 112 3 100 2942 0.023668774
54 3 3 100 47165 0.023706704
6 27 3 100 157340 0.023715307
37 122 3 100 28123143 0.023728344
127 110 3 100 707841 0.023744736
46 120 3 100 657 0.023761556
117 97 3 100 198425 0.023762112
12 63 3 100 3832131 0.023785743
20 102 3 100 3591396 0.023820589
52 107 3 100 75853 0.023840313
47 37 3 100 20846629 0.023853960
74 21 3 100 633297 0.023926718
41 82 3 100 21183 0.023962077
21 63 3 100 9224 0.023969393
7 49 3 100 43680 0.023978021
44 53 3 100 9921 0.023989045
47 122 3 100 1705 0.023991524
122 123 3 100 31737 0.024036075
119 51 3 100 1924961 0.024054908
28 104 3 100 5946 0.024092322
103 20 3 100 40151 0.024094854
44 83 3 100 4179728 0.024130554
100 22 3 100 1657713 0.024144384
19 5 3 100 5935364 0.024153607
62 117 3 100 8100007 0.024174773
4 102 3 100 1063454 0.024201987
0 63 3 100 25706 0.024207560
84 16 3 100 3892443 0.024438221
90 127 3 100 8349 0.024449711
12 32 3 100 9223 0.024502783
105 45 3 100 66093 0.024507741
120 122 3 100 186554 0.024572311
39 63 3 100 4495859 0.024678733
22 68 3 100 6357 0.024697010
126 12 3 100 1358065 0.024719909
5 100 3 100 648903 0.024818961
78 35 3 100 1093379 0.024888324
21 15 3 100 7628394 0.024924011
10 126 3 100 6247 0.024936485
27 104 3 100 47264 0.024962475
102 73 3 100 9049 0.024963803
111 59 3 100 52306 0.024984458
86 27 3 100 7792 0.025025948
61 87 3 100 8958509 0.025082012
12 52 3 100 4389025 0.025126565
117 9 3 100 26096 0.025167054
73 9 3 100 14774 0.025168957
90 4 3 100 74250 0.025178128
16 62 3 100 1366 0.025194436
97 50 3 100 685449 0.025212326
44 120 3 100 622 0.025223280
66 98 3 100 47899 0.025239920
48 14 3 100 139261 0.025249288
108 32 3 100 2826 0.025314993
99 68 3 100 8255050 0.025315456
108 97 3 100 41320 0.025357009
25 48 3 100 2659213 0.025363931
41 76 3 100 8217355 0.025372826
95 71 3 100 7147 0.025409336
80 110 3 100 2796175 0.025427763
0 117 3 100 201 0.025463210
63 15 3 100 7749 0.025481825
37 3 3 100 1491730 0.025483229
45 91 3 100 916 0.025518197
82 62 3 100 545 0.025631390
26 30 3 100 6206 0.025672044
119 61 3 100 365892 0.025696895
98 19 3 100 127811 0.025772749
0 74 3 100 8833276 0.025826786
83 54 3 100 31230 0.025948781
61 90 3 100 7179 0.025993889
7 78 3 100 8685293 0.026005090
33 42 3 100 6999 0.026055213
67 70 3 100 9397 0.026144024
125 78 3 100 1748352 0.026182104
30 122 3 100 3532018 0.026240940
105 90 3 100 45313 0.026246526
112 126 3 100 517180 0.026278460
86 80 3 100 36558 0.026279842
49 112 3 100 6935 0.026350069
2 77 3 100 74863 0.026367054
127 7 3 100 486454 0.026378681
60 33 3 100 39634 0.026418813
39 62 3 100 786079 0.026424117
63 66 3 100 7860 0.026507305
37 55 3 100 418481 0.026513157
13 72 3 100 4145 0.026532971
109 20 3 100 2539 0.026535458
37 106 3 100 3745622 0.026587908
93 20 3 100 125158 0.026615986
18 91 3 100 22314 0.026667539
41 68 3 100 1506586 0.026688200
93 59 3 100 17687 0.026718970
3 70 3 100 8770694 0.026767288
68 89 3 100 8298425 0.026785012
119 3 3 100 15849487 0.026816434
116 29 3 100 389966 0.026848414
67 75 3 100 253120 0.026891971
74 53 3 100 75 0.026896387
28 30 3 100 2778460 0.026935433
109 105 3 100 937657 0.027025127
120 97 3 100 6591804 0.027045211
101 55 3 100 18793112 0.027068276
52 126 3 100 14169 0.027233698
19 92 3 100 8233 0.027331398
30 43 3 100 66595 0.027332852
26 32 3 100 944546 0.027365246
62 71 3 100 16341 0.027428168
45 48 3 100 22641 0.027447712
31 127 3 100 28800749 0.027526143
86 69 3 100 271217 0.027531266
84 1 3 100 250943 0.027664995
106 122 3 100 33744 0.027769043
87 71 3 100 1293903 0.027779747
32 52 3 100 4941367 0.027910468
31 35 3 100 7882819 0.027959397
30 19 3 100 4564185 0.028105269
83 42 3 100 20462 0.028124163
53 40 3 100 148770 0.028188865
22 112 3 100 1971151 0.028276456
115 4 3 100 71555 0.028356765
68 10 3 100 21585 0.028362343
105 79 3 100 22400 0.028443924
89 106 3 100 67136 0.028470299
69 29 3 100 2419548 0.028495498
18 115 3 100 696753 0.028572799
46 92 3 100 47321 0.028574538
31 11 3 100 4679791 0.028575151
120 78 3 100 8746 0.028595674
3 54 3 100 28618414 0.028634639
25 16 3 100 922298 0.028683237
39 75 3 100 1169008 0.028780657
69 57 3 100 7909738 0.028789674
29 87 3 100 1996730 0.028876173
17 110 3 100 26802 0.028883225
62 66 3 100 4106 0.028930966
54 92 3 100 833927 0.028931754
6 92 3 100 20820 0.028951476
81 37 3 100 8755 0.029023380
127 104 3 100 2376 0.029045114
84 44 3 100 8859 0.029060753
8 71 3 100 75415 0.029090181
117 81 3 100 919051 0.029102691
56 51 3 100 47848 0.029142820
38 29 3 100 56278 0.029146218
36 28 3 100 5062 0.029184420
34 15 3 100 1079097 0.029185525
100 122 3 100 17306792 0.029214660
20 43 3 100 62632 0.029230675
102 116 3 100 117809 0.029264792
24 49 3 100 4237 0.029270788
30 14 3 100 70348 0.029287455
121 93 3 100 99 0.029340121
64 85 3 100 39219 0.029376539
78 106 3 100 45968 0.029386272
117 4 3 100 62653 0.029440945
72 95 3 100 8577781 0.029468661
24 97 3 100 33654 0.029485706
69 104 3 100 1588644 0.029505934
80 90 3 100 18924 0.029561899
36 5 3 100 13984 0.029603700
13 26 3 100 2277 0.029631668
73 89 3 100 4658410 0.029673294
88 80 3 100 117318 0.029721514
42 29 3 100 20161 0.029736617
64 0 3 100 40532 0.029843269
107 54 3 100 1985954 0.029883498
60 46 3 100 4344773 0.029941071
11 59 3 100 9440 0.029966154
83 31 3 100 60489 0.029973752
106 80 3 100 5135 0.029996249
21 17 3 100 21593 0.030001536
115 107 3 100 19710 0.030082967
66 104 3 100 2937884 0.030198798
12 112 3 100 1561627 0.030228500
104 89 3 100 6816 0.030234808
112 76 3 100 1681502 0.030260286
95 67 3 100 3757323 0.030275200
119 46 3 100 44518 0.030297760
33 86 3 100 2944258 0.030326166
113 112 3 100 3503 0.030400165
74 35 3 100 366742 0.030424782
78 45 3 100 7874180 0.030455359
95 1 3 100 36956 0.030475798
120 61 3 100 73528 0.030478166
52 70 3 100 17408 0.030481930
61 72 3 100 8081412 0.030487471
85 81 3 100 722707 0.030487768
50 1 3 100 1324340 0.030492708
71 55 3 100 22758 0.030522916
62 36 3 100 7422 0.030551261
54 85 3 100 43199 0.030560368
74 52 3 100 9841210 0.030568611
71 88 3 100 54196 0.030573032
86 66 3 100 6491 0.030626833
84 47 3 100 6673863 0.030634348
24 75 3 100 4975850 0.030660589
45 79 3 100 63385 0.030682493
39 10 3 100 923677 0.030696790
47 83 3 100 1781749 0.030706307
30 112 3 100 48060 0.030711774
114 49 3 100 4003052 0.030729533
80 26 3 100 1399156 0.030748388
58 120 3 100 75758 0.030755753
88 6 3 100 310133 0.030915443
60 110 3 100 62769 0.030925060
38 106 3 100 6537253 0.030966957
31 79 3 100 423629 0.031024472
119 50 3 100 8049135 0.031025177
120 109 3 100 43445 0.031030484
121 25 3 100 57908 0.031039448
51 79 3 100 4212 0.031091499
119 53 3 100 1226821 0.031135596
33 110 3 100 33700 0.031167610
66 112 3 100 4910177 0.031181908
33 73 3 100 21407 0.031235269
118 11 3 100 1378 0.031236768
101 114 3 100 4654525 0.031259696
85 95 3 100 6854478 0.031279293
73 1 3 100 1698998 0.031286203
18 97 3 100 45247 0.031319298
69 32 3 100 8667523 0.031353397
66 26 3 100 2987 0.031370678
106 51 3 100 24906 0.031401896
85 66 3 100 78369 0.031443669
83 66 3 100 105580 0.031474212
78 86 3 100 131627 0.031511589
45 13 3 100 850165 0.031538639
110 84 3 100 777645 0.031539059
89 72 3 100 2093749 0.031539533
114 42 3 100 1602439 0.031565115
17 40 3 100 1016199 0.031576023
46 123 3 100 1620010 0.031630457
10 102 3 100 72505 0.031631141
125 83 3 100 28656 0.031656849
7 31 3 100 222738 0.031663225
12 123 3 100 90844 0.031695033
99 46 3 100 6321 0.031703618
82 51 3 100 26107 0.031731102
86 49 3 100 57956 0.031732030
95 68 3 100 35180 0.031739502
107 2 3 100 21064 0.031777618
102 66 3 100 70172 0.031785985
56 81 3 100 75168 0.031818137
53 41 3 100 3768143 0.031859147
101 30 3 100 8567 0.031884084
16 72 3 100 54393 0.031938234
38 73 3 100 789131 0.031996804
3 26 3 100 62549 0.031999829
20 21 3 100 4737 0.032041728
88 94 3 100 19500 0.032068227
68 19 3 100 7869 0.032216480
76 106 3 100 8349229 0.032300979
74 108 3 100 66530 0.032351038
47 102 3 100 446119 0.032401670
100 81 3 100 13031287 0.032457771
39 38 3 100 739523 0.032505396
118 120 3 100 754883 0.032585821
126 92 3 100 78153 0.032588601
54 97 3 100 1391474 0.032668620
4 0 3 100 4253463 0.032689899
73 113 3 100 22179 0.032787986
3 50 3 100 329702 0.032837508
6 109 3 100 2663831 0.032889863
121 1 3 100 23683 0.032905927
21 75 3 100 567341 0.032913899
18 76 3 100 3348 0.032963424
104 62 3 100 22400 0.033022622
115 29 3 100 18921 0.033051903
74 100 3 100 4386 0.033098271
76 106 3 100 68835 0.033182100
119 3 3 100 133194 0.033213793
104 37 3 100 617633 0.033256920
40 99 3 100 4484890 0.033259719
42 80 3 100 69520 0.033281602
71 24 3 100 4198639 0.033358762
2 76 3 100 76981 0.033411081
71 77 3 100 1355489 0.033464551
27 46 3 100 9027 0.033567801
123 5 3 100 17164 0.033570632
110 90 3 100 40442 0.033591906
106 51 3 100 48085 0.033626828
16 45 3 100 532129 0.033643550
40 111 3 100 28575821 0.033643895
108 7 3 100 29351 0.033658894
25 17 3 100 4471 0.033698850
43 82 3 100 4521599 0.033739634
114 49 3 100 59201 0.033751629
28 5 3 100 20917 0.033766913
7 15 3 100 77826 0.033796753
78 51 3 100 10030315 0.033804751
58 81 3 100 5496457 0.033814402
105 67 3 100 35268 0.033823797
65 109 3 100 78371 0.033836554
107 86 3 100 7786138 0.033931704
33 30 3 100 25209 0.033959371
23 127 3 100 57318 0.034004093
121 77 3 100 7458 0.034027742
74 47 3 100 7408 0.034058997
84 19 3 100 42285 0.034083802
83 87 3 100 3460788 0.034111901
125 127 3 100 6359925 0.034112991
6 91 3 100 9849 0.034196111
64 115 3 100 14377 0.034237066
5 81 3 100 113320 0.034276017
81 42 3 100 25133998 0.034278975
11 81 3 100 6387670 0.034330133
108 42 3 100 29949 0.034335716
23 90 3 100 282150 0.034352952
74 102 3 100 7848 0.034445500
0 77 3 100 482 0.034459643
127 26 3 100 70466 0.034555892
5 124 3 100 51494 0.034558925
59 75 3 100 35419 0.034594713
13 38 3 100 66693 0.034604820
120 50 3 100 51378 0.034608808
88 113 3 100 14022 0.034736164
78 43 3 100 1920494 0.034741099
64 83 3 100 164345 0.034819257
23 64 3 100 7728734 0.034896877
28 39 3 100 64576 0.034933057
54 4 3 100 1631988 0.035014802
124 28 3 100 25908 0.035090556
94 35 3 100 1072384 0.035141926
79 43 3 100 9572522 0.035157240
62 85 3 100 210008 0.035170058
83 27 3 100 71230 0.035205112
114 74 3 100 8615596 0.035209070
61 42 3 100 10315 0.035210162
37 102 3 100 1665115 0.035233184
125 8 3 100 27712 0.035341936
1 31 3 100 951153 0.035376940
113 0 3 100 4015 0.035387438
64 103 3 100 70123 0.035454093
51 15 3 100 20569923 0.035466787
57 105 3 100 9592750 0.035509805
46 116 3 100 15959 0.035515660
92 31 3 100 21940 0.035528806
116 59 3 100 12043058 0.035609148
7 62 3 100 15308078 0.035642795
69 125 3 100 3110 0.035645606
105 92 3 100 27820 0.035672575
99 86 3 100 26933 0.035686365
127 118 3 100 7818 0.035725346
40 46 3 100 2022 0.035725376
36 40 3 100 5029 0.035733230
68 15 3 100 1387279 0.035889323
58 102 3 100 913 0.035951906
58 24 3 100 1342 0.035959347
16 83 3 100 9271 0.035981638
2 7 3 100 5141413 0.035993226
6 14 3 100 62399 0.036026030
75 73 3 100 21448 0.036082250
93 22 3 100 392210 0.036087394
99 33 3 100 1405192 0.036136298
124 76 3 100 26829 0.036214113
66 98 3 100 22039 0.036216003
0 18 3 100 43256 0.036252277
101 116 3 100 18738 0.036349989
34 45 3 100 29874 0.036353018
9 55 3 100 162568 0.036482310
33 3 3 100 6015578 0.036525179
3 123 3 100 510 0.036551646
114 97 3 100 4368243 0.036577803
81 118 3 100 169935 0.036609607
27 17 3 100 759282 0.036620846
98 30 3 100 29344 0.036828033
55 86 3 100 16286 0.036872752
52 84 3 100 22478 0.036886283
122 51 3 100 4805 0.036896220
45 105 3 100 52640 0.036906128
49 78 3 100 7537 0.036928321
1 16 3 100 9616 0.036940908
97 121 3 100 1968541 0.036970047
19 11 3 100 7382085 0.037030705
127 33 3 100 582098 0.037089257
20 29 3 100 146558 0.037113021
28 56 3 100 556102 0.037116950
121 29 3 100 83315 0.037147563
50 76 3 100 9971941 0.037159433
95 45 3 100 11735 0.037173068
116 48 3 100 28609 0.037213633
49 8 3 100 237378 0.037281253
16 19 3 100 550659 0.037288453
10 18 3 100 9751 0.037324872
42 119 3 100 1175095 0.037329773
118 72 3 100 892 0.037401236
58 54 3 100 51968 0.037606660
51 91 3 100 121614 0.037724465
16 41 3 100 61899 0.037747051
43 102 3 100 8323292 0.037778849
109 95 3 100 6672525 0.037808807
75 109 3 100 196270 0.037832817
64 19 3 100 2973832 0.037850067
10 95 3 100 311896 0.037873613
97 124 3 100 1935648 0.037882548
126 73 3 100 36571 0.037891498
107 29 3 100 21611 0.038026823
40 92 3 100 14873146 0.038094262
93 7 3 100 723235 0.038116085
19 17 3 100 1452078 0.038133762
34 27 3 100 19922899 0.038136163
11 120 3 100 66642 0.038144354
121 103 3 100 21682 0.038159900
100 106 3 100 1336343 0.038164623
110 13 3 100 1258173 0.038173231
91 76 3 100 769990 0.038186069
26 120 3 100 33724 0.038187062
120 111 3 100 3245 0.038200217
66 97 3 100 40946 0.038276740
120 61 3 100 53446 0.038310717
108 100 3 100 37236 0.038316058
48 96 3 100 65296 0.038373487
5 121 3 100 3874604 0.038375435
49 30 3 100 33282 0.038423439
49 9 3 100 865486 0.038426100
73 77 3 100 4793152 0.038430356
55 6 3 100 8686 0.038544743
92 15 3 100 3308197 0.038554951
95 25 3 100 30828 0.038572181
104 42 3 100 2995656 0.038605916
92 40 3 100 70777 0.038641453
107 68 3 100 100693 0.038656560
53 95 3 100 9237809 0.038685281
48 81 3 100 14071254 0.038724200
60 22 3 100 234149 0.038798523
59 103 3 100 72463 0.038811359
54 42 3 100 47944 0.038880498
116 49 3 100 155149 0.038934609
1 105 3 100 1905076 0.038953344
24 45 3 100 13019 0.038994538
84 125 3 100 172066 0.039018144
19 92 3 100 8150227 0.039058175
51 47 3 100 8183 0.039078733
88 50 3 100 6552557 0.039312049
103 48 3 100 47531 0.039342108
46 56 3 100 5212419 0.039401631
98 65 3 100 23580933 0.039431040
16 83 3 100 32398 0.039452070
31 58 3 100 6795 0.039487196
55 84 3 100 1388708 0.039515223
13 53 3 100 20267577 0.039527174
109 32 3 100 10730 0.039554139
48 18 3 100 50097 0.039598739
49 42 3 100 74098 0.039640451
41 27 3 100 134065 0.039643410
58 64 3 100 89230 0.039670197
63 85 3 100 2854573 0.039695800
69 5 3 100 28687 0.039768407
107 0 3 100 25315 0.039781163
73 120 3 100 73649 0.039783877
91 106 3 100 26212 0.039787186
24 117 3 100 50131 0.039829917
97 123 3 100 2753031 0.039883989
78 116 3 100 137807 0.039917073
36 6 3 100 164566 0.039917579
69 36 3 100 1351273 0.040044466
95 56 3 100 3963 0.040092469
61 64 3 100 1082079 0.040118425
69 81 3 100 44520 0.040164156
16 37 3 100 3889237 0.040168804
126 96 3 100 33472 0.040184920
1 75 3 100 17450299 0.040202513
89 59 3 100 56343 0.040205544
16 76 3 100 541304 0.040416066
34 127 3 100 18187 0.040554392
93 107 3 100 49079 0.040585515
125 105 3 100 5252666 0.040618293
52 31 3 100 9056034 0.040649306
19 58 3 100 3954211 0.040774970
48 101 3 100 649282 0.040797797
106 84 3 100 1638 0.040828922
103 79 3 100 6120 0.040864044
76 88 3 100 153264 0.040884728
119 97 3 100 1547139 0.040944407
106 124 3 100 29917 0.040969233
101 97 3 100 166240 0.040970464
38 36 3 100 3507709 0.040971101
69 50 3 100 46840 0.040977513
76 121 3 100 23185 0.040984885
63 85 3 100 5442123 0.041012073
80 77 3 100 2630 0.041034603
61 59 3 100 50908 0.041081385
51 68 3 100 29315 0.041107807
39 54 3 100 994981 0.041118033
23 27 3 100 77644 0.041236470
113 105 3 100 1116457 0.041267388
96 84 3 100 4013261 0.041334077
40 124 3 100 724 0.041338711
42 83 3 100 6000 0.041351586
28 115 3 100 69698 0.041377817
89 40 3 100 757284 0.041439434
45 64 3 100 2469 0.041514848
23 29 3 100 22312 0.041566118
36 34 3 100 182888 0.041579466
73 0 3 100 32355 0.041679774
95 45 3 100 2903736 0.041681381
43 84 3 100 48934 0.041762194
18 38 3 100 7005844 0.041771027
80 74 3 100 23436 0.041830231
76 10 3 100 53942 0.041911526
43 26 3 100 876330 0.042111658
30 80 3 100 2372222 0.042239049
70 43 3 100 8721452 0.042263619
75 112 3 100 10567 0.042298772
62 13 3 100 67983 0.042332396
1 30 3 100 3118406 0.042359927
70 111 3 100 3502638 0.042473751
3 62 3 100 333046 0.042487969
0 28 3 100 149802 0.042489212
96 99 3 100 1779810 0.042557868
54 111 3 100 1415389 0.042568785
122 77 3 100 1292126 0.042629021
40 26 3 100 21971 0.042666376
105 39 3 100 27513 0.042762534
117 46 3 100 7430757 0.042841155
39 91 3 100 79188 0.042978010
56 44 3 100 77763 0.043046766
124 102 3 100 1711768 0.043053993
122 6 3 100 45326 0.043072262
51 92 3 100 1063690 0.043178642
83 39 3 100 697611 0.043297509
73 81 3 100 73081 0.043337454
51 123 3 100 46652 0.043360505
75 65 3 100 25879 0.043411726
45 32 3 100 1406470 0.043412485
127 0 3 100 4939142 0.043433809
18 55 3 100 349224 0.043447088
127 17 3 100 2594 0.043500823
77 100 3 100 122185 0.043504568
23 10 3 100 36429 0.043564510
40 113 3 100 2718848 0.043585169
23 115 3 100 22344 0.043591121
126 53 3 100 4856945 0.043647242
75 121 3 100 1557525 0.043703014
42 25 3 100 764472 0.043707486
18 81 3 100 47773 0.043741659
87 60 3 100 7177 0.043743861
31 40 3 100 47170 0.043748881
63 64 3 100 4265914 0.043778136
16 46 3 100 43130 0.043815821
55 85 3 100 6432135 0.043896884
93 50 3 100 10731430 0.044134720
5 21 3 100 2265420 0.044192699
113 79 3 100 25515 0.044246805
5 126 3 100 72669 0.044259273
68 45 3 100 3694910 0.044355599
17 30 3 100 3387410 0.044420416
21 55 3 100 12541 0.044501427
23 111 3 100 25972 0.044521749
79 119 3 100 752784 0.044540578
11 124 3 100 6518776 0.044549263
98 4 3 100 69806 0.044646264
124 31 3 100 7652586 0.044678729
38 40 3 100 2625714 0.044799490
38 47 3 100 36724 0.044940397
120 42 3 100 394535 0.045029772
68 17 3 100 1795 0.045032947
62 124 3 100 32383 0.045089790
120 72 3 100 7680 0.045202154
41 47 3 100 74438 0.045286134
81 110 3 100 24610 0.045488285
80 47 3 100 77865 0.045526267
63 106 3 100 4402149 0.045568673
99 71 3 100 17378 0.045799342
91 45 3 100 20679 0.045814267
113 57 3 100 25929849 0.045825234
81 102 3 100 625417 0.045825749
110 118 3 100 28451 0.045834857
22 64 3 100 4774 0.045913635
2 113 3 100 20094 0.046020842
93 98 3 100 3496793 0.046029246
11 82 3 100 8365 0.046049345
56 32 3 100 110843 0.046147533
49 44 3 100 24142 0.046190869
125 8 3 100 2318702 0.046319385
22 110 3 100 28786 0.046381537
28 22 3 100 4880208 0.046454006
93 20 3 100 45797 0.046459201
124 63 3 100 2504277 0.046513699
0 38 3 100 66088 0.046669174
88 30 3 100 4925439 0.046710490
55 7 3 100 7647417 0.046911456
16 83 3 100 6824 0.046918327
22 73 3 100 97331 0.046997790
11 122 3 100 8255791 0.047129299
80 91 3 100 994432 0.047253982
117 9 3 100 41763 0.047378681
88 31 3 100 3937303 0.047538326
45 1 3 100 25057 0.047612430
124 4 3 100 1820977 0.047663169
55 66 3 100 17735 0.047680765
117 81 3 100 72471 0.047684942
55 28 3 100 15998622 0.047699146
102 28 3 100 401720 0.047824845
101 49 3 100 971971 0.047837398
49 82 3 100 350327 0.048278137
45 84 3 100 30260 0.048862489
