1749 
75 0 3 100 46394 0.000024730
118 6 3 100 14351 0.000024898
70 48 3 100 3974931 0.000029792
9 2 3 100 7940851 0.000081074
49 43 3 100 2558 0.000100822
9 25 3 100 64195 0.000154630
37 45 3 100 3684548 0.000185007
32 39 3 100 56809 0.000246510
66 64 3 100 72465 0.000298969
57 88 3 100 227435 0.000301176
123 5 3 100 196643 0.000356347
11 95 3 100 4323 0.000371077
48 84 3 100 6490851 0.000378802
69 75 3 100 10313 0.000411348
38 45 3 100 29876 0.000441784
80 22 3 100 2709 0.000450362
82 122 3 100 3733 0.000469872
13 95 3 100 79541 0.000484225
67 111 3 100 68261 0.000511072
118 114 3 100 9251 0.000523629
13 75 3 100 1376 0.000576217
70 83 3 100 84052 0.000588369
76 17 3 100 20275 0.000589081
93 104 3 100 7778689 0.000627469
56 104 3 100 4870320 0.000628485
92 8 3 100 26917956 0.000632218
18 85 3 100 77763 0.000638231
22 51 3 100 1154852 0.000649087
81 121 3 100 4283379 0.000658872
16 29 3 100 79823 0.000678174
83 26 3 100 11081 0.000692957
97 86 3 100 1216880 0.000711646
111 61 3 100 22487 0.000747561
80 27 3 100 2102982 0.000758990
3 14 3 100 3564 0.000775926
30 55 3 100 53585 0.000775981
54 19 3 100 7293 0.000789437
82 122 3 100 49524 0.000801373
32 88 3 100 4772096 0.000811372
42 47 3 100 79861 0.000832177
88 111 3 100 642924 0.000840085
36 45 3 100 42385 0.000863446
111 91 3 100 2917973 0.000864958
78 127 3 100 7405 0.000923730
16 116 3 100 71000 0.000937659
122 115 3 100 75047 0.001066155
44 107 3 100 3481 0.001111075
20 32 3 100 3823 0.001112254
84 98 3 100 8351 0.001117800
83 75 3 100 343170 0.001136946
59 13 3 100 42816 0.001195898
114 78 3 100 71617 0.001214826
114 30 3 100 50677 0.001215821
74 52 3 100 4318 0.001288884
50 55 3 100 39712 0.001332124
92 14 3 100 42304 0.001353778
77 78 3 100 192953 0.001458575
58 77 3 100 8754 0.001473833
115 58 3 100 38658 0.001503637
47 84 3 100 65861 0.001589937
90 2 3 100 9953 0.001590718
68 29 3 100 65739 0.001659195
112 4 3 100 6297323 0.001705804
29 23 3 100 66233 0.001713638
101 24 3 100 7460 0.001717720
126 114 3 100 1249170 0.001723083
4 116 3 100 509864 0.001729069
84 3 3 100 193900 0.001746347
33 87 3 100 23392 0.001853712
121 55 3 100 32556 0.001864458
76 108 3 100 75196 0.001865615
111 110 3 100 21255 0.001893821
66 118 3 100 6490751 0.001933535
24 34 3 100 3362923 0.001944723
65 122 3 100 69782 0.002001061
104 116 3 100 57857 0.002062971
78 41 3 100 79984 0.002075406
70 42 3 100 53326 0.002110004
27 61 3 100 50332 0.002119610
34 125 3 100 17048 0.002133507
24 83 3 100 3347240 0.002175139
36 72 3 100 23076 0.002215023
32 36 3 100 3625 0.002242051
21 5 3 100 40088 0.002255950
21 83 3 100 569529 0.002310324
78 18 3 100 84203 0.002313364
76 56 3 100 20129875 0.002322454
1 114 3 100 1645562 0.002326240
71 92 3 100 24237 0.002328327
29 28 3 100 23891 0.002337112
69 111 3 100 5109 0.002358874
21 68 3 100 69328 0.002386199
80 88 3 100 4775374 0.002458635
48 37 3 100 40743 0.002481945
34 62 3 100 1569342 0.002490245
22 64 3 100 61141 0.002529257
9 20 3 100 766384 0.002558954
5 65 3 100 62743 0.002566796
12 84 3 100 825290 0.002574560
44 107 3 100 2372 0.002632340
35 43 3 100 2944499 0.002632921
100 4 3 100 2603121 0.002731964
93 91 3 100 1199422 0.002734215
116 68 3 100 62226 0.002776766
86 125 3 100 1307360 0.002795888
110 18 3 100 4173678 0.002817773
56 18 3 100 5176259 0.002851343
17 19 3 100 24220 0.002885900
20 33 3 100 51101 0.002909321
102 55 3 100 2505137 0.002915438
100 38 3 100 1963284 0.002916959
18 66 3 100 3955226 0.002918224
17 41 3 100 5565 0.002972353
60 69 3 100 9065 0.002983542
127 66 3 100 36480 0.002984352
109 6 3 100 179108 0.003011558
89 101 3 100 4975410 0.003035269
103 109 3 100 35766 0.003055395
37 94 3 100 76964 0.003068175
27 10 3 100 40785 0.003081425
7 103 3 100 306337 0.003091785
44 38 3 100 9913473 0.003092144
21 123 3 100 14495002 0.003096797
33 41 3 100 75828 0.003103519
33 46 3 100 5262946 0.003108599
3 34 3 100 43187 0.003135051
82 30 3 100 3205405 0.003142673
111 13 3 100 8557343 0.003148884
117 18 3 100 154543 0.003155991
80 27 3 100 64232 0.003213017
94 104 3 100 1738587 0.003242912
66 78 3 100 474188 0.003270098
7 89 3 100 56944 0.003281233
122 30 3 100 146943 0.003295745
102 17 3 100 10918 0.003309025
77 92 3 100 42180 0.003396689
89 22 3 100 17710368 0.003463811
95 70 3 100 3384998 0.003503695
75 114 3 100 2625343 0.003547339
39 104 3 100 7392 0.003559632
124 111 3 100 76068 0.003562680
60 111 3 100 39516 0.003591349
10 7 3 100 86154 0.003603829
56 35 3 100 19147 0.003616380
108 76 3 100 3189276 0.003679905
6 64 3 100 54374 0.003729106
38 20 3 100 1348512 0.003730152
118 93 3 100 2606810 0.003757021
7 61 3 100 72465 0.003772202
119 79 3 100 7105365 0.003779328
57 101 3 100 105399 0.003789866
116 120 3 100 1348235 0.003838044
88 32 3 100 46816 0.003841957
63 24 3 100 50672 0.003846383
6 13 3 100 182598 0.003859360
110 54 3 100 3034 0.003860415
80 56 3 100 661833 0.003871905
121 127 3 100 74687 0.003883315
86 70 3 100 57445 0.003904090
80 50 3 100 180286 0.003913048
47 62 3 100 470749 0.003918786
34 96 3 100 23066640 0.003938715
60 67 3 100 229959 0.003950659
7 1 3 100 5008810 0.003964804
75 122 3 100 27657 0.003969127
108 92 3 100 4425 0.004032206
90 53 3 100 1496906 0.004052427
17 38 3 100 45894 0.004079616
74 68 3 100 1414458 0.004163416
76 12 3 100 1396714 0.004182588
123 78 3 100 3538 0.004186378
7 78 3 100 2826 0.004203818
8 31 3 100 25704 0.004221612
97 20 3 100 5353561 0.004252843
0 50 3 100 7515 0.004276405
58 44 3 100 20414857 0.004305390
77 52 3 100 225287 0.004310470
15 122 3 100 4161490 0.004312450
19 35 3 100 23861 0.004391198
65 26 3 100 717932 0.004407556
83 38 3 100 11895779 0.004451578
68 51 3 100 50947 0.004471233
28 50 3 100 18100 0.004504831
116 87 3 100 261481 0.004506633
36 120 3 100 529025 0.004624782
100 119 3 100 43368 0.004638949
40 83 3 100 28779 0.004644178
80 120 3 100 388924 0.004646154
91 121 3 100 68052 0.004646454
68 8 3 100 15547 0.004663996
1 31 3 100 43024 0.004719333
44 20 3 100 7046 0.004759990
121 66 3 100 29188 0.004774663
63 1 3 100 3722 0.004808033
104 40 3 100 1251220 0.004839305
103 127 3 100 7498555 0.004850225
99 43 3 100 999 0.004865524
82 108 3 100 69087 0.004865806
105 43 3 100 28014 0.004903942
107 118 3 100 24798 0.004927388
3 11 3 100 76248 0.004944048
126 23 3 100 51717 0.004946536
94 19 3 100 12248 0.004958324
120 81 3 100 332783 0.004978877
8 4 3 100 39905 0.004980782
20 4 3 100 50779 0.005020573
34 98 3 100 17953 0.005023169
89 105 3 100 1555375 0.005055290
62 79 3 100 3691464 0.005142405
105 118 3 100 1821893 0.005176766
18 51 3 100 63033 0.005186349
70 119 3 100 53669 0.005194538
17 75 3 100 1038964 0.005247877
17 112 3 100 60908 0.005255254
107 48 3 100 21974 0.005273130
67 116 3 100 36001 0.005298205
114 15 3 100 195196 0.005316806
47 77 3 100 40921 0.005317664
49 74 3 100 196414 0.005335646
121 43 3 100 14525 0.005369784
61 45 3 100 859552 0.005406227
112 65 3 100 3259696 0.005494006
20 18 3 100 65803 0.005500060
38 64 3 100 854371 0.005620445
50 18 3 100 68839 0.005664662
23 115 3 100 131798 0.005690298
34 48 3 100 23633 0.005740037
79 18 3 100 188974 0.005745607
44 93 3 100 1538312 0.005801225
94 70 3 100 39335 0.005822211
93 40 3 100 23 0.005857799
13 127 3 100 4774770 0.005969148
22 47 3 100 8506 0.006032352
6 41 3 100 87887 0.006053778
56 9 3 100 1356 0.006099696
5 8 3 100 19049 0.006100613
57 100 3 100 12705 0.006107280
75 24 3 100 40908 0.006136121
17 93 3 100 12882 0.006145173
80 55 3 100 278861 0.006164171
24 104 3 100 1506775 0.006221961
27 110 3 100 7006 0.006231337
59 85 3 100 6359331 0.006244464
53 69 3 100 2824007 0.006258587
19 114 3 100 4611109 0.006334387
81 15 3 100 27274 0.006421715
8 111 3 100 2912 0.006441338
16 1 3 100 40887 0.006447917
16 55 3 100 4888542 0.006448160
54 25 3 100 28636011 0.006480941
38 80 3 100 3569314 0.006494096
56 5 3 100 2928153 0.006518962
58 82 3 100 6779 0.006531501
92 126 3 100 1073 0.006572506
3 69 3 100 9811 0.006581288
42 73 3 100 29833485 0.006632176
44 0 3 100 919703 0.006649841
78 46 3 100 83296 0.006709118
64 119 3 100 304570 0.006715020
61 45 3 100 2972392 0.006779537
76 104 3 100 71575 0.006787077
48 26 3 100 5733739 0.006788685
113 46 3 100 172150 0.006802154
22 26 3 100 138248 0.006817184
107 118 3 100 1055606 0.006875395
58 106 3 100 1386331 0.006885509
44 67 3 100 73353 0.006917164
12 49 3 100 1805034 0.006924810
99 96 3 100 1908958 0.006941585
1 104 3 100 3611395 0.006943915
54 77 3 100 5898909 0.007034382
15 40 3 100 52765 0.007075228
96 106 3 100 1154667 0.007136751
27 102 3 100 22734 0.007184586
38 63 3 100 22060 0.007193007
91 114 3 100 46068 0.007320968
55 52 3 100 8897483 0.007395880
116 86 3 100 6820 0.007410708
32 49 3 100 45155 0.007410946
107 120 3 100 1175663 0.007441938
28 1 3 100 12976 0.007455245
42 35 3 100 4955226 0.007473932
24 36 3 100 65603 0.007492312
88 53 3 100 159278 0.007504913
26 107 3 100 42463 0.007512922
85 41 3 100 6547 0.007535098
50 109 3 100 10361 0.007541659
59 80 3 100 10678276 0.007615665
127 39 3 100 217211 0.007631748
102 31 3 100 51323 0.007652196
120 8 3 100 24812 0.007684149
8 101 3 100 77363 0.007696860
91 2 3 100 2648803 0.007719504
23 53 3 100 7899630 0.007767825
5 19 3 100 1917014 0.007787441
56 62 3 100 22434 0.007796203
69 47 3 100 583722 0.007807754
66 111 3 100 444624 0.007847801
15 79 3 100 914169 0.007849302
41 28 3 100 51469 0.007853360
96 93 3 100 21338 0.007934528
28 77 3 100 17096 0.007942846
122 56 3 100 34210 0.007972191
111 107 3 100 5243900 0.007994691
61 75 3 100 23108 0.008004168
34 96 3 100 5779 0.008006301
21 33 3 100 27798 0.008149227
42 5 3 100 5338 0.008165207
39 43 3 100 1056262 0.008176326
89 2 3 100 50174 0.008183367
103 50 3 100 5703021 0.008217983
16 64 3 100 76263 0.008271338
38 67 3 100 3931464 0.008292095
33 1 3 100 1444 0.008319843
17 107 3 100 25816 0.008445338
27 100 3 100 76853 0.008478726
68 35 3 100 6362047 0.008504006
76 20 3 100 7043308 0.008505399
10 46 3 100 29283 0.008564979
74 48 3 100 73064 0.008590239
66 17 3 100 9301728 0.008591407
12 65 3 100 2447393 0.008604892
2 109 3 100 1058398 0.008659429
64 27 3 100 77409 0.008682763
92 44 3 100 17726 0.008717205
23 126 3 100 5842676 0.008722132
57 35 3 100 801273 0.008764263
75 69 3 100 66000 0.008764746
68 55 3 100 5787 0.008826241
15 30 3 100 178632 0.008856722
90 59 3 100 7609718 0.008900512
103 99 3 100 46340 0.008919359
19 7 3 100 9562572 0.008930361
106 127 3 100 179543 0.008966269
100 13 3 100 4304134 0.009040577
108 104 3 100 1760650 0.009058058
79 28 3 100 193966 0.009092600
105 13 3 100 2176 0.009131209
104 121 3 100 5419268 0.009189061
58 60 3 100 1668080 0.009196853
45 98 3 100 1128214 0.009221753
11 39 3 100 9994 0.009241126
3 28 3 100 6842067 0.009255680
50 60 3 100 65211 0.009262814
56 41 3 100 1617813 0.009269434
59 57 3 100 848064 0.009309719
5 74 3 100 77883 0.009311229
1 125 3 100 6819 0.009315647
120 38 3 100 7429217 0.009317120
109 110 3 100 26317581 0.009325480
80 95 3 100 120017 0.009326951
10 13 3 100 55906 0.009360707
43 104 3 100 29670084 0.009378018
53 120 3 100 86594 0.009543845
103 102 3 100 57991 0.009549263
12 11 3 100 1044603 0.009561799
79 126 3 100 19435 0.009617452
119 108 3 100 73814 0.009651581
72 115 3 100 117543 0.009659162
66 104 3 100 43401 0.009676721
122 55 3 100 44438 0.009690014
81 78 3 100 590 0.009700025
43 121 3 100 94771 0.009715770
95 107 3 100 48311 0.009734345
69 107 3 100 13376 0.009767733
125 112 3 100 1783 0.009789661
45 110 3 100 29638 0.009837696
67 96 3 100 1296951 0.009936139
67 21 3 100 22012 0.009956946
42 104 3 100 8047162 0.009984962
40 61 3 100 16430 0.010006078
64 74 3 100 6042 0.010008155
89 14 3 100 843981 0.010009745
94 85 3 100 22863 0.010022500
74 118 3 100 6297 0.010032688
111 113 3 100 633 0.010094667
33 72 3 100 2302877 0.010124459
33 0 3 100 979043 0.010132527
108 104 3 100 6902620 0.010138480
40 63 3 100 330795 0.010149093
1 31 3 100 80 0.010196781
3 83 3 100 50104 0.010209598
19 102 3 100 734220 0.010223270
95 27 3 100 26705124 0.010294502
108 74 3 100 8502 0.010301076
22 7 3 100 11071 0.010333552
55 76 3 100 28235 0.010339294
11 57 3 100 45487 0.010346307
60 21 3 100 150340 0.010351436
93 36 3 100 39154 0.010352582
63 105 3 100 42299 0.010376415
86 115 3 100 4747574 0.010400868
109 84 3 100 5107 0.010426306
71 11 3 100 20287 0.010456878
42 8 3 100 20451 0.010487320
123 112 3 100 2088 0.010500375
75 64 3 100 2133797 0.010555964
80 22 3 100 22492 0.010566878
73 58 3 100 2716 0.010573068
15 65 3 100 1525394 0.010574903
103 124 3 100 199748 0.010596633
40 83 3 100 1274789 0.010638173
0 69 3 100 7559351 0.010649528
51 127 3 100 68507 0.010654392
52 28 3 100 917201 0.010745726
30 107 3 100 44485 0.010805094
34 105 3 100 23830 0.010836967
91 30 3 100 2331 0.010839650
127 101 3 100 133041 0.010899334
58 87 3 100 47311 0.010919043
65 99 3 100 42829 0.011023181
10 92 3 100 3640798 0.011049132
7 106 3 100 30557 0.011118475
97 123 3 100 9385 0.011166806
122 4 3 100 923204 0.011209045
68 59 3 100 1082870 0.011259630
126 85 3 100 4336536 0.011315208
106 48 3 100 48484 0.011338190
108 74 3 100 754238 0.011347025
62 104 3 100 101043 0.011352017
88 107 3 100 57250 0.011389447
35 123 3 100 3861 0.011404433
42 74 3 100 27723 0.011413459
4 121 3 100 9187 0.011426503
80 119 3 100 2996595 0.011461910
67 54 3 100 7074025 0.011488203
123 118 3 100 8259183 0.011522624
73 76 3 100 57349 0.011571828
51 2 3 100 23883 0.011585731
90 101 3 100 6290080 0.011594736
120 0 3 100 1389314 0.011633559
101 89 3 100 1226236 0.011645379
121 3 3 100 1300557 0.011647942
1 54 3 100 184761 0.011662098
126 28 3 100 23264 0.011667587
3 20 3 100 11078 0.011681863
46 58 3 100 25798 0.011691098
21 108 3 100 3040225 0.011723710
87 49 3 100 23793 0.011726221
74 40 3 100 4870417 0.011799018
93 60 3 100 23126 0.011838446
4 9 3 100 20858 0.011846248
37 103 3 100 66191 0.011853705
82 85 3 100 25397 0.011879358
92 125 3 100 27914 0.011881984
41 75 3 100 257928 0.011885805
9 25 3 100 1389088 0.011901492
125 119 3 100 111303 0.011914420
93 2 3 100 7304 0.011917343
69 87 3 100 77829 0.011927386
70 49 3 100 23823 0.011930203
50 103 3 100 1929 0.011932515
9 46 3 100 9662 0.011967309
75 50 3 100 140705 0.011978584
40 61 3 100 44155 0.011988429
70 42 3 100 63783 0.011991821
55 34 3 100 60325 0.012038502
109 48 3 100 4268464 0.012050014
31 121 3 100 913355 0.012053204
12 66 3 100 29880 0.012093097
106 48 3 100 37743 0.012094751
13 8 3 100 8833 0.012116024
112 36 3 100 2650959 0.012119088
89 83 3 100 49207 0.012194710
27 36 3 100 54305 0.012210297
60 89 3 100 32058 0.012217938
87 16 3 100 40435 0.012239237
92 44 3 100 30801 0.012245228
102 100 3 100 128853 0.012301787
73 24 3 100 2048467 0.012309885
68 36 3 100 1902472 0.012354774
116 77 3 100 4674084 0.012362666
123 38 3 100 949007 0.012374169
34 104 3 100 1640 0.012385495
80 14 3 100 1963812 0.012388390
15 38 3 100 22760 0.012403807
124 92 3 100 491518 0.012424182
110 66 3 100 3770127 0.012446855
7 117 3 100 7545743 0.012525020
117 88 3 100 28580 0.012569433
48 126 3 100 34144 0.012594602
1 115 3 100 17575 0.012610919
38 21 3 100 1237781 0.012631165
50 43 3 100 2864174 0.012641351
28 71 3 100 7250041 0.012647054
9 109 3 100 3330639 0.012655346
0 22 3 100 7523 0.012668717
92 71 3 100 26571 0.012712607
68 127 3 100 215158 0.012717024
125 4 3 100 14400217 0.012739327
65 21 3 100 1437293 0.012758782
16 51 3 100 11797 0.012758878
104 47 3 100 8748546 0.012800580
72 78 3 100 2865 0.012812152
31 88 3 100 4680445 0.012874802
84 75 3 100 24508 0.012884061
42 30 3 100 28337 0.012910445
66 51 3 100 27154 0.012912471
30 5 3 100 2139722 0.012979315
73 23 3 100 16376195 0.012983694
97 67 3 100 23918 0.012984590
87 56 3 100 22943 0.012993209
86 43 3 100 4376581 0.012995653
86 115 3 100 180217 0.013054575
60 46 3 100 4006 0.013073788
92 54 3 100 2492362 0.013152519
7 94 3 100 23510 0.013170943
56 89 3 100 179028 0.013182354
67 66 3 100 26143 0.013184083
29 66 3 100 30115 0.013186990
82 8 3 100 8783396 0.013202564
93 35 3 100 34785 0.013211218
37 107 3 100 776532 0.013232879
21 24 3 100 172678 0.013310335
33 100 3 100 36401 0.013340468
122 76 3 100 5079883 0.013385821
35 42 3 100 21579697 0.013414868
3 31 3 100 3205 0.013418077
5 85 3 100 45417 0.013427379
114 4 3 100 31310 0.013431700
47 27 3 100 1955089 0.013445380
109 121 3 100 67543 0.013448185
4 66 3 100 1755451 0.013462060
15 107 3 100 26652 0.013482831
16 25 3 100 21070 0.013490287
18 9 3 100 904904 0.013491792
113 9 3 100 29223 0.013493793
33 44 3 100 25024761 0.013506450
113 17 3 100 7046 0.013532671
1 82 3 100 27967 0.013545524
23 93 3 100 1336765 0.013604587
42 70 3 100 4514762 0.013633750
91 77 3 100 2269 0.013635429
107 116 3 100 27651 0.013636134
51 118 3 100 2156635 0.013660365
9 29 3 100 12607 0.013683241
30 92 3 100 4085524 0.013723003
4 14 3 100 15231755 0.013754766
22 67 3 100 7623081 0.013792255
78 50 3 100 1510037 0.013802198
58 32 3 100 1930465 0.013868483
8 70 3 100 69374 0.013883645
10 27 3 100 21688 0.013964940
44 13 3 100 1554486 0.014059923
104 30 3 100 6181337 0.014069805
39 30 3 100 23797707 0.014083938
107 19 3 100 66393 0.014085457
77 67 3 100 2154956 0.014093863
86 112 3 100 5730 0.014151154
44 75 3 100 47386 0.014153985
82 77 3 100 62358 0.014154755
102 66 3 100 1261628 0.014180847
89 41 3 100 524948 0.014188526
1 8 3 100 1329166 0.014190509
77 5 3 100 1463709 0.014200769
68 84 3 100 25880 0.014210680
89 87 3 100 1657 0.014214378
119 29 3 100 9931 0.014221668
65 22 3 100 59995 0.014269859
20 23 3 100 68572 0.014271702
23 22 3 100 138971 0.014316515
26 85 3 100 126933 0.014413518
127 109 3 100 53587 0.014418064
16 79 3 100 28330 0.014426746
83 115 3 100 188261 0.014438812
117 119 3 100 929174 0.014463596
58 106 3 100 9023194 0.014505997
87 4 3 100 29441 0.014530030
40 76 3 100 1758379 0.014543004
25 81 3 100 71809 0.014619480
126 70 3 100 8602697 0.014634315
40 120 3 100 1151449 0.014647940
94 99 3 100 13840 0.014671975
32 112 3 100 8990541 0.014676924
122 41 3 100 284792 0.014677017
8 35 3 100 988103 0.014725378
39 124 3 100 14290 0.014782401
91 23 3 100 6041496 0.014782615
7 66 3 100 2860 0.014783345
39 15 3 100 8341 0.014783532
25 32 3 100 27951 0.014791405
125 102 3 100 598 0.014827583
3 91 3 100 78456 0.014838345
55 12 3 100 25513 0.014877872
57 103 3 100 20492 0.014902134
41 9 3 100 16405 0.014910193
54 106 3 100 1412280 0.014916519
102 65 3 100 3266085 0.014968656
55 109 3 100 5865 0.014971952
56 113 3 100 17945 0.014972994
37 58 3 100 552653 0.015008714
11 35 3 100 71078 0.015011457
2 86 3 100 542436 0.015018422
34 6 3 100 22849 0.015061386
19 0 3 100 3437275 0.015075566
89 42 3 100 24921 0.015124021
19 77 3 100 324612 0.015161490
87 89 3 100 1615 0.015168071
15 81 3 100 3308689 0.015200711
20 63 3 100 79939 0.015225776
65 22 3 100 71634 0.015225958
105 107 3 100 260577 0.015324534
39 90 3 100 10191 0.015328924
92 97 3 100 1646162 0.015337380
41 27 3 100 6824165 0.015388460
67 108 3 100 17544 0.015393750
20 51 3 100 7049916 0.015410735
61 122 3 100 20530024 0.015424520
57 6 3 100 15403237 0.015427400
118 22 3 100 10996 0.015514086
121 24 3 100 47595 0.015557425
16 55 3 100 1191020 0.015665737
83 30 3 100 59751 0.015722945
24 59 3 100 946 0.015771709
75 28 3 100 35298 0.015789632
112 104 3 100 548906 0.015842221
2 84 3 100 19322 0.015853540
57 2 3 100 13732 0.015868378
76 15 3 100 1039104 0.015911696
47 30 3 100 78719 0.015951796
85 71 3 100 5637 0.015955478
32 17 3 100 4934805 0.015971513
118 16 3 100 18625 0.015975877
64 94 3 100 27399 0.015983526
88 77 3 100 58988 0.015985491
117 92 3 100 20096 0.015998574
57 76 3 100 65838 0.016040932
96 6 3 100 29037 0.016102973
10 107 3 100 46438 0.016134316
28 85 3 100 732 0.016137629
48 35 3 100 68143 0.016233513
98 1 3 100 2052998 0.016271420
34 61 3 100 62095 0.016297700
111 48 3 100 24941 0.016308052
16 111 3 100 6899 0.016308943
2 77 3 100 6110981 0.016322143
21 112 3 100 4885502 0.016358882
43 108 3 100 78227 0.016461457
97 54 3 100 2281102 0.016478538
26 41 3 100 3697175 0.016506001
80 82 3 100 1505 0.016561083
33 50 3 100 4841 0.016571330
39 49 3 100 7290 0.016587179
75 42 3 100 70187 0.016633300
83 115 3 100 5278518 0.016638113
30 121 3 100 16249 0.016644360
83 3 3 100 19035 0.016646930
19 25 3 100 4683836 0.016663781
18 103 3 100 176848 0.016664129
22 123 3 100 182418 0.016687547
117 39 3 100 58810 0.016696552
44 54 3 100 4553 0.016700070
126 78 3 100 3504753 0.016700795
56 124 3 100 57173 0.016726770
63 29 3 100 52478 0.016750887
46 27 3 100 1575113 0.016784572
121 11 3 100 24019 0.016830586
122 126 3 100 7889943 0.016902353
101 103 3 100 2562 0.016912762
21 73 3 100 4566823 0.016927166
110 86 3 100 904781 0.016941396
36 58 3 100 21725 0.016945495
24 60 3 100 17830882 0.016995332
114 98 3 100 4404538 0.017011660
66 20 3 100 176817 0.017046317
9 100 3 100 395209 0.017050682
53 34 3 100 1590422 0.017063955
2 56 3 100 4295017 0.017084544
42 24 3 100 3572 0.017089003
80 102 3 100 1758069 0.017098307
71 29 3 100 20867 0.017120820
86 40 3 100 82035 0.017157541
109 68 3 100 25799 0.017161126
123 59 3 100 1999977 0.017198748
86 58 3 100 62827 0.017208199
12 96 3 100 1521677 0.017215917
45 66 3 100 4196261 0.017293490
67 9 3 100 54429 0.017342201
110 15 3 100 505478 0.017351721
0 116 3 100 674687 0.017392936
15 9 3 100 4793615 0.017408046
67 66 3 100 1248 0.017424334
100 101 3 100 17658154 0.017440283
42 107 3 100 22597 0.017522647
126 98 3 100 380977 0.017538716
15 62 3 100 37760 0.017557581
84 5 3 100 3567014 0.017559474
60 84 3 100 7167916 0.017724179
19 27 3 100 4813765 0.017751128
97 99 3 100 4967638 0.017788755
1 45 3 100 2547 0.017795129
7 73 3 100 6266 0.017822354
92 42 3 100 66568 0.017829074
92 96 3 100 18350 0.017947531
108 6 3 100 1538123 0.017962725
28 120 3 100 856 0.018021124
79 28 3 100 46434 0.018026585
86 117 3 100 57232 0.018037873
77 60 3 100 408674 0.018062351
71 54 3 100 66265 0.018081387
29 49 3 100 8122 0.018085018
127 100 3 100 716594 0.018168618
32 46 3 100 28732 0.018194205
8 54 3 100 362240 0.018213937
78 33 3 100 73822 0.018267090
101 14 3 100 1288 0.018295079
28 42 3 100 22362 0.018312622
5 21 3 100 88928 0.018366176
87 24 3 100 56090 0.018382731
64 79 3 100 1977111 0.018425018
44 92 3 100 43659 0.018441618
88 59 3 100 7728885 0.018465307
60 62 3 100 7996242 0.018489874
79 77 3 100 216552 0.018500395
1 122 3 100 1667 0.018507511
47 7 3 100 36451 0.018513177
103 64 3 100 5239570 0.018513696
9 66 3 100 110013 0.018544709
39 95 3 100 46000 0.018549727
2 46 3 100 7132 0.018558197
25 85 3 100 568290 0.018654458
111 35 3 100 1767230 0.018675312
107 36 3 100 197225 0.018769917
6 41 3 100 4991984 0.018859188
64 10 3 100 269354 0.018897639
28 94 3 100 9531090 0.018898029
115 73 3 100 4312 0.018904549
125 34 3 100 74439 0.018935072
23 78 3 100 8366067 0.018949959
38 16 3 100 9092 0.019052191
52 26 3 100 25648 0.019060678
108 115 3 100 4161249 0.019074851
21 98 3 100 430023 0.019134330
58 59 3 100 1064993 0.019224541
86 43 3 100 5306094 0.019231175
94 44 3 100 6970161 0.019240796
24 32 3 100 5895174 0.019257400
113 123 3 100 74556 0.019320014
82 9 3 100 13284 0.019367950
7 84 3 100 9609 0.019411736
92 64 3 100 40567 0.019440256
34 115 3 100 30990 0.019444041
19 7 3 100 7586 0.019446977
67 102 3 100 2403783 0.019456833
56 60 3 100 1794836 0.019475983
110 93 3 100 26526 0.019479582
59 9 3 100 7759 0.019491424
36 108 3 100 400296 0.019514327
86 50 3 100 25049 0.019536395
120 12 3 100 1395909 0.019542918
16 91 3 100 4787783 0.019566184
52 82 3 100 2427069 0.019571953
32 38 3 100 27125 0.019574495
98 122 3 100 1676285 0.019582215
124 17 3 100 22049 0.019599373
92 112 3 100 5127 0.019636266
109 23 3 100 72632 0.019664584
67 84 3 100 7172694 0.019679471
7 73 3 100 14338 0.019720108
105 80 3 100 8910760 0.019740719
42 93 3 100 1105274 0.019768546
85 73 3 100 35098 0.019774037
52 119 3 100 32114 0.019779769
19 28 3 100 10334 0.019801825
35 47 3 100 1772644 0.019844947
2 31 3 100 72929 0.019846528
127 82 3 100 20313 0.019865170
127 31 3 100 28316 0.019876430
53 82 3 100 181029 0.019931542
17 26 3 100 53811 0.019942320
109 31 3 100 64680 0.019942921
36 18 3 100 5377427 0.019943212
8 78 3 100 323251 0.019945508
38 37 3 100 37073 0.020006040
9 48 3 100 166895 0.020052976
50 114 3 100 4054791 0.020088613
94 40 3 100 48395 0.020120231
65 24 3 100 2922677 0.020123494
47 65 3 100 6270 0.020132045
127 19 3 100 857682 0.020151218
45 0 3 100 228538 0.020180307
45 104 3 100 28015 0.020205264
93 124 3 100 9391998 0.020240911
15 29 3 100 3209 0.020250575
51 4 3 100 829254 0.020307499
83 72 3 100 5813 0.020361377
116 65 3 100 3506517 0.020383981
72 117 3 100 134839 0.020414392
80 94 3 100 42490 0.020424324
72 66 3 100 2801 0.020494466
33 63 3 100 75274 0.020538657
96 39 3 100 3496142 0.020563138
98 71 3 100 4033266 0.020595927
107 38 3 100 16587 0.020610516
101 28 3 100 293232 0.020639676
10 51 3 100 168169 0.020677485
37 127 3 100 5079831 0.020691382
19 29 3 100 72716 0.020696616
109 89 3 100 36881 0.020884679
117 7 3 100 1081848 0.020887964
8 73 3 100 3250053 0.020890623
26 90 3 100 73651 0.020904252
2 17 3 100 8531 0.020913377
105 74 3 100 2965 0.020913529
11 75 3 100 23084 0.020922749
122 24 3 100 298403 0.020963363
87 51 3 100 2173 0.020965771
112 0 3 100 499589 0.020983956
15 22 3 100 2435 0.020984360
88 37 3 100 820183 0.021015724
26 40 3 100 55364 0.021040767
62 4 3 100 8839091 0.021041189
93 92 3 100 142022 0.021087385
70 18 3 100 1246 0.021148372
19 67 3 100 9012 0.021170330
78 103 3 100 851336 0.021179089
4 91 3 100 1010557 0.021214852
21 71 3 100 9204475 0.021223922
64 76 3 100 1074144 0.021240674
74 41 3 100 28307 0.021243428
5 61 3 100 1694912 0.021251329
18 32 3 100 30978 0.021282398
3 103 3 100 6948078 0.021311863
58 25 3 100 102508 0.021335514
102 114 3 100 9909 0.021365089
20 112 3 100 73436 0.021377357
2 55 3 100 25739 0.021418463
6 107 3 100 542807 0.021455659
119 87 3 100 20352 0.021526301
70 105 3 100 1870738 0.021530421
100 41 3 100 3296805 0.021545025
33 102 3 100 288 0.021560756
58 62 3 100 437747 0.021569674
4 90 3 100 22263 0.021572922
69 14 3 100 149372 0.021592055
16 121 3 100 35020 0.021605255
82 83 3 100 34799 0.021606448
32 16 3 100 15032 0.021662271
34 44 3 100 53556 0.021663624
111 95 3 100 192361 0.021680168
67 13 3 100 529957 0.021732282
112 29 3 100 16880 0.021747353
97 29 3 100 48580 0.021862538
31 100 3 100 24027 0.021902489
90 100 3 100 21941 0.021909050
34 43 3 100 2230 0.021915433
125 74 3 100 4385181 0.022039633
121 73 3 100 161642 0.022048792
24 74 3 100 1520654 0.022096212
55 10 3 100 26864 0.022180603
122 38 3 100 5790151 0.022194366
84 113 3 100 738286 0.022264786
65 105 3 100 239328 0.022270023
2 24 3 100 48521 0.022282562
46 79 3 100 905 0.022288360
30 66 3 100 64795 0.022339528
78 21 3 100 56742 0.022405379
62 85 3 100 4501431 0.022473388
11 29 3 100 2154 0.022486880
108 119 3 100 22393 0.022511312
54 113 3 100 11570 0.022530098
126 16 3 100 29776027 0.022536522
17 71 3 100 1620882 0.022546907
90 13 3 100 23413729 0.022558895
69 21 3 100 4605052 0.022569239
15 4 3 100 2511 0.022569738
70 7 3 100 39776 0.022590024
76 14 3 100 2262808 0.022625518
11 55 3 100 40551 0.022629154
78 109 3 100 474039 0.022647599
33 27 3 100 1253985 0.022669215
29 19 3 100 66280 0.022690024
62 99 3 100 78039 0.022722370
60 42 3 100 1827 0.022763952
95 90 3 100 486 0.022794941
10 2 3 100 62125 0.022989096
15 45 3 100 562956 0.022991398
92 16 3 100 42476 0.023007457
121 115 3 100 16718143 0.023013209
77 23 3 100 33260 0.023058806
5 72 3 100 51553 0.023070288
105 64 3 100 176753 0.023080185
25 65 3 100 304 0.023087907
33 72 3 100 2399 0.023145996
65 64 3 100 78350 0.023221054
7 85 3 100 4783231 0.023221981
70 23 3 100 6198337 0.023289889
38 26 3 100 41842 0.023297913
45 42 3 100 8649549 0.023326539
86 101 3 100 135905 0.023330057
22 121 3 100 52038 0.023500815
94 39 3 100 38767 0.023513067
73 109 3 100 3483999 0.023574878
52 67 3 100 892 0.023617795
73 94 3 100 4913532 0.023630524
100 61 3 100 1582438 0.023658430
68 12 3 100 79453 0.023702162
23 62 3 100 30310 0.023730458
124 106 3 100 2854 0.023741419
95 94 3 100 110791 0.023750266
31 96 3 100 37053 0.023789243
57 10 3 100 1393748 0.023844974
69 52 3 100 9395682 0.023856837
4 33 3 100 50195 0.023898417
12 74 3 100 12671822 0.023916519
113 9 3 100 20485 0.023952431
1 100 3 100 24619 0.023957753
96 16 3 100 49277 0.023993412
88 85 3 100 5769 0.024015160
117 4 3 100 75351 0.024085556
68 100 3 100 63762 0.024098271
31 123 3 100 75089 0.024110024
19 122 3 100 1701374 0.024128207
37 90 3 100 21548304 0.024141676
14 73 3 100 1851600 0.024166878
110 54 3 100 4144369 0.024216225
123 84 3 100 11851 0.024237844
62 121 3 100 22490 0.024238360
43 87 3 100 10131 0.024395575
30 1 3 100 117542 0.024417939
17 40 3 100 653063 0.024450110
24 14 3 100 6410025 0.024549797
2 25 3 100 417718 0.024593419
84 104 3 100 53924 0.024602407
31 39 3 100 1130083 0.024626495
121 104 3 100 180812 0.024631216
32 54 3 100 4409504 0.024780609
122 39 3 100 76293 0.024790416
78 48 3 100 104019 0.024839289
73 108 3 100 7022657 0.024861469
91 59 3 100 15320 0.024886868
4 113 3 100 52552 0.024891398
32 77 3 100 8147 0.024893718
15 5 3 100 34481 0.024893855
107 104 3 100 6106985 0.024927721
65 38 3 100 21945 0.024932438
107 5 3 100 1955586 0.024950680
77 18 3 100 19549 0.024987974
91 2 3 100 551684 0.024991033
119 102 3 100 7323 0.025014687
114 6 3 100 58829 0.025029829
57 17 3 100 21467226 0.025037397
104 46 3 100 5501 0.025059632
101 10 3 100 46029 0.025074344
81 69 3 100 18383 0.025081703
9 22 3 100 131433 0.025084493
117 31 3 100 49033 0.025085034
110 50 3 100 1597 0.025091825
57 64 3 100 800211 0.025132658
6 7 3 100 573983 0.025165885
3 22 3 100 3269022 0.025177307
96 19 3 100 6832269 0.025183922
49 63 3 100 1298424 0.025194878
124 104 3 100 20029 0.025201199
76 100 3 100 21316 0.025215628
71 98 3 100 5965 0.025235637
69 126 3 100 6436645 0.025237566
40 58 3 100 42698 0.025290056
35 38 3 100 28704 0.025334440
42 65 3 100 75032 0.025455503
28 108 3 100 150794 0.025528325
12 67 3 100 2576 0.025533357
44 22 3 100 1913 0.025549455
15 48 3 100 16355 0.025550351
88 82 3 100 13758 0.025550574
124 89 3 100 264442 0.025605457
65 56 3 100 52373 0.025617934
12 19 3 100 19694400 0.025647865
49 100 3 100 45640 0.025658012
44 66 3 100 514853 0.025663952
34 24 3 100 9009372 0.025663973
120 0 3 100 1886736 0.025739412
54 14 3 100 1953947 0.025750149
124 100 3 100 24820 0.025816374
82 77 3 100 26364 0.025868318
125 46 3 100 20528 0.025870749
114 73 3 100 92453 0.025931960
27 47 3 100 23160 0.026016573
21 68 3 100 936151 0.026118082
96 104 3 100 1795956 0.026183316
42 54 3 100 2059992 0.026216164
36 37 3 100 199184 0.026225425
61 89 3 100 17539183 0.026232296
9 93 3 100 1478 0.026301901
8 49 3 100 8976732 0.026385182
12 78 3 100 26949 0.026497227
126 42 3 100 9763 0.026506225
116 94 3 100 166741 0.026583950
122 101 3 100 4086461 0.026596471
25 81 3 100 711535 0.026633964
98 104 3 100 3094278 0.026692037
27 120 3 100 22591 0.026746901
13 94 3 100 5007567 0.026772491
66 85 3 100 36154 0.026790136
79 62 3 100 23064 0.026811040
71 54 3 100 181232 0.026826097
56 84 3 100 179637 0.026832535
84 78 3 100 708070 0.026848098
92 6 3 100 55233 0.026860466
36 112 3 100 22819 0.026870149
85 2 3 100 7891 0.026882141
103 122 3 100 4883041 0.026921826
52 19 3 100 735512 0.026933022
95 69 3 100 27189 0.027008322
77 2 3 100 21186 0.027009864
40 86 3 100 28079 0.027074622
91 57 3 100 17005033 0.027080728
112 15 3 100 916228 0.027091596
96 23 3 100 63786 0.027111450
44 84 3 100 1814 0.027113456
58 69 3 100 54193 0.027123856
115 48 3 100 45174 0.027126079
24 20 3 100 4000 0.027154795
21 106 3 100 58873 0.027181667
95 18 3 100 29324 0.027183021
57 120 3 100 1895 0.027217277
100 42 3 100 3578712 0.027256483
43 17 3 100 23322 0.027261295
119 58 3 100 43076 0.027265850
61 11 3 100 27750 0.027288737
62 117 3 100 7380 0.027317644
96 58 3 100 591462 0.027336645
105 86 3 100 1818 0.027361325
24 90 3 100 2094 0.027440419
36 100 3 100 47123 0.027445357
30 34 3 100 1177981 0.027485394
91 117 3 100 20627 0.027496735
44 53 3 100 1793489 0.027515533
3 85 3 100 363371 0.027553932
83 7 3 100 1002588 0.027555561
74 64 3 100 10206 0.027576188
71 60 3 100 774726 0.027576384
76 101 3 100 56424 0.027627639
103 8 3 100 1364398 0.027628512
8 103 3 100 620754 0.027680790
21 126 3 100 64433 0.027713374
44 7 3 100 17280 0.027758906
6 121 3 100 6214134 0.027778376
99 96 3 100 4147594 0.027802927
106 9 3 100 27297 0.027807970
28 94 3 100 29568 0.027824223
82 81 3 100 7638556 0.027855869
17 42 3 100 1405198 0.027939812
55 38 3 100 95942 0.027957999
127 117 3 100 3722151 0.027975955
72 127 3 100 6532 0.027993986
61 21 3 100 506892 0.028023799
51 18 3 100 682 0.028046350
62 63 3 100 7592 0.028092923
99 88 3 100 171718 0.028101781
25 68 3 100 71208 0.028114305
96 70 3 100 65677 0.028213546
82 102 3 100 27518 0.028222189
15 114 3 100 2315459 0.028243049
87 59 3 100 20794 0.028256578
11 100 3 100 2497 0.028265707
78 89 3 100 42371 0.028266299
101 30 3 100 37809 0.028281381
105 120 3 100 4762180 0.028303281
47 102 3 100 885866 0.028331619
80 31 3 100 7014 0.028340353
32 62 3 100 51739 0.028363760
110 76 3 100 2889 0.028442660
124 105 3 100 999123 0.028451533
1 114 3 100 983 0.028538925
108 115 3 100 6041228 0.028573384
14 82 3 100 61895 0.028610476
31 76 3 100 1326 0.028634715
76 114 3 100 7423 0.028654949
101 125 3 100 72726 0.028724966
53 43 3 100 20293 0.028845205
98 94 3 100 1406 0.028887037
86 77 3 100 795601 0.028936760
6 31 3 100 8539 0.028968237
73 53 3 100 1691391 0.028972810
96 9 3 100 7424 0.028989350
55 97 3 100 9454 0.028993116
47 35 3 100 39657 0.029037780
96 78 3 100 1676772 0.029046181
1 101 3 100 6300 0.029066968
109 65 3 100 181024 0.029194106
89 101 3 100 32984 0.029200564
52 117 3 100 18597 0.029204774
86 101 3 100 6770817 0.029206213
106 86 3 100 629805 0.029287082
69 66 3 100 138794 0.029330715
70 19 3 100 893 0.029342793
100 125 3 100 54321 0.029374970
34 51 3 100 20193 0.029386499
57 2 3 100 27662698 0.029386733
88 32 3 100 62609 0.029477547
32 56 3 100 34208 0.029485731
90 116 3 100 14718 0.029497027
127 49 3 100 1474133 0.029501693
15 18 3 100 70551 0.029533181
80 17 3 100 8262176 0.029549738
61 87 3 100 49212 0.029562142
121 113 3 100 4349 0.029608454
54 83 3 100 9704867 0.029616657
60 125 3 100 1525640 0.029617061
90 30 3 100 27164465 0.029660479
90 50 3 100 5572 0.029674511
61 99 3 100 4622437 0.029751534
83 52 3 100 28895 0.029788146
14 67 3 100 1167887 0.029793443
48 44 3 100 184143 0.029799131
44 50 3 100 75703 0.029906244
111 89 3 100 30424 0.029928092
77 111 3 100 62461 0.029932811
109 102 3 100 3254925 0.029934049
120 100 3 100 1523436 0.030016684
6 84 3 100 2915780 0.030042757
114 16 3 100 2297307 0.030048732
5 120 3 100 7020201 0.030050794
61 78 3 100 21448 0.030069315
18 19 3 100 1688258 0.030070589
15 0 3 100 33820 0.030139260
70 52 3 100 14579 0.030139772
70 17 3 100 1440299 0.030144609
31 47 3 100 2897040 0.030170417
118 90 3 100 148219 0.030178609
59 12 3 100 5430 0.030247233
31 58 3 100 314895 0.030251406
16 92 3 100 28313 0.030270018
62 33 3 100 191444 0.030318624
53 76 3 100 1561774 0.030325623
24 117 3 100 26590 0.030326579
6 1 3 100 1654586 0.030337999
1 43 3 100 123579 0.030363162
17 4 3 100 13914 0.030365250
4 0 3 100 2069 0.030368890
49 71 3 100 90532 0.030390128
46 112 3 100 2580731 0.030394793
58 33 3 100 5110468 0.030460744
61 53 3 100 184 0.030461693
88 6 3 100 7039844 0.030473477
111 113 3 100 11946 0.030483568
59 55 3 100 1777022 0.030515092
118 69 3 100 62580 0.030592143
92 106 3 100 9565 0.030619399
117 72 3 100 6136 0.030633501
23 39 3 100 189077 0.030637120
83 35 3 100 1824 0.030718590
86 27 3 100 146668 0.030765198
18 39 3 100 2661451 0.030796153
124 23 3 100 42221 0.030814610
111 114 3 100 48857 0.030850718
108 8 3 100 65958 0.030864902
30 22 3 100 54214 0.030889608
51 74 3 100 126186 0.030914807
100 101 3 100 5560 0.030917562
20 60 3 100 1444863 0.030922232
5 55 3 100 90548 0.030935724
44 114 3 100 37493 0.030991664
49 102 3 100 30190 0.030995960
11 55 3 100 9444096 0.031018146
92 26 3 100 11985 0.031028478
8 77 3 100 67043 0.031035839
97 114 3 100 58473 0.031056378
65 104 3 100 24394 0.031080490
106 44 3 100 591273 0.031083841
19 14 3 100 2363 0.031111622
54 99 3 100 18868 0.031117219
106 0 3 100 62110 0.031140803
16 117 3 100 1939428 0.031154907
105 122 3 100 9905058 0.031165320
9 117 3 100 35798 0.031171465
103 67 3 100 46395 0.031255190
29 38 3 100 43901 0.031284525
106 27 3 100 1735 0.031285232
102 2 3 100 97659 0.031308042
118 88 3 100 2527611 0.031318945
46 32 3 100 173245 0.031343056
33 77 3 100 24684418 0.031352700
115 21 3 100 576975 0.031392375
125 18 3 100 1488 0.031394572
92 48 3 100 612739 0.031526452
43 100 3 100 28754 0.031561786
73 97 3 100 7410 0.031614319
99 20 3 100 1839498 0.031622500
60 64 3 100 334592 0.031630719
83 22 3 100 15398433 0.031633613
21 101 3 100 3807679 0.031662291
3 17 3 100 44524 0.031676424
93 56 3 100 55591 0.031797394
20 91 3 100 19316 0.031803115
70 37 3 100 4561520 0.031832308
12 29 3 100 501050 0.031865649
126 59 3 100 21122 0.031914135
69 35 3 100 1986 0.031928537
5 68 3 100 11706306 0.031929750
72 91 3 100 3964 0.031935553
100 112 3 100 51995 0.031942085
43 24 3 100 16304 0.031964319
115 60 3 100 1730878 0.032002299
110 4 3 100 24482 0.032022687
25 4 3 100 1501443 0.032028245
50 84 3 100 1170992 0.032043882
3 48 3 100 2015788 0.032056130
81 60 3 100 3961 0.032080337
57 64 3 100 8602590 0.032090840
103 72 3 100 6515619 0.032097692
122 100 3 100 95770 0.032102386
121 67 3 100 1705017 0.032130952
51 74 3 100 28775 0.032155475
98 83 3 100 37442 0.032255266
60 123 3 100 8779825 0.032279189
47 71 3 100 859193 0.032289666
54 39 3 100 8680 0.032299668
116 121 3 100 58403 0.032316859
9 102 3 100 69781 0.032322844
80 45 3 100 64269 0.032338825
29 62 3 100 3764128 0.032438060
99 115 3 100 10916310 0.032440362
20 74 3 100 56218 0.032459640
21 68 3 100 46730 0.032481590
31 78 3 100 5675 0.032607600
35 126 3 100 290126 0.032630092
1 54 3 100 747490 0.032673331
73 57 3 100 4157 0.032673547
62 4 3 100 4172155 0.032727275
84 11 3 100 3874047 0.032735119
40 5 3 100 69670 0.032743090
124 99 3 100 199820 0.032744678
31 48 3 100 2041 0.032748271
33 37 3 100 41364 0.032748633
68 120 3 100 613 0.032749981
59 119 3 100 55692 0.032764643
7 63 3 100 1023602 0.032768997
7 43 3 100 388523 0.032820556
5 118 3 100 25441557 0.032846617
57 82 3 100 1951734 0.032846691
16 110 3 100 69468 0.032859172
39 47 3 100 917988 0.032868668
45 108 3 100 185213 0.032945929
108 11 3 100 192432 0.032952964
92 104 3 100 23939 0.033006682
41 43 3 100 919093 0.033147090
70 37 3 100 27087911 0.033151467
64 77 3 100 487638 0.033155601
79 32 3 100 68390 0.033165833
114 13 3 100 1617 0.033199588
57 50 3 100 39563 0.033205718
56 89 3 100 1399222 0.033220187
56 93 3 100 74319 0.033223062
115 46 3 100 4257203 0.033254835
19 92 3 100 10546 0.033263935
121 32 3 100 953596 0.033346243
85 64 3 100 4512396 0.033355255
9 19 3 100 4572104 0.033361321
17 51 3 100 76643 0.033371901
102 41 3 100 28485 0.033421897
108 111 3 100 67047 0.033436032
67 24 3 100 16268258 0.033461505
33 30 3 100 42941 0.033474814
20 110 3 100 947433 0.033479988
49 2 3 100 44648 0.033487455
125 69 3 100 5582 0.033497824
95 83 3 100 8522132 0.033534929
90 25 3 100 401559 0.033547133
52 116 3 100 56912 0.033548086
58 6 3 100 35682 0.033559993
109 52 3 100 761359 0.033594832
103 45 3 100 25556 0.033636258
87 92 3 100 70458 0.033647692
6 19 3 100 8081 0.033661027
54 1 3 100 4013953 0.033731896
37 8 3 100 15659 0.033809680
17 111 3 100 2135120 0.033814987
88 107 3 100 140189 0.033834036
74 54 3 100 10410 0.033843824
32 77 3 100 225337 0.033899623
108 100 3 100 2148498 0.033927931
6 69 3 100 18940 0.033946436
75 112 3 100 19449 0.033969608
23 89 3 100 66091 0.034046538
96 49 3 100 4661193 0.034069560
73 51 3 100 4802335 0.034087133
27 121 3 100 1639758 0.034148030
63 86 3 100 5398519 0.034154283
4 102 3 100 248589 0.034162084
109 81 3 100 4599 0.034191824
70 31 3 100 5820091 0.034195918
14 15 3 100 1585286 0.034220044
39 87 3 100 6761159 0.034230368
77 122 3 100 33857 0.034230756
8 15 3 100 26895 0.034373089
61 72 3 100 37653 0.034398429
9 27 3 100 1107 0.034436677
87 43 3 100 3146 0.034440776
41 64 3 100 76408 0.034474525
96 103 3 100 38939 0.034474671
7 60 3 100 134869 0.034504275
62 4 3 100 418616 0.034508128
64 18 3 100 107374 0.034509316
124 51 3 100 1695 0.034515038
30 94 3 100 358970 0.034558514
109 118 3 100 468430 0.034669132
112 7 3 100 4847021 0.034726074
51 19 3 100 24020 0.034748947
77 69 3 100 1843080 0.034760870
115 60 3 100 5752237 0.034781063
13 45 3 100 1775334 0.034817767
112 82 3 100 34060 0.034871460
78 32 3 100 7923173 0.034896815
8 12 3 100 55974 0.035029441
71 114 3 100 7123 0.035030901
63 31 3 100 1963577 0.035041893
71 97 3 100 69834 0.035048822
101 65 3 100 24040776 0.035057336
74 66 3 100 464 0.035099823
126 125 3 100 2873061 0.035122433
27 103 3 100 20697697 0.035123871
92 22 3 100 78131 0.035124367
29 87 3 100 10838 0.035170866
111 37 3 100 144235 0.035220057
68 106 3 100 1336800 0.035238360
92 42 3 100 9095403 0.035258286
58 112 3 100 173569 0.035271396
123 18 3 100 6544562 0.035284429
93 48 3 100 9736201 0.035298990
47 95 3 100 1522622 0.035315298
64 39 3 100 29368970 0.035334846
58 27 3 100 1323500 0.035400712
36 45 3 100 14895211 0.035400949
29 118 3 100 20337 0.035401980
108 102 3 100 1874384 0.035409390
34 9 3 100 351655 0.035480654
127 107 3 100 4970 0.035487903
58 76 3 100 8818 0.035577949
55 117 3 100 2159090 0.035674636
88 61 3 100 39276 0.035674672
101 18 3 100 397898 0.035686208
9 101 3 100 189369 0.035706160
51 38 3 100 9111686 0.035713587
12 67 3 100 4180202 0.035726046
117 31 3 100 281623 0.035731289
2 54 3 100 23587 0.035741701
101 72 3 100 1843331 0.035754265
121 79 3 100 13238 0.035814428
60 125 3 100 2517 0.035863344
112 27 3 100 8959598 0.035874615
96 1 3 100 108399 0.035919112
82 113 3 100 341256 0.035921727
117 9 3 100 9161217 0.035938499
88 47 3 100 875664 0.036040025
25 127 3 100 766698 0.036090373
126 124 3 100 1336 0.036143357
29 55 3 100 69498 0.036148435
105 52 3 100 298433 0.036170583
32 31 3 100 21317 0.036173699
16 106 3 100 8759177 0.036195903
10 82 3 100 21836 0.036199885
60 127 3 100 35639 0.036214311
13 73 3 100 124668 0.036241030
46 104 3 100 16618 0.036255779
126 40 3 100 29322 0.036256014
74 36 3 100 7252949 0.036268023
31 32 3 100 3649 0.036336408
43 48 3 100 2255465 0.036339328
7 4 3 100 2879122 0.036351446
124 19 3 100 22757 0.036379364
20 81 3 100 26923 0.036407954
57 74 3 100 8233112 0.036442835
12 63 3 100 776787 0.036476968
106 11 3 100 625343 0.036491148
98 22 3 100 2698162 0.036531304
49 26 3 100 7261 0.036545107
97 84 3 100 5922235 0.036556189
66 109 3 100 45902 0.036707456
46 47 3 100 3746 0.036788862
44 0 3 100 18342824 0.036871949
43 22 3 100 12619 0.036936570
9 30 3 100 64631 0.037003222
69 77 3 100 48477 0.037012674
116 68 3 100 28475 0.037013217
106 50 3 100 6344 0.037014106
75 56 3 100 202121 0.037015382
45 126 3 100 2058796 0.037022522
31 93 3 100 348354 0.037089725
96 103 3 100 15385203 0.037140833
75 31 3 100 72962 0.037148680
48 115 3 100 44180 0.037164197
51 99 3 100 27599 0.037213976
119 87 3 100 27159 0.037245928
88 5 3 100 4632307 0.037250996
33 67 3 100 9530472 0.037259659
54 44 3 100 419838 0.037285363
3 106 3 100 2032663 0.037295021
8 104 3 100 29897 0.037307031
26 41 3 100 59727 0.037442791
99 55 3 100 77963 0.037458393
81 10 3 100 72932 0.037482599
9 15 3 100 792 0.037526324
79 83 3 100 29107 0.037551336
96 111 3 100 115251 0.037681076
114 61 3 100 9700032 0.037685393
99 7 3 100 33210 0.037699884
27 91 3 100 64788 0.037711163
73 59 3 100 76982 0.037726002
82 98 3 100 213140 0.037753378
49 126 3 100 25007 0.037755703
116 79 3 100 1501 0.037783269
28 46 3 100 1843 0.037806720
67 101 3 100 3261642 0.037960624
82 22 3 100 4938 0.037980323
68 97 3 100 133109 0.037982715
84 100 3 100 22751 0.037994385
92 68 3 100 5840419 0.037995186
26 75 3 100 60280 0.038100214
100 87 3 100 249460 0.038104361
76 4 3 100 20465 0.038108451
18 8 3 100 6022433 0.038114051
48 81 3 100 4346204 0.038128841
15 125 3 100 456802 0.038170716
53 121 3 100 29846 0.038233043
10 37 3 100 2134978 0.038299741
22 105 3 100 14058 0.038327232
116 76 3 100 2772 0.038334896
25 48 3 100 8588 0.038395633
48 100 3 100 51260 0.038411753
83 40 3 100 5189240 0.038491230
108 91 3 100 105406 0.038570342
82 62 3 100 19225900 0.038570488
58 91 3 100 9377785 0.038582997
122 118 3 100 948384 0.038585460
55 13 3 100 398373 0.038591707
80 114 3 100 3030956 0.038636840
82 33 3 100 25356 0.038657668
2 7 3 100 35519 0.038758022
44 125 3 100 23140 0.038790330
52 69 3 100 833886 0.038848979
63 60 3 100 880527 0.038862159
96 43 3 100 84200 0.038880642
73 107 3 100 9803414 0.038918680
41 0 3 100 366447 0.038975989
126 127 3 100 181301 0.039009691
43 55 3 100 1117013 0.039034343
85 44 3 100 8643 0.039037792
110 113 3 100 2243098 0.039052057
122 34 3 100 2841412 0.039053614
35 63 3 100 521120 0.039063896
3 27 3 100 1425628 0.039071447
65 116 3 100 68599 0.039091442
104 69 3 100 18677 0.039112197
84 13 3 100 5653 0.039115254
3 57 3 100 3737 0.039155153
93 41 3 100 3489380 0.039184131
48 7 3 100 533 0.039192130
34 42 3 100 803154 0.039202106
90 24 3 100 620467 0.039222677
43 62 3 100 53608 0.039225894
100 73 3 100 135548 0.039231830
48 54 3 100 55281 0.039233277
93 109 3 100 4816189 0.039269723
44 39 3 100 49800 0.039380368
3 14 3 100 35852 0.039385556
31 109 3 100 28847942 0.039400785
22 104 3 100 7627601 0.039446584
14 26 3 100 999429 0.039513834
51 126 3 100 4406128 0.039523923
77 49 3 100 69295 0.039558273
67 10 3 100 4582037 0.039561430
3 74 3 100 6737665 0.039669975
39 121 3 100 46072 0.039690854
3 8 3 100 17006 0.039718031
42 67 3 100 29920 0.039724051
100 16 3 100 1577537 0.039763837
4 89 3 100 30410 0.039778491
97 91 3 100 3642230 0.039781808
40 88 3 100 64992 0.039784756
125 102 3 100 2326 0.039809553
67 15 3 100 3248 0.039824018
63 12 3 100 15427 0.039824620
59 27 3 100 20004 0.039846694
68 10 3 100 18101 0.039867736
94 122 3 100 1136845 0.039872017
48 118 3 100 28722 0.039880128
116 2 3 100 1049177 0.040067232
40 3 3 100 14865 0.040082832
83 80 3 100 986744 0.040143041
48 118 3 100 27708 0.040167438
79 57 3 100 4787 0.040179363
48 74 3 100 4110307 0.040186458
5 125 3 100 1546022 0.040274184
0 5 3 100 35028 0.040280971
60 6 3 100 46276 0.040297160
71 86 3 100 8505 0.040310638
84 91 3 100 20217 0.040343076
116 49 3 100 895320 0.040353954
101 84 3 100 6556 0.040358083
30 43 3 100 34670 0.040378807
60 4 3 100 966017 0.040450219
16 53 3 100 36217 0.040478643
116 81 3 100 607851 0.040497452
85 73 3 100 7874 0.040559471
18 106 3 100 25285887 0.040571729
49 76 3 100 1703186 0.040572189
74 57 3 100 6884677 0.040580331
65 123 3 100 310207 0.040661117
28 94 3 100 1181696 0.040687405
116 87 3 100 34278 0.040696260
103 5 3 100 1276655 0.040720966
41 96 3 100 12521 0.040725950
13 107 3 100 13878 0.040740889
25 53 3 100 3762 0.040771878
40 102 3 100 18410 0.040809636
34 115 3 100 184 0.040821831
119 78 3 100 114171 0.040858300
78 101 3 100 59598 0.040875442
69 117 3 100 700110 0.040878969
70 45 3 100 265738 0.040879077
34 17 3 100 2220293 0.040881384
104 121 3 100 62971 0.040901104
110 119 3 100 5331312 0.040911440
34 67 3 100 162182 0.040921214
53 70 3 100 2511942 0.041033088
87 72 3 100 2473 0.041061582
65 92 3 100 199107 0.041062824
26 69 3 100 183333 0.041079955
78 107 3 100 25678 0.041085968
92 36 3 100 245046 0.041087582
23 21 3 100 1260699 0.041103373
95 17 3 100 10765 0.041105419
19 1 3 100 55213 0.041148444
42 76 3 100 1175213 0.041177481
35 75 3 100 22781700 0.041182500
103 39 3 100 34805 0.041183264
40 10 3 100 198851 0.041186413
57 123 3 100 30088 0.041214855
116 13 3 100 20974 0.041233296
42 60 3 100 9037 0.041273867
4 111 3 100 6457 0.041274949
25 110 3 100 22206 0.041275105
59 91 3 100 8264 0.041330828
18 34 3 100 27058 0.041356006
52 11 3 100 4366054 0.041381726
15 47 3 100 49868 0.041430242
0 94 3 100 21333 0.041472750
87 88 3 100 18446 0.041477670
70 72 3 100 72723 0.041526489
43 96 3 100 2691154 0.041529432
48 22 3 100 1021021 0.041566940
57 106 3 100 1977169 0.041589592
82 34 3 100 40731 0.041594759
102 50 3 100 768 0.041734295
32 126 3 100 76672 0.041748968
18 67 3 100 1254039 0.041775837
85 94 3 100 33690 0.041789409
103 12 3 100 13137 0.041791213
2 47 3 100 64545 0.041877414
76 99 3 100 77985 0.041941776
1 19 3 100 3110276 0.042002816
19 66 3 100 644386 0.042013620
71 63 3 100 827593 0.042024943
105 75 3 100 147582 0.042050940
23 70 3 100 7996104 0.042077941
67 35 3 100 4161814 0.042089317
40 0 3 100 2623845 0.042138897
118 53 3 100 130192 0.042165262
75 12 3 100 473780 0.042173595
87 114 3 100 66129 0.042174658
87 13 3 100 8697700 0.042229784
81 118 3 100 30871 0.042272833
0 40 3 100 183 0.042312104
26 106 3 100 8546 0.042319607
26 42 3 100 2198 0.042355361
82 108 3 100 1920594 0.042438475
64 78 3 100 42635 0.042527479
9 32 3 100 7881384 0.042579031
89 101 3 100 26838 0.042632773
45 91 3 100 2858084 0.042660727
109 119 3 100 2832861 0.042685437
48 118 3 100 95295 0.042687255
90 39 3 100 706725 0.042699346
99 32 3 100 2929557 0.042701601
127 64 3 100 5563219 0.042758685
122 96 3 100 915275 0.042781137
39 81 3 100 2984204 0.042789121
117 96 3 100 76634 0.042864014
57 109 3 100 67811 0.042884390
108 62 3 100 27044 0.042888494
39 50 3 100 27421 0.042895607
121 23 3 100 9440898 0.042903350
19 42 3 100 31733 0.042918252
120 79 3 100 592708 0.042952873
119 34 3 100 1031954 0.042955953
70 120 3 100 23084968 0.043039834
26 43 3 100 6236 0.043083406
46 52 3 100 2284469 0.043089559
126 61 3 100 4136419 0.043148011
41 84 3 100 18332 0.043200845
12 117 3 100 341932 0.043225209
75 106 3 100 1698289 0.043253044
107 46 3 100 592082 0.043361328
126 43 3 100 158884 0.043363558
121 62 3 100 909495 0.043439671
85 14 3 100 135356 0.043444902
116 36 3 100 1527 0.043504072
49 108 3 100 2382 0.043581887
35 123 3 100 63946 0.043600080
42 85 3 100 78987 0.043609581
94 22 3 100 13689 0.043612450
46 45 3 100 73884 0.043650894
112 13 3 100 1925168 0.043656118
102 87 3 100 1618467 0.043691177
79 48 3 100 29079 0.043720058
44 86 3 100 33649 0.043735218
16 74 3 100 27430 0.043738837
0 12 3 100 40907 0.043772117
112 10 3 100 13855 0.043788238
110 8 3 100 131695 0.043788561
8 25 3 100 25442 0.043878074
75 23 3 100 196831 0.043886921
45 1 3 100 704568 0.043952843
120 102 3 100 508813 0.044023854
83 61 3 100 2484268 0.044028328
29 37 3 100 4762872 0.044072996
111 50 3 100 3002929 0.044146542
11 26 3 100 9096 0.044147400
20 3 3 100 185844 0.044171796
94 22 3 100 21601 0.044205305
62 127 3 100 68642 0.044208620
78 90 3 100 4561322 0.044232865
116 25 3 100 5716733 0.044332319
46 17 3 100 61904 0.044365348
65 11 3 100 111412 0.044372080
11 118 3 100 46855 0.044403620
57 64 3 100 28135 0.044426805
117 66 3 100 1168521 0.044440131
55 83 3 100 331 0.044455311
60 7 3 100 530248 0.044496299
32 24 3 100 109710 0.044511037
100 5 3 100 83739 0.044588790
105 78 3 100 27644 0.044685510
79 71 3 100 21131 0.044686285
3 70 3 100 2013933 0.044691881
95 81 3 100 3845793 0.044769535
23 31 3 100 3614592 0.044875042
112 127 3 100 14200 0.044886183
3 44 3 100 92292 0.044889206
75 60 3 100 2422255 0.044898509
40 68 3 100 37249 0.044936483
46 82 3 100 17430 0.044945951
123 82 3 100 7428 0.045006422
9 39 3 100 13811196 0.045084868
43 49 3 100 9284 0.045097076
71 3 3 100 2800 0.045152299
40 86 3 100 57831 0.045178501
43 91 3 100 1753 0.045181728
79 43 3 100 1729472 0.045187880
60 82 3 100 8336409 0.045222641
60 42 3 100 845928 0.045256515
3 119 3 100 189263 0.045272399
43 118 3 100 9492 0.045298450
40 45 3 100 984544 0.045308149
49 21 3 100 25015 0.045355094
90 75 3 100 1283427 0.045358015
54 4 3 100 26878 0.045376918
28 50 3 100 8079236 0.045422094
89 34 3 100 477530 0.045470787
69 10 3 100 303763 0.045501582
7 73 3 100 22676 0.045508593
31 82 3 100 7261 0.045546617
29 45 3 100 2544648 0.045561263
58 61 3 100 60733 0.045618444
26 1 3 100 6573932 0.045637345
7 48 3 100 4765130 0.045643105
127 63 3 100 65927 0.045655567
20 118 3 100 6191184 0.045668296
45 75 3 100 3584603 0.045700772
13 124 3 100 38478 0.045708202
72 103 3 100 358090 0.045788109
31 8 3 100 35838 0.045840053
111 106 3 100 4972832 0.045872920
88 46 3 100 1631383 0.045925221
71 56 3 100 3696605 0.045952687
3 35 3 100 1874295 0.045971593
127 54 3 100 55868 0.046068995
114 107 3 100 176992 0.046096298
69 86 3 100 148032 0.046142088
124 26 3 100 3715455 0.046145014
80 106 3 100 206650 0.046171909
18 13 3 100 171446 0.046179837
24 94 3 100 904003 0.046209427
40 19 3 100 8384 0.046227085
86 94 3 100 25655 0.046236822
67 19 3 100 7896 0.046384972
120 4 3 100 43574 0.046395646
19 15 3 100 1800320 0.046528460
125 37 3 100 8131057 0.046572474
60 31 3 100 1401426 0.046577135
110 90 3 100 4181 0.046590213
90 51 3 100 6600 0.046592040
114 20 3 100 103789 0.046627194
8 80 3 100 66335 0.046635842
30 33 3 100 39129 0.046638673
112 54 3 100 2102183 0.046693493
59 60 3 100 13179 0.046720537
13 9 3 100 1538 0.046788198
104 113 3 100 22183 0.046850341
126 97 3 100 5411 0.046853737
69 124 3 100 3092 0.046885119
83 28 3 100 4656223 0.046891196
86 95 3 100 422931 0.046902562
43 67 3 100 109731 0.046910271
10 111 3 100 13555858 0.047030503
90 30 3 100 2824237 0.047111301
62 78 3 100 4418844 0.047115717
86 7 3 100 97278 0.047154894
35 72 3 100 54948 0.047202502
43 14 3 100 17388315 0.047209741
26 124 3 100 10605 0.047269005
126 109 3 100 7335917 0.047291409
69 49 3 100 22943 0.047453775
90 122 3 100 209867 0.047456190
44 16 3 100 865128 0.047462176
43 71 3 100 76675 0.047462992
18 75 3 100 75384 0.047474549
124 112 3 100 680815 0.047522510
100 91 3 100 8532 0.047687292
19 28 3 100 3603557 0.047736164
44 67 3 100 809756 0.047756558
79 49 3 100 22071 0.047793069
122 10 3 100 1232382 0.047803914
43 32 3 100 9634 0.047806531
12 102 3 100 24676 0.047951125
82 58 3 100 2839 0.047971860
122 13 3 100 287660 0.047984978
85 2 3 100 1892 0.048024997
121 99 3 100 15324 0.048171851
21 68 3 100 34268 0.048233595
88 38 3 100 2758757 0.048405105
39 83 3 100 22260 0.048435086
87 48 3 100 6299383 0.048450656
82 67 3 100 40406 0.048495644
1 14 3 100 3172477 0.048809529
83 37 3 100 1958790 0.048839860
62 70 3 100 29125 0.048935704
83 126 3 100 865785 0.048995866
82 76 3 100 1097370 0.049104350
12 106 3 100 6268 0.049150739
8 114 3 100 909565 0.049154419
83 95 3 100 35512 0.049179760
112 67 3 100 24724 0.049185935
82 19 3 100 31570 0.049196088
108 64 3 100 834947 0.049279095
126 22 3 100 2250480 0.049311489
71 66 3 100 17971 0.049576091
