2168 
6 89 3 100 7164 0.000062097
99 8 3 100 1888607 0.000062164
31 105 3 100 2880 0.000070641
67 26 3 100 58481 0.000074735
58 120 3 100 587360 0.000076391
92 3 3 100 29633 0.000088220
36 50 3 100 22728727 0.000104212
105 71 3 100 59009 0.000125593
59 107 3 100 4946127 0.000135972
5 109 3 100 9875 0.000166014
121 117 3 100 57671 0.000173143
2 43 3 100 711159 0.000196455
78 85 3 100 4384861 0.000216240
90 94 3 100 19238 0.000217234
16 21 3 100 19493 0.000282222
49 29 3 100 632171 0.000325906
71 41 3 100 508258 0.000334341
60 33 3 100 60478 0.000345313
110 56 3 100 596086 0.000416995
0 93 3 100 39979 0.000457512
42 84 3 100 1732764 0.000541397
54 116 3 100 58929 0.000559685
46 101 3 100 75738 0.000562252
77 68 3 100 1754825 0.000589446
39 113 3 100 68467 0.000637056
33 64 3 100 33241 0.000674308
9 10 3 100 1356911 0.000693181
26 95 3 100 43779 0.000732989
45 94 3 100 844388 0.000744754
119 122 3 100 50673 0.000746063
30 33 3 100 25866 0.000754973
31 25 3 100 45664 0.000795124
88 94 3 100 80642 0.000830055
67 38 3 100 22589 0.000833127
119 70 3 100 182745 0.000866555
30 28 3 100 5807 0.000890026
1 18 3 100 39017 0.000898039
127 78 3 100 49567 0.000928596
119 30 3 100 71817 0.000953577
88 127 3 100 413907 0.000956675
103 109 3 100 34871 0.000960725
101 95 3 100 3690643 0.000966337
11 40 3 100 3934981 0.000973516
94 88 3 100 28214 0.000984742
116 72 3 100 73366 0.001036077
20 121 3 100 3099295 0.001038163
34 62 3 100 688348 0.001073817
2 124 3 100 38757 0.001094427
50 34 3 100 1268368 0.001122805
82 105 3 100 942304 0.001135091
20 55 3 100 1843635 0.001188518
50 62 3 100 49346 0.001213767
73 103 3 100 70261 0.001222405
42 88 3 100 618130 0.001225564
121 126 3 100 3800153 0.001292645
46 109 3 100 32897 0.001340696
65 48 3 100 7649 0.001344147
38 68 3 100 1211338 0.001357192
111 40 3 100 16599 0.001372806
8 90 3 100 1681761 0.001375097
39 33 3 100 5029 0.001385812
41 36 3 100 56760 0.001417468
2 15 3 100 41460 0.001425750
120 89 3 100 439621 0.001451717
83 8 3 100 20710 0.001475385
99 52 3 100 3616833 0.001490111
69 0 3 100 2386 0.001495176
0 3 3 100 5392 0.001519325
60 83 3 100 733876 0.001563250
20 42 3 100 27722 0.001582164
5 78 3 100 457059 0.001636833
16 40 3 100 7489 0.001640895
59 37 3 100 54742 0.001644312
59 88 3 100 481616 0.001660583
87 92 3 100 66337 0.001667078
46 36 3 100 29889 0.001671852
113 81 3 100 33090 0.001694463
28 88 3 100 668007 0.001721380
102 107 3 100 21184 0.001764668
9 114 3 100 998624 0.001852454
29 23 3 100 3852248 0.001875299
22 28 3 100 8009 0.001883790
116 44 3 100 52616 0.001884544
40 114 3 100 12207 0.001889455
114 126 3 100 3465142 0.001895527
106 86 3 100 55988 0.001917752
43 50 3 100 34784 0.001933218
75 122 3 100 78267 0.001962623
87 29 3 100 4329743 0.001996046
17 92 3 100 33046 0.002050276
36 109 3 100 4362385 0.002080692
34 108 3 100 15783 0.002097319
103 96 3 100 1889640 0.002107944
30 93 3 100 3985091 0.002111239
3 50 3 100 35860 0.002121053
98 36 3 100 46801 0.002135816
82 2 3 100 20681 0.002181148
28 104 3 100 9152654 0.002283656
85 63 3 100 3267 0.002286472
82 48 3 100 67759 0.002293932
74 28 3 100 18143 0.002304848
106 45 3 100 71627 0.002318492
70 27 3 100 6647 0.002324601
59 15 3 100 726622 0.002358461
54 62 3 100 151407 0.002382434
110 112 3 100 1845 0.002413508
53 87 3 100 22344 0.002427921
3 13 3 100 69278 0.002443007
101 44 3 100 4514684 0.002452878
13 7 3 100 17579 0.002566843
73 8 3 100 407752 0.002566905
17 21 3 100 26645 0.002596664
95 31 3 100 402810 0.002613735
44 16 3 100 1251520 0.002625137
34 123 3 100 961925 0.002645723
120 66 3 100 1409327 0.002658772
61 95 3 100 29435561 0.002664914
90 120 3 100 7312929 0.002696475
4 33 3 100 27649 0.002716363
91 89 3 100 114448 0.002741076
79 14 3 100 6204903 0.002764265
26 28 3 100 4594466 0.002837445
125 81 3 100 980021 0.002858166
112 4 3 100 959765 0.002859054
100 23 3 100 489849 0.002864509
68 37 3 100 20293 0.002870222
48 55 3 100 12252607 0.002912840
126 7 3 100 6475 0.002920783
97 120 3 100 48404 0.002924556
67 41 3 100 9858 0.002929987
84 6 3 100 17557 0.002934504
1 83 3 100 57171 0.002963994
4 27 3 100 27520 0.003006064
59 37 3 100 23710 0.003022194
73 100 3 100 22121 0.003033748
0 66 3 100 668353 0.003034572
44 125 3 100 4552 0.003060569
75 95 3 100 1259201 0.003078038
25 36 3 100 16422 0.003092024
49 40 3 100 3715 0.003130113
110 1 3 100 5369 0.003132930
30 4 3 100 21526 0.003167232
95 68 3 100 16060 0.003177375
57 51 3 100 29814 0.003188499
76 112 3 100 1257318 0.003200663
86 22 3 100 4558117 0.003205505
58 95 3 100 3437088 0.003238224
73 93 3 100 57951 0.003280741
29 83 3 100 9183 0.003285228
5 55 3 100 1496812 0.003315135
9 59 3 100 3521211 0.003317460
63 114 3 100 21072086 0.003319802
104 97 3 100 9912399 0.003351018
107 90 3 100 248953 0.003379644
76 81 3 100 26192 0.003388409
85 119 3 100 16857 0.003393948
40 52 3 100 74322 0.003406130
45 21 3 100 25693 0.003423068
78 98 3 100 2794582 0.003427547
95 103 3 100 685472 0.003447949
87 45 3 100 61011 0.003459966
46 29 3 100 18632 0.003461197
51 27 3 100 4681467 0.003463265
19 7 3 100 22953 0.003474958
29 63 3 100 4796030 0.003497173
53 74 3 100 118539 0.003538544
126 116 3 100 72706 0.003561233
117 47 3 100 41543 0.003582363
61 99 3 100 1155 0.003597817
79 24 3 100 58758 0.003620406
58 51 3 100 8205661 0.003626277
117 82 3 100 27525374 0.003627795
94 115 3 100 141015 0.003650922
82 27 3 100 9015 0.003651095
60 50 3 100 772144 0.003660308
2 124 3 100 1105 0.003675434
79 10 3 100 60609 0.003738597
31 51 3 100 22940 0.003754255
100 40 3 100 4448242 0.003758021
89 75 3 100 9728166 0.003794075
70 76 3 100 66905 0.003802047
25 74 3 100 9435483 0.003863965
117 92 3 100 71461 0.003873061
101 90 3 100 462244 0.003879699
107 127 3 100 8851575 0.003884203
81 48 3 100 1695769 0.003893682
61 37 3 100 38112 0.003915085
104 126 3 100 21518 0.003917614
31 57 3 100 56133 0.003928269
100 13 3 100 8831008 0.003952983
121 61 3 100 123945 0.003983383
39 44 3 100 51919 0.004018458
106 1 3 100 60397 0.004051158
37 62 3 100 1100910 0.004058360
125 92 3 100 4527166 0.004062906
68 78 3 100 38834 0.004170953
21 66 3 100 149496 0.004176731
84 39 3 100 7717 0.004204110
61 37 3 100 2538946 0.004207567
69 18 3 100 189320 0.004253310
7 91 3 100 2474 0.004259351
61 127 3 100 7977009 0.004299948
91 107 3 100 232175 0.004334184
27 25 3 100 6070 0.004339558
125 117 3 100 5126 0.004360835
63 27 3 100 72763 0.004404047
62 32 3 100 1165096 0.004429299
123 95 3 100 44822 0.004445435
109 18 3 100 26217 0.004446929
84 22 3 100 23559 0.004451868
68 65 3 100 5786 0.004470989
124 28 3 100 855746 0.004487791
53 33 3 100 425603 0.004507284
3 83 3 100 37464 0.004552608
72 127 3 100 2968 0.004553671
119 33 3 100 2663556 0.004599519
118 102 3 100 1878722 0.004607926
97 20 3 100 41710 0.004624611
124 27 3 100 30000 0.004648459
69 96 3 100 6061 0.004680795
77 106 3 100 21380394 0.004684958
72 107 3 100 1061359 0.004701284
35 64 3 100 192005 0.004732027
3 63 3 100 22582 0.004752001
75 47 3 100 2949219 0.004761553
7 57 3 100 6212 0.004762984
122 12 3 100 2736588 0.004796337
64 87 3 100 70590 0.004849778
33 107 3 100 324 0.004859187
51 9 3 100 49672 0.004878477
45 13 3 100 434332 0.004900162
28 115 3 100 4625344 0.004908631
110 33 3 100 66293 0.004959771
126 98 3 100 1704312 0.004990678
21 49 3 100 8239849 0.004995759
93 111 3 100 9358 0.005013053
72 58 3 100 8905 0.005035981
14 63 3 100 49325 0.005050073
91 108 3 100 8288887 0.005068658
14 40 3 100 250503 0.005078595
111 9 3 100 15204113 0.005097974
86 2 3 100 4925 0.005112188
106 85 3 100 47798 0.005117934
12 18 3 100 1232323 0.005120780
125 74 3 100 8920 0.005125175
76 91 3 100 22652 0.005156263
85 70 3 100 9731482 0.005157079
32 38 3 100 25541 0.005157558
78 110 3 100 66586 0.005192639
103 117 3 100 33091 0.005224603
69 26 3 100 21507351 0.005235786
114 82 3 100 1489736 0.005239721
121 46 3 100 176311 0.005256108
51 46 3 100 623715 0.005269342
1 40 3 100 5108 0.005274760
62 13 3 100 40315 0.005281833
77 43 3 100 4362 0.005294831
38 15 3 100 48639 0.005335971
104 43 3 100 26141 0.005337229
19 107 3 100 23808 0.005350660
7 78 3 100 630263 0.005419951
1 27 3 100 1677979 0.005419979
20 75 3 100 209654 0.005421440
15 28 3 100 4104391 0.005462399
29 58 3 100 197215 0.005479032
126 18 3 100 74400 0.005482497
62 114 3 100 33897 0.005556508
44 118 3 100 5775748 0.005566529
80 127 3 100 6356 0.005582717
80 71 3 100 8093934 0.005674060
109 102 3 100 84791 0.005729420
92 68 3 100 4805 0.005766002
26 62 3 100 5959 0.005824320
104 39 3 100 1254455 0.005877118
51 65 3 100 12135 0.005887799
126 125 3 100 3891 0.005907505
76 96 3 100 44810 0.005913481
110 70 3 100 120436 0.005979353
5 121 3 100 14482 0.005987044
2 108 3 100 7258 0.006056434
73 20 3 100 1361761 0.006066064
25 102 3 100 48995 0.006072878
59 68 3 100 745991 0.006077679
7 93 3 100 262559 0.006078825
32 13 3 100 25956 0.006151634
112 60 3 100 19709 0.006220647
25 94 3 100 1513943 0.006228805
48 30 3 100 12362232 0.006242962
27 71 3 100 7814 0.006266012
71 53 3 100 397784 0.006272937
109 105 3 100 4957928 0.006273786
117 16 3 100 3728 0.006274237
71 48 3 100 74794 0.006324469
80 47 3 100 1160275 0.006325155
37 87 3 100 49685 0.006325599
75 92 3 100 1207960 0.006365664
3 86 3 100 86493 0.006367070
16 2 3 100 5119893 0.006370131
26 14 3 100 33525 0.006392657
68 113 3 100 28822 0.006410993
96 125 3 100 1755148 0.006425328
118 51 3 100 2272705 0.006444214
86 77 3 100 18075 0.006490177
61 26 3 100 8666809 0.006533374
85 62 3 100 4619989 0.006617794
97 99 3 100 107613 0.006628757
61 58 3 100 32958 0.006633691
14 7 3 100 1446155 0.006660516
67 46 3 100 19298 0.006662242
92 73 3 100 1567573 0.006667211
75 107 3 100 114431 0.006669361
48 111 3 100 7154 0.006687951
88 32 3 100 35206 0.006794224
61 26 3 100 11357 0.006795406
116 119 3 100 149059 0.006827974
25 91 3 100 326341 0.006866278
6 84 3 100 2424426 0.006894010
112 65 3 100 34737 0.006898591
60 102 3 100 37528 0.006914038
103 64 3 100 7462200 0.006934527
25 100 3 100 6504351 0.006935545
64 57 3 100 51061 0.006948224
21 32 3 100 1008420 0.006949986
52 36 3 100 51369 0.006967833
82 45 3 100 2799 0.006973471
66 44 3 100 6779985 0.007009037
41 18 3 100 158222 0.007083750
119 9 3 100 163718 0.007125145
36 112 3 100 106643 0.007184150
79 21 3 100 3740 0.007193533
108 99 3 100 1594854 0.007232384
31 13 3 100 76024 0.007251451
75 114 3 100 75606 0.007258075
26 65 3 100 164366 0.007278285
60 4 3 100 11843 0.007284292
1 35 3 100 276314 0.007303455
105 18 3 100 1202214 0.007334291
125 9 3 100 58329 0.007344912
42 87 3 100 1333400 0.007350447
83 56 3 100 14585 0.007365522
0 51 3 100 3797 0.007376199
42 121 3 100 38497 0.007377974
32 26 3 100 3742485 0.007385263
89 81 3 100 774470 0.007406671
39 40 3 100 672107 0.007414501
58 2 3 100 3541707 0.007421116
54 73 3 100 66315 0.007469356
60 71 3 100 5919 0.007518764
121 76 3 100 4015857 0.007544513
7 51 3 100 14126 0.007593618
74 93 3 100 3789 0.007608910
11 42 3 100 140852 0.007637193
126 106 3 100 423327 0.007697245
104 114 3 100 19038475 0.007706006
54 126 3 100 622724 0.007716338
109 60 3 100 377278 0.007718870
30 105 3 100 102178 0.007772348
114 44 3 100 27224 0.007774510
122 1 3 100 4053299 0.007793192
71 59 3 100 30135 0.007805802
96 45 3 100 23332 0.007826576
70 7 3 100 32600 0.007837040
64 106 3 100 71643 0.007849333
20 51 3 100 4345996 0.007854783
124 23 3 100 6698692 0.007859600
16 11 3 100 94596 0.007878309
116 82 3 100 5606457 0.007912783
12 81 3 100 980703 0.007918012
127 19 3 100 633692 0.007926376
18 89 3 100 557 0.007931828
41 94 3 100 58986 0.007933628
80 36 3 100 4528161 0.007963015
26 38 3 100 596037 0.007966682
25 27 3 100 8760 0.007977381
18 85 3 100 51215 0.007979433
23 32 3 100 157589 0.007988088
85 43 3 100 25617 0.007994268
116 62 3 100 41715 0.008057929
94 60 3 100 9383053 0.008070782
28 39 3 100 1564641 0.008074229
41 82 3 100 805576 0.008097463
7 109 3 100 17295 0.008145742
92 5 3 100 573893 0.008152097
66 18 3 100 4104081 0.008159533
41 97 3 100 1826 0.008175612
60 45 3 100 9476 0.008184760
112 37 3 100 4249232 0.008223708
26 87 3 100 2133 0.008231632
122 12 3 100 47874 0.008250075
4 88 3 100 46576 0.008253950
19 127 3 100 58180 0.008284217
56 1 3 100 73408 0.008312710
88 62 3 100 6869 0.008315214
35 22 3 100 425050 0.008355958
51 92 3 100 34538 0.008362578
89 115 3 100 4054445 0.008409723
54 86 3 100 4970369 0.008484290
14 61 3 100 23323962 0.008510454
18 44 3 100 47631 0.008546857
18 30 3 100 26842 0.008552291
39 76 3 100 5881678 0.008559753
29 57 3 100 64974 0.008614699
72 108 3 100 21002 0.008615093
1 22 3 100 9606242 0.008615657
73 26 3 100 25284 0.008631068
8 6 3 100 10019 0.008721997
28 87 3 100 1963132 0.008751518
123 85 3 100 73623 0.008767317
46 6 3 100 8487109 0.008868686
104 31 3 100 10260099 0.008870557
98 62 3 100 7136231 0.008891195
15 5 3 100 40923 0.008921377
126 64 3 100 9738546 0.008921862
28 72 3 100 150827 0.008938171
7 70 3 100 69573 0.008966023
28 106 3 100 4874573 0.008967299
89 111 3 100 4796332 0.008997127
101 54 3 100 43693 0.008998302
8 11 3 100 141628 0.009018229
87 44 3 100 57496 0.009038122
111 101 3 100 174113 0.009106991
81 71 3 100 674271 0.009125494
81 65 3 100 22075 0.009125782
69 20 3 100 7547234 0.009156825
86 10 3 100 49752 0.009166640
87 104 3 100 36270 0.009166780
44 83 3 100 226942 0.009177703
28 36 3 100 9065871 0.009186272
110 17 3 100 473773 0.009199053
120 19 3 100 886 0.009220033
85 84 3 100 162594 0.009235108
65 66 3 100 46984 0.009245114
31 126 3 100 167646 0.009291654
127 50 3 100 54983 0.009292143
75 116 3 100 6677108 0.009300111
90 89 3 100 113172 0.009308423
75 19 3 100 2727793 0.009318496
55 89 3 100 22748 0.009327124
71 45 3 100 21363 0.009389691
87 111 3 100 7772966 0.009390749
118 83 3 100 353694 0.009423721
17 95 3 100 53022 0.009427964
59 73 3 100 16744048 0.009431926
104 110 3 100 467049 0.009442869
75 29 3 100 32756 0.009475709
76 52 3 100 1649079 0.009486604
96 62 3 100 1985086 0.009504918
4 51 3 100 2452715 0.009519378
124 73 3 100 5249 0.009520969
47 13 3 100 74621 0.009547110
0 70 3 100 17710 0.009603216
124 108 3 100 67636 0.009621290
26 85 3 100 3643120 0.009624010
41 0 3 100 6499887 0.009630036
99 102 3 100 33932 0.009659366
1 121 3 100 8606 0.009687681
40 79 3 100 8542 0.009688348
41 99 3 100 49895 0.009692879
41 68 3 100 1222 0.009708979
0 24 3 100 3564657 0.009711311
120 117 3 100 32772 0.009732600
50 127 3 100 13707157 0.009733631
82 77 3 100 54266 0.009759225
38 31 3 100 410004 0.009774542
106 53 3 100 1805317 0.009785153
87 51 3 100 8837 0.009808381
120 88 3 100 70791 0.009821761
85 100 3 100 4794185 0.009834799
60 26 3 100 314368 0.009848850
102 97 3 100 8257 0.009863222
110 65 3 100 9988328 0.009936653
14 39 3 100 3226036 0.009939689
55 72 3 100 1663345 0.009949845
116 67 3 100 69442 0.009972947
20 101 3 100 61757 0.009978717
31 51 3 100 39325 0.010013352
92 56 3 100 1707344 0.010051674
127 7 3 100 9609568 0.010054963
37 68 3 100 8508149 0.010056963
40 68 3 100 11928017 0.010071896
121 67 3 100 70366 0.010081032
12 42 3 100 4416 0.010082203
33 3 3 100 6095823 0.010131770
91 55 3 100 57284 0.010143189
44 57 3 100 2287 0.010155368
45 57 3 100 172449 0.010178018
119 27 3 100 1122478 0.010183072
119 10 3 100 1535988 0.010216941
43 105 3 100 36337 0.010297294
82 9 3 100 286873 0.010320236
20 50 3 100 24699 0.010325266
112 37 3 100 7326 0.010371839
40 88 3 100 7587 0.010376380
100 67 3 100 64446 0.010379179
115 7 3 100 1009972 0.010390037
118 123 3 100 551473 0.010410367
33 9 3 100 4149067 0.010426298
56 14 3 100 54513 0.010469413
121 65 3 100 25186 0.010475318
23 8 3 100 74354 0.010500827
15 7 3 100 2489 0.010521878
14 28 3 100 1070766 0.010532564
69 77 3 100 830 0.010557720
96 100 3 100 1081156 0.010570891
57 37 3 100 23514 0.010584534
49 45 3 100 54154 0.010586251
79 5 3 100 49891 0.010586634
12 77 3 100 122670 0.010587227
57 35 3 100 1107233 0.010592634
25 100 3 100 44853 0.010610303
75 85 3 100 384496 0.010624549
127 61 3 100 537710 0.010675092
54 83 3 100 59855 0.010696371
57 121 3 100 3400161 0.010704611
31 62 3 100 2202736 0.010735090
5 22 3 100 50854 0.010735135
37 27 3 100 557218 0.010786984
51 5 3 100 7172 0.010806613
34 72 3 100 4229997 0.010810341
56 123 3 100 26510 0.010814549
66 84 3 100 2463 0.010830454
76 9 3 100 4753 0.010833129
10 8 3 100 4615 0.010845991
122 72 3 100 51168 0.010868408
100 22 3 100 45412 0.010911170
11 113 3 100 42255 0.010915575
79 78 3 100 6523617 0.010932348
6 89 3 100 33 0.010980069
94 68 3 100 25875 0.010980316
51 48 3 100 2564719 0.010990158
27 94 3 100 6691 0.011026211
89 118 3 100 722618 0.011042923
104 41 3 100 7281 0.011049079
40 80 3 100 3525 0.011057764
106 97 3 100 49649 0.011066272
25 50 3 100 134604 0.011084793
63 70 3 100 4831 0.011093426
61 58 3 100 14705820 0.011104937
125 98 3 100 25482 0.011108561
42 69 3 100 39313 0.011144922
52 81 3 100 6823 0.011151880
98 114 3 100 96844 0.011207801
45 67 3 100 118510 0.011283964
108 86 3 100 131862 0.011290521
5 81 3 100 714568 0.011317254
48 27 3 100 3973 0.011320083
116 53 3 100 3728673 0.011337500
12 122 3 100 2891006 0.011353408
58 125 3 100 8728 0.011368676
76 64 3 100 1908324 0.011373318
36 71 3 100 6938 0.011374197
63 98 3 100 558588 0.011390060
41 62 3 100 8299862 0.011414149
45 52 3 100 53248 0.011452462
52 42 3 100 9549 0.011510874
59 93 3 100 3501 0.011566229
83 43 3 100 4586 0.011622092
56 104 3 100 117821 0.011630268
6 41 3 100 68764 0.011647790
23 44 3 100 70094 0.011652733
51 119 3 100 7284167 0.011670368
22 64 3 100 6194618 0.011703512
118 105 3 100 47832 0.011717489
61 79 3 100 4868 0.011724469
83 43 3 100 29731 0.011728149
55 61 3 100 66604 0.011730317
86 81 3 100 57134 0.011746927
112 125 3 100 2042 0.011750845
77 86 3 100 1395135 0.011752358
36 80 3 100 5246 0.011761977
91 55 3 100 75872 0.011768485
80 25 3 100 20634 0.011860632
44 54 3 100 28956 0.011885881
126 42 3 100 643815 0.011887731
53 29 3 100 4582 0.011892318
11 44 3 100 71238 0.011903304
3 28 3 100 27055 0.011926431
114 13 3 100 9297 0.011933685
125 93 3 100 3926078 0.011939927
61 54 3 100 3266177 0.011946107
17 30 3 100 2568390 0.011947674
23 9 3 100 37184 0.011989271
121 4 3 100 152389 0.012039370
66 17 3 100 9682774 0.012042593
39 87 3 100 224582 0.012075853
9 57 3 100 4845095 0.012098013
62 118 3 100 3798 0.012144027
38 26 3 100 69727 0.012180813
85 54 3 100 48635 0.012194011
25 38 3 100 6838110 0.012194682
32 47 3 100 30483 0.012296027
46 44 3 100 4179 0.012297998
8 86 3 100 5889 0.012298134
52 55 3 100 9266 0.012301729
67 89 3 100 34582 0.012318974
23 94 3 100 253809 0.012322228
8 1 3 100 879 0.012329586
102 65 3 100 3231032 0.012329900
23 110 3 100 188 0.012330251
55 75 3 100 29864 0.012367704
5 87 3 100 854310 0.012416116
93 113 3 100 7204468 0.012434755
16 96 3 100 157841 0.012493646
74 30 3 100 920367 0.012507906
112 7 3 100 7934 0.012513331
113 11 3 100 4891 0.012537922
43 97 3 100 4161251 0.012581242
13 19 3 100 3834091 0.012582367
76 93 3 100 1933354 0.012628873
71 18 3 100 1224 0.012637020
34 71 3 100 127625 0.012642130
95 117 3 100 823609 0.012707417
46 66 3 100 1935677 0.012716948
86 40 3 100 702223 0.012723451
106 8 3 100 3355 0.012740881
91 36 3 100 33032 0.012767328
3 48 3 100 115630 0.012798718
14 114 3 100 7455 0.012800177
92 40 3 100 8324630 0.012822990
47 100 3 100 71395 0.012825565
46 47 3 100 27104 0.012834126
113 93 3 100 1315753 0.012865954
84 63 3 100 1917383 0.012949636
47 0 3 100 69989 0.012978150
127 42 3 100 21191 0.013001214
34 38 3 100 144934 0.013014012
11 37 3 100 15121 0.013018962
61 67 3 100 5332041 0.013024541
56 116 3 100 370784 0.013076119
11 74 3 100 9222872 0.013079938
25 73 3 100 28793 0.013137307
123 109 3 100 4086959 0.013202643
82 110 3 100 3720 0.013220551
127 86 3 100 3039 0.013226669
86 48 3 100 16332990 0.013237490
38 2 3 100 3235868 0.013260291
118 70 3 100 1131834 0.013281692
98 71 3 100 4411697 0.013306789
51 22 3 100 1532032 0.013342698
54 68 3 100 11532 0.013345654
22 4 3 100 6024 0.013359003
36 55 3 100 20729 0.013376084
99 10 3 100 7545 0.013395010
91 61 3 100 34728 0.013417528
111 30 3 100 31088 0.013420137
125 47 3 100 4319238 0.013429138
87 102 3 100 9744910 0.013434457
32 64 3 100 66827 0.013444100
51 44 3 100 18051851 0.013449713
2 42 3 100 2098 0.013547488
36 40 3 100 1318 0.013552781
16 112 3 100 2921063 0.013565090
116 40 3 100 18762 0.013565229
45 117 3 100 36161 0.013647337
7 80 3 100 1745104 0.013704399
120 95 3 100 1098351 0.013721232
67 17 3 100 47653 0.013731938
62 66 3 100 746511 0.013741795
60 113 3 100 1088 0.013752601
50 8 3 100 11833 0.013753705
106 39 3 100 6065 0.013814228
45 71 3 100 2213739 0.013847156
50 28 3 100 23492 0.013864000
23 3 3 100 244 0.013893993
96 1 3 100 3984622 0.013899875
8 72 3 100 24332 0.013901982
78 63 3 100 4717 0.013938317
125 37 3 100 38212 0.013948172
126 3 3 100 856621 0.013953604
66 7 3 100 10549 0.013975523
51 73 3 100 48813 0.013986118
17 97 3 100 15812 0.013994088
29 98 3 100 25749 0.014039188
114 21 3 100 72230 0.014042427
48 123 3 100 5743500 0.014074128
13 111 3 100 1510764 0.014084916
61 110 3 100 21499 0.014104616
47 63 3 100 23976 0.014134922
107 72 3 100 358386 0.014137408
55 104 3 100 1649301 0.014202692
63 93 3 100 25278 0.014218463
102 110 3 100 17984 0.014225649
124 121 3 100 8958966 0.014227689
35 112 3 100 8272345 0.014236941
49 71 3 100 21612 0.014238690
120 2 3 100 1328 0.014259862
5 123 3 100 79355 0.014288064
109 62 3 100 6423 0.014291303
36 34 3 100 10641 0.014299863
18 101 3 100 1172550 0.014330041
95 6 3 100 1365456 0.014375912
117 91 3 100 50150 0.014383542
12 1 3 100 969201 0.014389586
19 126 3 100 845945 0.014398496
66 15 3 100 45211 0.014445576
6 79 3 100 2097 0.014446657
125 90 3 100 133445 0.014448872
85 27 3 100 2588662 0.014465268
95 53 3 100 25893 0.014477746
80 96 3 100 2443453 0.014494132
64 106 3 100 3812217 0.014501793
60 2 3 100 5221 0.014517653
100 10 3 100 808181 0.014524316
45 36 3 100 48787 0.014528529
10 54 3 100 659984 0.014542279
25 95 3 100 23937 0.014555480
54 75 3 100 19394 0.014560316
18 63 3 100 2147692 0.014560930
74 11 3 100 2723 0.014577471
75 60 3 100 3925266 0.014615396
18 114 3 100 126735 0.014644800
35 24 3 100 76845 0.014679121
66 47 3 100 4856330 0.014695122
89 66 3 100 536375 0.014720812
80 40 3 100 20435 0.014758526
78 111 3 100 2225871 0.014780176
52 44 3 100 53028 0.014781900
61 126 3 100 71232 0.014783372
102 105 3 100 2212152 0.014797069
84 13 3 100 4379 0.014836369
119 74 3 100 50858 0.014876687
54 38 3 100 29088 0.014900570
94 28 3 100 43499 0.014940693
75 127 3 100 37667 0.014954693
32 41 3 100 1422201 0.014990855
109 63 3 100 72376 0.015037007
80 95 3 100 2543522 0.015037524
127 60 3 100 23590 0.015046973
109 76 3 100 59711 0.015066402
43 38 3 100 34026 0.015098192
127 104 3 100 75763 0.015107289
2 63 3 100 858229 0.015131044
17 123 3 100 22864 0.015141697
76 82 3 100 8689625 0.015162355
21 100 3 100 916065 0.015183034
86 73 3 100 719981 0.015234559
127 52 3 100 71415 0.015279857
125 6 3 100 29340 0.015293836
108 115 3 100 39294 0.015309728
61 105 3 100 420 0.015322831
33 53 3 100 21718234 0.015352549
25 69 3 100 41016 0.015358406
18 74 3 100 6472 0.015385860
88 97 3 100 1017809 0.015388571
80 42 3 100 25020 0.015394470
71 58 3 100 34325 0.015419142
2 127 3 100 867400 0.015428964
116 89 3 100 7014 0.015432785
72 23 3 100 97604 0.015492117
10 68 3 100 24702 0.015546545
54 88 3 100 563463 0.015598593
52 60 3 100 35100 0.015626717
109 106 3 100 7709423 0.015648745
38 52 3 100 4766301 0.015683679
98 103 3 100 43371 0.015807322
20 7 3 100 22962 0.015831683
26 90 3 100 12855 0.015841321
106 36 3 100 550112 0.015854671
106 8 3 100 2787410 0.015868154
65 124 3 100 65561 0.015876931
89 105 3 100 188349 0.015930040
108 125 3 100 4834 0.015940918
35 11 3 100 680951 0.015979760
34 96 3 100 6307152 0.016017374
116 61 3 100 5676 0.016028744
22 54 3 100 54711 0.016075357
73 79 3 100 477855 0.016079818
43 10 3 100 1305554 0.016120770
79 114 3 100 1312512 0.016161330
18 27 3 100 2061115 0.016180785
78 39 3 100 18786 0.016190610
81 91 3 100 74329 0.016221859
83 7 3 100 43539 0.016293950
91 100 3 100 193840 0.016308591
114 48 3 100 23937 0.016404018
67 109 3 100 77335 0.016404262
118 54 3 100 185459 0.016417671
0 69 3 100 6215 0.016519632
22 38 3 100 55879 0.016533338
60 102 3 100 42970 0.016558869
17 64 3 100 76309 0.016580057
47 27 3 100 31993 0.016624940
85 91 3 100 211299 0.016631102
102 99 3 100 3393113 0.016676523
21 19 3 100 51941 0.016681302
103 127 3 100 14985 0.016682462
125 120 3 100 58763 0.016702414
44 82 3 100 54801 0.016734147
121 54 3 100 62210 0.016740017
16 121 3 100 8472792 0.016845960
28 80 3 100 76344 0.016878669
39 9 3 100 835549 0.016894682
46 81 3 100 8471739 0.016915262
11 42 3 100 49690 0.016931399
125 7 3 100 45971 0.016951712
9 63 3 100 8169 0.017010579
24 26 3 100 911081 0.017036862
70 101 3 100 6056030 0.017037934
88 47 3 100 47506 0.017045350
91 106 3 100 3049401 0.017053153
13 65 3 100 2299 0.017054935
57 76 3 100 3254795 0.017069775
58 48 3 100 65349 0.017070471
113 21 3 100 1794 0.017097943
74 121 3 100 2305428 0.017098288
100 42 3 100 756685 0.017100414
55 26 3 100 19960730 0.017100728
88 105 3 100 1638 0.017144585
59 26 3 100 122964 0.017158261
7 124 3 100 341591 0.017167631
20 34 3 100 18999 0.017193800
4 9 3 100 144205 0.017230892
3 50 3 100 795864 0.017231554
37 24 3 100 6578 0.017293678
56 60 3 100 30804 0.017324664
3 15 3 100 75949 0.017404284
6 49 3 100 3016029 0.017407235
121 90 3 100 20196 0.017407310
7 13 3 100 4610 0.017437401
88 86 3 100 57319 0.017495955
14 78 3 100 593468 0.017511342
36 34 3 100 1057447 0.017582011
4 26 3 100 95113 0.017607427
86 15 3 100 52586 0.017644314
50 35 3 100 2164230 0.017646519
100 113 3 100 21732 0.017659302
12 8 3 100 25344 0.017717375
109 57 3 100 68828 0.017832552
8 25 3 100 24444 0.017838416
58 96 3 100 3468541 0.017857185
120 5 3 100 2741599 0.017866594
91 22 3 100 24012109 0.017907153
105 37 3 100 1660322 0.017915752
30 82 3 100 2052363 0.017973452
67 75 3 100 190872 0.017984903
22 12 3 100 6973 0.018016566
43 70 3 100 179696 0.018143578
127 96 3 100 50223 0.018153430
74 117 3 100 3434061 0.018196015
17 13 3 100 13121 0.018201192
64 118 3 100 78646 0.018248636
96 28 3 100 1512512 0.018275381
52 85 3 100 12026026 0.018277626
121 57 3 100 54555 0.018342577
65 118 3 100 4415743 0.018358354
111 24 3 100 322240 0.018360993
95 110 3 100 1176442 0.018361366
106 20 3 100 27187 0.018368609
52 122 3 100 29394 0.018407192
116 119 3 100 24876789 0.018409587
46 60 3 100 1161140 0.018409897
60 118 3 100 58673 0.018448831
70 55 3 100 674 0.018543222
17 49 3 100 23545 0.018545126
10 108 3 100 9925 0.018562247
24 45 3 100 26369 0.018569833
76 70 3 100 70544 0.018585193
75 71 3 100 11223 0.018609445
17 87 3 100 97732 0.018632375
35 74 3 100 179624 0.018650453
11 6 3 100 629004 0.018676168
11 60 3 100 575898 0.018721033
47 84 3 100 3267382 0.018743791
8 80 3 100 1114182 0.018757270
46 60 3 100 189353 0.018764612
36 21 3 100 8773272 0.018776266
86 61 3 100 1361 0.018806415
105 5 3 100 25877 0.018949349
34 33 3 100 40661 0.018980248
104 44 3 100 22690 0.018988120
52 115 3 100 9778 0.018989830
6 11 3 100 1362606 0.019022703
80 7 3 100 1387749 0.019040355
76 5 3 100 65595 0.019171510
68 88 3 100 7900197 0.019181387
118 36 3 100 19230846 0.019194023
95 10 3 100 3196 0.019194711
61 47 3 100 78264 0.019199912
53 99 3 100 510 0.019251379
56 109 3 100 39714 0.019273646
8 47 3 100 49526 0.019274026
59 36 3 100 39448 0.019277778
119 94 3 100 410554 0.019286751
97 13 3 100 60458 0.019303523
80 45 3 100 1586152 0.019312587
38 62 3 100 7498859 0.019322769
125 11 3 100 11782 0.019382481
3 48 3 100 7956581 0.019393826
126 93 3 100 2392404 0.019403486
0 17 3 100 629495 0.019413504
23 93 3 100 4014 0.019437458
78 126 3 100 25210 0.019454749
6 103 3 100 48574 0.019471903
6 85 3 100 118764 0.019472980
100 110 3 100 67729 0.019486154
31 63 3 100 25815 0.019497657
6 73 3 100 1885125 0.019541455
7 64 3 100 71315 0.019608152
90 98 3 100 16246142 0.019621126
71 18 3 100 3005570 0.019682681
68 55 3 100 10244 0.019696466
52 59 3 100 25415667 0.019717366
70 124 3 100 29365 0.019739894
57 8 3 100 6724952 0.019775258
50 111 3 100 37170 0.019775293
36 35 3 100 4632679 0.019821867
1 60 3 100 5325 0.019853240
41 114 3 100 74076 0.019892394
0 126 3 100 601953 0.019922391
120 19 3 100 7099 0.019925203
60 120 3 100 34419 0.019936677
26 118 3 100 49512 0.019966479
59 45 3 100 6825 0.019970755
86 1 3 100 8054 0.019995751
99 124 3 100 1819388 0.020032002
16 86 3 100 664638 0.020044480
0 70 3 100 3223170 0.020075847
48 73 3 100 43377 0.020089216
3 51 3 100 2220 0.020095257
65 60 3 100 6709685 0.020105001
93 112 3 100 990724 0.020125551
75 61 3 100 2740701 0.020154455
74 10 3 100 31346 0.020159774
15 74 3 100 66829 0.020180307
120 92 3 100 10964 0.020207989
32 3 3 100 1264374 0.020217375
24 41 3 100 249728 0.020228673
80 81 3 100 1590058 0.020264025
117 77 3 100 915 0.020289584
87 14 3 100 11542 0.020290773
59 115 3 100 1080 0.020318406
76 4 3 100 5491268 0.020320465
21 96 3 100 1591337 0.020324368
31 114 3 100 7475 0.020336070
13 54 3 100 4285903 0.020379706
109 69 3 100 13728 0.020386869
37 78 3 100 24201 0.020489127
63 7 3 100 1281090 0.020504396
89 111 3 100 49403 0.020508677
123 8 3 100 9349768 0.020531819
60 8 3 100 8987 0.020568442
90 11 3 100 172819 0.020578640
112 55 3 100 17578 0.020581585
107 71 3 100 9712334 0.020669631
2 48 3 100 2362738 0.020681983
29 126 3 100 2052 0.020689281
0 75 3 100 63651 0.020734707
54 88 3 100 3076094 0.020751946
42 77 3 100 38350 0.020760844
38 31 3 100 7674223 0.020822142
73 125 3 100 25073167 0.020846287
125 109 3 100 3211 0.020856580
100 52 3 100 47537 0.020888764
37 98 3 100 4039 0.020914213
2 71 3 100 292606 0.020931328
90 31 3 100 1670127 0.020934193
44 48 3 100 47814 0.020946970
27 9 3 100 3514 0.020969802
81 0 3 100 3266428 0.021026574
17 65 3 100 21344 0.021028012
85 46 3 100 392637 0.021051194
87 34 3 100 3153 0.021055268
81 109 3 100 13333152 0.021057861
95 72 3 100 3876 0.021066184
87 35 3 100 61617 0.021088934
100 18 3 100 22468 0.021089685
98 6 3 100 49201 0.021097413
117 37 3 100 154152 0.021099259
46 62 3 100 5977 0.021103205
16 96 3 100 1663239 0.021103284
53 111 3 100 7834597 0.021114528
67 89 3 100 1337969 0.021167742
38 56 3 100 1867499 0.021177142
117 26 3 100 60492 0.021191998
96 59 3 100 1279519 0.021200879
73 117 3 100 53892 0.021206545
79 85 3 100 1691034 0.021220054
114 97 3 100 1469 0.021258511
93 96 3 100 51791 0.021312535
112 99 3 100 39172 0.021327201
110 87 3 100 2476 0.021344819
28 12 3 100 6395232 0.021348893
32 120 3 100 24531 0.021405039
0 78 3 100 41794 0.021448437
12 95 3 100 3795 0.021454723
27 55 3 100 7554 0.021458007
100 91 3 100 2448328 0.021463167
76 113 3 100 18828 0.021509924
9 112 3 100 25183 0.021530918
10 2 3 100 65634 0.021547364
45 80 3 100 140970 0.021556905
82 49 3 100 2888 0.021557554
8 54 3 100 31305 0.021567494
95 0 3 100 30490 0.021580757
1 70 3 100 1007026 0.021612421
51 11 3 100 53036 0.021632818
38 85 3 100 43160 0.021654260
101 33 3 100 2358756 0.021655989
89 78 3 100 7897834 0.021724990
65 6 3 100 146893 0.021728444
5 88 3 100 41489 0.021755308
105 100 3 100 70409 0.021762982
85 36 3 100 772603 0.021769292
104 79 3 100 2529 0.021779717
54 71 3 100 17981 0.021804805
69 28 3 100 19685 0.021868167
65 15 3 100 24460 0.021873287
12 27 3 100 2463961 0.021877832
99 45 3 100 8510 0.021884840
57 69 3 100 388785 0.021888287
56 65 3 100 16330 0.021932490
87 106 3 100 1223932 0.021934324
17 29 3 100 9219 0.021937345
40 95 3 100 1650233 0.021941732
72 25 3 100 5709997 0.021952723
59 21 3 100 188960 0.021973772
73 1 3 100 6497 0.021981349
74 8 3 100 53148 0.021985749
84 93 3 100 53262 0.021990857
46 98 3 100 26896648 0.022000197
75 87 3 100 4907232 0.022009799
59 58 3 100 15766 0.022011809
85 43 3 100 751398 0.022025559
12 27 3 100 4389 0.022043032
55 57 3 100 38347 0.022069595
85 44 3 100 962949 0.022092387
110 73 3 100 1225963 0.022142699
3 8 3 100 80633 0.022174896
69 8 3 100 70985 0.022184669
21 40 3 100 1971047 0.022191467
99 84 3 100 411532 0.022192121
33 85 3 100 8910881 0.022197774
90 19 3 100 193686 0.022248992
75 71 3 100 29848 0.022324034
25 101 3 100 14057 0.022346651
30 38 3 100 4516046 0.022367434
81 26 3 100 5806 0.022389774
73 83 3 100 18689 0.022401450
98 46 3 100 50561 0.022458576
121 20 3 100 1022796 0.022465771
103 84 3 100 213744 0.022519990
102 86 3 100 17910 0.022580815
15 45 3 100 1704600 0.022586912
122 70 3 100 23943286 0.022593259
118 73 3 100 8865015 0.022614824
36 113 3 100 3357286 0.022631976
118 104 3 100 765451 0.022633379
76 11 3 100 5974040 0.022635460
72 33 3 100 29669387 0.022639549
91 96 3 100 71575 0.022640032
70 107 3 100 2690379 0.022660878
75 93 3 100 59996 0.022661579
42 83 3 100 4000256 0.022663269
32 37 3 100 1652640 0.022669394
110 49 3 100 19581 0.022674373
27 108 3 100 197 0.022680100
42 85 3 100 40514 0.022691511
12 83 3 100 7352680 0.022699886
126 23 3 100 20333 0.022707470
91 13 3 100 2027141 0.022738030
57 80 3 100 42945 0.022742823
30 62 3 100 1068823 0.022754282
59 123 3 100 9866 0.022757337
99 58 3 100 4415560 0.022759479
111 84 3 100 2754592 0.022768117
95 11 3 100 123437 0.022794793
102 111 3 100 2866403 0.022796718
14 101 3 100 6925 0.022808985
41 13 3 100 64884 0.022820172
4 100 3 100 29633 0.022821643
100 81 3 100 499360 0.022847250
1 62 3 100 4094362 0.022847689
15 88 3 100 17156 0.022880485
65 8 3 100 8604788 0.022889237
66 15 3 100 62992 0.022927302
95 113 3 100 49297 0.022942333
23 13 3 100 9044146 0.022947244
68 83 3 100 571548 0.022948367
125 20 3 100 31861 0.022977786
113 42 3 100 8484 0.022979178
94 93 3 100 4127 0.023019650
67 69 3 100 1828 0.023024748
89 48 3 100 98850 0.023051540
103 58 3 100 1071373 0.023063513
56 69 3 100 8572073 0.023094146
104 50 3 100 49430 0.023157760
67 84 3 100 176339 0.023168760
7 35 3 100 97047 0.023222717
29 83 3 100 701014 0.023239196
103 80 3 100 1927629 0.023250569
79 26 3 100 24798 0.023259600
48 7 3 100 584790 0.023260430
61 37 3 100 12935 0.023282254
123 120 3 100 71543 0.023290772
84 116 3 100 17119457 0.023343019
85 79 3 100 7341 0.023359936
22 122 3 100 8856855 0.023363454
30 20 3 100 24202568 0.023370295
95 99 3 100 20 0.023404736
97 115 3 100 761208 0.023442476
99 111 3 100 962 0.023525542
127 2 3 100 1518541 0.023560477
117 24 3 100 6469459 0.023582956
91 115 3 100 53868 0.023619731
66 120 3 100 1911074 0.023627398
26 33 3 100 3656049 0.023688646
34 90 3 100 48430 0.023777212
90 120 3 100 1434543 0.023890213
63 112 3 100 79096 0.023907779
74 109 3 100 6483 0.024018669
7 27 3 100 8905 0.024019463
84 62 3 100 5395 0.024019996
14 121 3 100 3140373 0.024020088
42 104 3 100 2318 0.024024493
55 127 3 100 41095 0.024039593
60 17 3 100 22343 0.024059463
63 43 3 100 478179 0.024060043
16 65 3 100 24793 0.024096145
45 25 3 100 966231 0.024104530
74 52 3 100 1316819 0.024145060
69 39 3 100 158685 0.024179902
127 84 3 100 52588 0.024183663
74 120 3 100 24925 0.024201593
79 120 3 100 112363 0.024243470
67 4 3 100 6084 0.024276139
75 1 3 100 5805 0.024281628
36 76 3 100 38851 0.024287353
73 56 3 100 167105 0.024291133
32 104 3 100 131026 0.024291452
98 90 3 100 3613178 0.024307176
73 120 3 100 144981 0.024324304
47 7 3 100 782955 0.024352048
102 106 3 100 26655 0.024423477
67 127 3 100 150018 0.024440257
89 1 3 100 8317 0.024461941
124 79 3 100 1547 0.024465539
11 6 3 100 414222 0.024465633
11 64 3 100 555780 0.024511643
90 116 3 100 22118 0.024539478
28 107 3 100 20155 0.024541097
112 94 3 100 75272 0.024558450
127 8 3 100 9889019 0.024579144
75 113 3 100 5607 0.024596515
96 126 3 100 4905661 0.024639836
108 93 3 100 91548 0.024656425
119 17 3 100 162822 0.024723237
98 41 3 100 9642339 0.024734559
89 65 3 100 1177018 0.024737498
60 84 3 100 6352 0.024761556
46 16 3 100 4902 0.024763847
47 110 3 100 4137 0.024771739
103 89 3 100 20688 0.024800787
50 61 3 100 3923725 0.024844956
26 5 3 100 21624206 0.024852828
76 88 3 100 702161 0.024856879
2 26 3 100 46255 0.024866733
43 107 3 100 45838 0.024895157
36 72 3 100 12609892 0.024951871
116 22 3 100 63547 0.025058501
104 21 3 100 44490 0.025071012
77 113 3 100 33896 0.025093985
10 71 3 100 3603990 0.025102559
9 43 3 100 27641 0.025108602
2 68 3 100 66432 0.025118240
10 24 3 100 818464 0.025128036
75 35 3 100 63134 0.025141021
79 26 3 100 4809425 0.025154866
17 93 3 100 7222 0.025176341
12 35 3 100 1081220 0.025205310
21 79 3 100 64807 0.025231557
48 21 3 100 19936406 0.025273084
66 117 3 100 48569 0.025284188
16 112 3 100 18019 0.025326377
81 16 3 100 642976 0.025422580
75 124 3 100 5661 0.025438946
2 44 3 100 5548052 0.025453210
67 49 3 100 12023570 0.025473236
106 3 3 100 24087 0.025475836
13 82 3 100 333425 0.025482824
97 50 3 100 57715 0.025539918
5 31 3 100 26602 0.025543135
51 17 3 100 1031674 0.025589217
8 111 3 100 53483 0.025607544
23 111 3 100 4099454 0.025653831
42 78 3 100 1975161 0.025660778
122 113 3 100 76008 0.025668097
44 25 3 100 1307420 0.025713239
97 23 3 100 15793 0.025735565
52 112 3 100 3054651 0.025739911
76 34 3 100 21362677 0.025747168
82 48 3 100 6393404 0.025760765
7 105 3 100 14678976 0.025761626
89 67 3 100 325233 0.025785225
66 1 3 100 1296475 0.025785941
35 73 3 100 26280838 0.025793282
50 120 3 100 25382 0.025845929
95 23 3 100 9408 0.025850934
0 41 3 100 5381103 0.025851766
54 90 3 100 34065 0.025871065
11 87 3 100 17552774 0.025884794
88 25 3 100 3648 0.025898758
122 23 3 100 37974 0.025911507
30 125 3 100 23195 0.025946259
41 111 3 100 3117636 0.025957597
32 82 3 100 21856 0.025988416
104 122 3 100 376128 0.025989570
122 83 3 100 39088 0.025992612
45 12 3 100 20993 0.025993483
78 13 3 100 5152 0.025994695
11 62 3 100 14675774 0.026010860
86 21 3 100 1160109 0.026058423
11 63 3 100 68385 0.026072529
1 122 3 100 6248827 0.026077008
109 114 3 100 25297 0.026082187
47 98 3 100 2187623 0.026102046
26 37 3 100 309511 0.026115872
36 25 3 100 1515184 0.026130682
77 106 3 100 2350996 0.026164089
45 12 3 100 182636 0.026271897
73 116 3 100 4816152 0.026288021
81 22 3 100 3285 0.026296565
67 16 3 100 9394094 0.026311586
83 91 3 100 893752 0.026321767
74 2 3 100 21267 0.026369900
18 92 3 100 4414846 0.026390364
6 121 3 100 124148 0.026414634
106 64 3 100 23098 0.026415465
100 123 3 100 24918 0.026494161
39 9 3 100 20152 0.026495428
89 37 3 100 1485362 0.026520929
67 124 3 100 28483 0.026526400
69 40 3 100 19085353 0.026534278
77 9 3 100 46442 0.026537587
113 60 3 100 5370595 0.026550894
104 20 3 100 1253 0.026576855
100 35 3 100 2382823 0.026593195
39 127 3 100 8090449 0.026595528
22 89 3 100 8095182 0.026709533
121 40 3 100 2595 0.026729496
120 105 3 100 23948 0.026738999
3 101 3 100 32712 0.026755470
60 44 3 100 7505 0.026824472
7 59 3 100 840622 0.026843610
113 32 3 100 1353 0.026844423
59 3 3 100 46696 0.026858281
45 40 3 100 22613 0.026858681
68 14 3 100 5008288 0.026902989
62 48 3 100 1932804 0.026912294
27 60 3 100 67687 0.026955839
22 14 3 100 73441 0.026963425
127 57 3 100 938200 0.026968464
15 0 3 100 7692 0.026973224
62 25 3 100 197102 0.026975886
11 20 3 100 12438 0.027009272
33 116 3 100 474796 0.027010347
100 89 3 100 24043 0.027020898
98 16 3 100 3318703 0.027069049
124 32 3 100 7170 0.027091658
81 63 3 100 555808 0.027099842
48 19 3 100 42627 0.027101406
126 55 3 100 14122 0.027141308
94 69 3 100 21596 0.027146873
34 98 3 100 3663425 0.027205369
57 7 3 100 56450 0.027267681
13 55 3 100 22676 0.027272684
54 67 3 100 1069312 0.027277266
102 72 3 100 43614 0.027279782
42 29 3 100 49884 0.027282428
37 115 3 100 1161451 0.027312254
44 59 3 100 154995 0.027369813
104 98 3 100 196331 0.027379124
102 35 3 100 1206608 0.027431069
38 93 3 100 9642 0.027457741
64 15 3 100 3397 0.027474052
3 91 3 100 46763 0.027474781
104 11 3 100 59484 0.027518046
109 105 3 100 8602 0.027538288
13 4 3 100 5211 0.027555693
20 112 3 100 61125 0.027574430
7 13 3 100 1404680 0.027591786
109 14 3 100 79545 0.027596969
72 73 3 100 29410 0.027634183
20 74 3 100 80001 0.027721207
2 81 3 100 9967 0.027739689
18 16 3 100 151510 0.027753081
92 56 3 100 797885 0.027761216
0 45 3 100 62941 0.027783800
102 57 3 100 1688270 0.027783941
120 88 3 100 70147 0.027799150
91 66 3 100 3135 0.027845517
100 13 3 100 4852820 0.027856037
106 112 3 100 53644 0.027865625
0 25 3 100 5856714 0.027875279
4 21 3 100 27116 0.027880060
37 17 3 100 63320 0.027950468
100 124 3 100 26180 0.027969561
111 112 3 100 2943213 0.028012555
117 22 3 100 5754 0.028033477
97 122 3 100 6079700 0.028039059
41 75 3 100 73551 0.028042806
112 69 3 100 9944 0.028083809
27 100 3 100 1296 0.028102459
114 38 3 100 176693 0.028146494
45 43 3 100 1881560 0.028159072
87 115 3 100 2620741 0.028175982
56 27 3 100 63732 0.028197741
78 40 3 100 825378 0.028214708
65 95 3 100 215123 0.028216618
110 19 3 100 253664 0.028227593
18 116 3 100 40965 0.028228180
79 4 3 100 26418 0.028266216
25 28 3 100 166330 0.028326227
100 110 3 100 655868 0.028334432
82 78 3 100 335795 0.028337305
34 2 3 100 2349910 0.028416047
83 19 3 100 28960 0.028432497
40 29 3 100 549871 0.028459320
35 46 3 100 60665 0.028468499
22 82 3 100 679848 0.028492073
72 114 3 100 53170 0.028518408
26 95 3 100 1367972 0.028543822
94 22 3 100 53308 0.028557104
24 67 3 100 946977 0.028560390
46 32 3 100 15984 0.028562664
26 7 3 100 6247 0.028564817
56 28 3 100 27631 0.028579290
70 39 3 100 1719102 0.028584302
60 8 3 100 2539640 0.028591121
43 53 3 100 159460 0.028622350
7 19 3 100 1262 0.028664265
84 20 3 100 29938512 0.028679900
57 114 3 100 17346 0.028681246
122 44 3 100 12078 0.028696166
124 18 3 100 64247 0.028790516
112 79 3 100 9050 0.028800956
96 81 3 100 71260 0.028804613
38 87 3 100 47763 0.028853456
56 10 3 100 28690 0.028854880
23 8 3 100 115515 0.028863518
110 109 3 100 2348181 0.028871664
20 90 3 100 1404910 0.028875119
101 62 3 100 4666491 0.028916032
41 51 3 100 40633 0.028940048
25 39 3 100 155060 0.028952403
98 10 3 100 28998 0.028960219
71 39 3 100 1490752 0.028977517
26 21 3 100 535985 0.028977721
14 17 3 100 516414 0.028989233
17 45 3 100 17464 0.029006748
116 52 3 100 22248 0.029009168
102 50 3 100 7033831 0.029038048
76 63 3 100 24956 0.029063448
123 32 3 100 3659990 0.029068995
75 107 3 100 24850 0.029115740
21 36 3 100 23259 0.029126104
100 87 3 100 43958 0.029146517
38 61 3 100 14412 0.029160882
1 56 3 100 156695 0.029169327
42 36 3 100 127303 0.029214461
44 73 3 100 32514 0.029228488
49 69 3 100 663075 0.029240969
96 106 3 100 34904 0.029251133
6 13 3 100 47004 0.029300333
58 71 3 100 44282 0.029311510
48 41 3 100 145341 0.029380808
43 119 3 100 6366 0.029437396
63 27 3 100 49608 0.029445803
82 19 3 100 990868 0.029498207
79 13 3 100 30294 0.029513043
73 43 3 100 1035631 0.029547865
47 54 3 100 39095 0.029602341
28 71 3 100 40808 0.029608395
33 90 3 100 600734 0.029666464
98 57 3 100 6622589 0.029672305
72 67 3 100 16524343 0.029672394
101 20 3 100 79201 0.029674615
97 12 3 100 7304 0.029675275
87 62 3 100 130676 0.029703422
109 18 3 100 18863 0.029740667
21 49 3 100 23481 0.029750587
56 30 3 100 234314 0.029756476
121 66 3 100 53697 0.029758254
50 103 3 100 3394 0.029758836
2 110 3 100 9958 0.029760672
64 90 3 100 5870263 0.029766497
25 24 3 100 55697 0.029785043
25 27 3 100 9889090 0.029804859
21 113 3 100 4859095 0.029807729
71 113 3 100 744450 0.029904112
22 101 3 100 4691 0.029913543
30 27 3 100 3035249 0.029927279
86 52 3 100 22824 0.029959525
29 21 3 100 2655 0.029962486
51 52 3 100 4013 0.029973684
109 62 3 100 54984 0.029979223
114 127 3 100 12433589 0.029999379
120 90 3 100 2748507 0.030018954
104 14 3 100 33108 0.030029247
61 59 3 100 1102417 0.030062826
111 58 3 100 422197 0.030069011
35 114 3 100 8111833 0.030092299
121 72 3 100 1992468 0.030095074
117 110 3 100 9553 0.030098904
65 13 3 100 3909 0.030146355
21 95 3 100 5606 0.030209847
81 38 3 100 49189 0.030210134
110 81 3 100 60065 0.030228121
40 78 3 100 2061038 0.030229960
106 58 3 100 23114 0.030268903
78 11 3 100 12368 0.030319721
44 62 3 100 26194 0.030333987
77 65 3 100 19092 0.030336941
102 101 3 100 1166917 0.030362213
107 114 3 100 621 0.030394218
106 79 3 100 475303 0.030432895
32 80 3 100 11453 0.030451113
32 119 3 100 24472 0.030456912
21 55 3 100 76332 0.030458786
104 38 3 100 36778 0.030470610
58 42 3 100 3284024 0.030481663
82 118 3 100 7248 0.030527886
73 116 3 100 24110 0.030559657
55 108 3 100 34053 0.030573547
85 72 3 100 45480 0.030575098
124 116 3 100 24139 0.030578482
90 81 3 100 2258148 0.030579216
93 85 3 100 41042 0.030579578
43 60 3 100 8335008 0.030581198
77 122 3 100 21145 0.030582588
98 33 3 100 7364 0.030583099
91 49 3 100 20902 0.030620153
49 121 3 100 57231 0.030641879
88 32 3 100 1115 0.030688802
67 65 3 100 546997 0.030691333
81 78 3 100 14904 0.030694750
83 19 3 100 378421 0.030700527
26 74 3 100 23284201 0.030714808
72 117 3 100 62625 0.030720552
112 46 3 100 22718 0.030807204
30 3 3 100 34181 0.030823452
84 29 3 100 44899 0.030834616
73 32 3 100 2065 0.030848085
42 123 3 100 63311 0.030873653
92 69 3 100 948859 0.030893622
64 21 3 100 3632585 0.030906409
17 29 3 100 144855 0.030937385
88 99 3 100 46534 0.030949403
90 100 3 100 9656840 0.030953183
80 39 3 100 24697 0.030965699
68 80 3 100 539 0.031011020
118 124 3 100 19511 0.031031726
42 20 3 100 53997 0.031062758
54 28 3 100 16704724 0.031096521
12 92 3 100 6906 0.031116961
103 67 3 100 21927 0.031166710
125 34 3 100 48932 0.031196080
38 23 3 100 3390637 0.031250594
114 108 3 100 53996 0.031280132
14 28 3 100 6678 0.031292241
29 57 3 100 1686674 0.031296933
85 38 3 100 10930969 0.031323401
71 50 3 100 933036 0.031360699
127 14 3 100 48913 0.031390010
122 83 3 100 2889487 0.031393724
50 19 3 100 20518 0.031393815
23 34 3 100 19184 0.031394896
54 113 3 100 640489 0.031399202
52 14 3 100 74995 0.031425069
65 118 3 100 34353 0.031436980
98 104 3 100 75644 0.031438464
27 95 3 100 16275090 0.031467064
121 112 3 100 71076 0.031472995
28 108 3 100 56192 0.031477686
84 106 3 100 20892 0.031484868
52 109 3 100 306410 0.031501864
77 28 3 100 1453689 0.031509640
23 98 3 100 51325 0.031519685
5 62 3 100 34574 0.031520294
93 88 3 100 54802 0.031565748
122 67 3 100 29184 0.031610015
101 98 3 100 431493 0.031645299
67 36 3 100 661365 0.031711015
3 45 3 100 40672 0.031756138
66 106 3 100 83102 0.031756183
106 25 3 100 77819 0.031842284
103 79 3 100 975365 0.031932603
105 76 3 100 45446 0.031948896
18 15 3 100 2091569 0.031962484
25 83 3 100 2038333 0.031981586
39 56 3 100 2267654 0.032005381
63 80 3 100 1115786 0.032037795
112 80 3 100 17868497 0.032045007
68 76 3 100 34134 0.032047920
94 40 3 100 42511 0.032049313
33 76 3 100 6498390 0.032163450
2 34 3 100 12170888 0.032176080
49 109 3 100 354996 0.032183492
2 122 3 100 8174 0.032216806
120 39 3 100 8165694 0.032260721
55 1 3 100 4023839 0.032273803
2 119 3 100 5307080 0.032288419
58 30 3 100 21524 0.032294762
37 65 3 100 11208 0.032299274
61 66 3 100 8743535 0.032311758
25 106 3 100 52915 0.032312142
58 25 3 100 830185 0.032332486
46 123 3 100 8602008 0.032374776
51 9 3 100 13188 0.032466545
64 67 3 100 7820 0.032467508
25 11 3 100 3590697 0.032489986
5 74 3 100 4925202 0.032549764
68 53 3 100 1782788 0.032552952
52 107 3 100 1787993 0.032659305
60 103 3 100 6142 0.032666762
13 82 3 100 7017151 0.032674713
113 114 3 100 31067 0.032688371
84 102 3 100 820954 0.032690471
71 55 3 100 166894 0.032691462
16 66 3 100 59117 0.032714273
104 6 3 100 1654073 0.032797004
34 103 3 100 16511 0.032825514
23 62 3 100 68850 0.032850888
57 105 3 100 1349965 0.032888274
79 49 3 100 28097 0.032888615
109 22 3 100 40153 0.032934350
44 53 3 100 2883650 0.033049821
120 52 3 100 16205 0.033056211
116 19 3 100 28742 0.033060167
55 97 3 100 2054665 0.033097464
48 75 3 100 265241 0.033115840
28 54 3 100 57742 0.033119098
98 31 3 100 1838607 0.033123523
3 118 3 100 10192 0.033128215
43 22 3 100 4335 0.033129438
124 10 3 100 6503918 0.033132769
57 34 3 100 49596 0.033187340
77 114 3 100 1416831 0.033195385
28 105 3 100 2376915 0.033200745
120 127 3 100 26447 0.033203477
10 59 3 100 26298 0.033223699
1 36 3 100 64469 0.033288558
70 28 3 100 26836 0.033305926
67 77 3 100 21632 0.033322322
101 64 3 100 31697 0.033322860
4 61 3 100 62442 0.033342231
109 96 3 100 47691 0.033353174
55 57 3 100 7468 0.033353619
66 40 3 100 8957982 0.033381666
120 50 3 100 15827 0.033448650
93 107 3 100 4026 0.033544816
119 1 3 100 6267 0.033558895
87 75 3 100 1628060 0.033565035
83 122 3 100 35137 0.033567837
11 83 3 100 433189 0.033634756
3 104 3 100 981336 0.033753052
59 73 3 100 9168737 0.033759919
123 99 3 100 6918 0.033779696
25 38 3 100 1141668 0.033783448
40 8 3 100 9508907 0.033793036
107 3 3 100 979249 0.033805225
124 16 3 100 66269 0.033849684
39 81 3 100 30834 0.033869705
26 114 3 100 5913369 0.033901258
25 46 3 100 141512 0.033919138
87 3 3 100 68064 0.033919257
7 34 3 100 112586 0.033930428
21 95 3 100 65355 0.033940755
111 55 3 100 4674 0.033951441
16 8 3 100 1326151 0.033964515
2 90 3 100 4221409 0.034030789
13 52 3 100 9828 0.034042010
21 20 3 100 23197 0.034080704
99 45 3 100 888831 0.034111218
98 63 3 100 2175300 0.034117686
78 33 3 100 168847 0.034157181
87 40 3 100 37670 0.034158993
127 64 3 100 6586055 0.034169192
82 5 3 100 26950 0.034192956
29 12 3 100 898193 0.034203400
56 66 3 100 39554 0.034204978
112 94 3 100 29336 0.034211879
114 10 3 100 55444 0.034214547
25 71 3 100 41704 0.034235858
40 60 3 100 5976614 0.034268465
111 40 3 100 9741 0.034344130
117 40 3 100 30990 0.034359769
89 26 3 100 816935 0.034370675
37 14 3 100 13623 0.034375589
47 34 3 100 1369514 0.034385717
21 15 3 100 26463 0.034432181
126 113 3 100 21192 0.034435104
87 20 3 100 1694735 0.034441784
49 127 3 100 1139 0.034481474
81 18 3 100 635066 0.034523062
66 60 3 100 692549 0.034535661
16 62 3 100 32960 0.034567392
62 17 3 100 7864 0.034622714
51 58 3 100 2810 0.034653445
66 40 3 100 1163790 0.034657168
91 114 3 100 44617 0.034666437
69 104 3 100 37890 0.034678397
58 127 3 100 4587 0.034717824
109 85 3 100 1142403 0.034719085
28 59 3 100 121064 0.034736846
67 127 3 100 4071113 0.034741333
4 83 3 100 21780 0.034788633
79 82 3 100 1976962 0.034789575
109 122 3 100 1153964 0.034799570
102 15 3 100 1625344 0.034830583
110 115 3 100 8285384 0.034845175
100 73 3 100 53407 0.034866009
53 6 3 100 4185 0.034882294
55 102 3 100 4967431 0.034882931
121 23 3 100 22256 0.035009908
68 53 3 100 61244 0.035054758
120 77 3 100 121458 0.035070351
6 60 3 100 4972928 0.035083436
31 18 3 100 4278648 0.035129515
71 3 3 100 1309761 0.035159348
49 111 3 100 4150 0.035160118
68 89 3 100 1804 0.035169586
93 96 3 100 63741 0.035175679
29 36 3 100 78275 0.035187858
79 44 3 100 14909611 0.035200579
87 18 3 100 3630207 0.035233118
121 19 3 100 75802 0.035239933
105 112 3 100 14311 0.035260986
110 63 3 100 3011783 0.035264554
59 87 3 100 383 0.035275971
88 32 3 100 24086 0.035279341
21 10 3 100 641648 0.035311540
7 85 3 100 569524 0.035326037
50 51 3 100 3832847 0.035338215
29 77 3 100 677594 0.035344014
55 25 3 100 1380537 0.035398049
83 86 3 100 2550341 0.035413864
118 106 3 100 21786 0.035423188
93 28 3 100 9843 0.035447516
120 100 3 100 78345 0.035450344
117 75 3 100 198298 0.035454159
94 28 3 100 348031 0.035459664
99 115 3 100 76674 0.035515842
45 76 3 100 8170365 0.035528117
124 121 3 100 4552 0.035537333
89 52 3 100 9737 0.035547396
33 26 3 100 40084 0.035556687
41 71 3 100 14334 0.035588525
15 34 3 100 52857 0.035633059
125 91 3 100 1089950 0.035663656
58 14 3 100 63218 0.035729941
13 76 3 100 838677 0.035732605
51 112 3 100 508278 0.035743462
4 84 3 100 15345 0.035784106
104 116 3 100 882 0.035836328
8 14 3 100 2567888 0.035841105
95 76 3 100 30404 0.035850088
38 21 3 100 1178497 0.035857651
44 2 3 100 415730 0.035858222
69 46 3 100 57526 0.035862253
103 61 3 100 9837917 0.035866620
101 77 3 100 29188 0.035886116
45 49 3 100 463774 0.035894159
45 78 3 100 35025 0.035894256
80 123 3 100 9597911 0.035915914
123 115 3 100 12521 0.035932592
110 27 3 100 84609 0.035949671
92 103 3 100 326950 0.035995382
55 49 3 100 517 0.036009019
54 64 3 100 67808 0.036047575
92 12 3 100 25521 0.036086761
41 50 3 100 54380 0.036088084
58 44 3 100 29512 0.036090764
60 83 3 100 79351 0.036091147
114 9 3 100 27665 0.036092426
118 93 3 100 30575 0.036109210
35 25 3 100 8455803 0.036135681
92 55 3 100 24800 0.036136412
54 65 3 100 33328 0.036143932
60 120 3 100 14723 0.036164448
99 60 3 100 585889 0.036208676
127 2 3 100 42206 0.036226665
84 88 3 100 279299 0.036228184
45 10 3 100 98830 0.036248830
47 45 3 100 4811155 0.036263070
44 32 3 100 4125745 0.036287766
101 122 3 100 53127 0.036303772
87 52 3 100 72878 0.036309669
95 97 3 100 400200 0.036353572
62 72 3 100 38967 0.036370827
85 92 3 100 382844 0.036380512
108 95 3 100 5841 0.036392072
30 110 3 100 1718603 0.036401872
81 86 3 100 1209 0.036406721
23 45 3 100 23313 0.036416235
7 24 3 100 28319 0.036426409
39 46 3 100 31613 0.036451252
32 76 3 100 1904873 0.036470019
27 78 3 100 19412152 0.036477021
49 34 3 100 60840 0.036486277
66 22 3 100 52419 0.036503489
21 25 3 100 66688 0.036619869
98 127 3 100 113842 0.036626633
82 87 3 100 905754 0.036648985
109 38 3 100 28529 0.036663482
27 66 3 100 8756 0.036665336
23 33 3 100 22499 0.036719343
108 35 3 100 1772070 0.036778604
76 31 3 100 75158 0.036784550
47 91 3 100 7798657 0.036830467
88 71 3 100 51094 0.036855461
77 38 3 100 47507 0.036907386
88 73 3 100 24156698 0.036926957
26 63 3 100 69258 0.036960458
84 121 3 100 971 0.036967742
103 26 3 100 27468 0.036982238
85 81 3 100 117239 0.037005751
29 48 3 100 153807 0.037005902
102 87 3 100 7018504 0.037007700
47 25 3 100 1491535 0.037051981
102 53 3 100 3144308 0.037076257
13 70 3 100 3876 0.037077930
50 101 3 100 386361 0.037078924
47 25 3 100 55608 0.037080029
9 16 3 100 62319 0.037089283
73 1 3 100 2659436 0.037097211
88 15 3 100 1973007 0.037098253
66 35 3 100 5749 0.037113150
14 76 3 100 9684782 0.037127313
10 64 3 100 8362700 0.037137689
17 83 3 100 8084 0.037148269
119 37 3 100 33462 0.037160723
111 52 3 100 2982938 0.037177761
85 57 3 100 13884 0.037185910
116 39 3 100 184374 0.037206328
107 89 3 100 838479 0.037293465
107 38 3 100 3047007 0.037359990
106 92 3 100 505054 0.037373832
59 80 3 100 8432 0.037379260
35 111 3 100 9923294 0.037433246
117 14 3 100 1822 0.037457815
120 7 3 100 29122 0.037462709
62 54 3 100 1324784 0.037509826
15 66 3 100 8075357 0.037535715
69 28 3 100 459810 0.037538037
14 82 3 100 1591623 0.037548679
44 40 3 100 53540 0.037656532
19 68 3 100 2860877 0.037657530
87 94 3 100 43415 0.037684180
77 122 3 100 56313 0.037729397
23 76 3 100 5966214 0.037734886
58 2 3 100 7108 0.037737624
89 40 3 100 121230 0.037752104
57 99 3 100 28450 0.037802881
8 79 3 100 167840 0.037832642
84 68 3 100 60868 0.037855063
79 109 3 100 4206 0.037866756
40 54 3 100 393163 0.037873489
69 119 3 100 80769 0.037904288
38 93 3 100 51767 0.037908690
76 39 3 100 3507 0.037917705
122 18 3 100 612857 0.037993904
12 109 3 100 147879 0.038020719
88 5 3 100 572333 0.038047620
126 46 3 100 41105 0.038054315
89 71 3 100 7513 0.038057885
104 42 3 100 14412 0.038060700
4 82 3 100 7472739 0.038080296
116 62 3 100 4338561 0.038106890
33 119 3 100 1600 0.038147472
19 33 3 100 61410 0.038176127
64 49 3 100 55124 0.038181048
10 8 3 100 7378991 0.038208428
89 14 3 100 112296 0.038268233
5 26 3 100 568491 0.038270250
121 10 3 100 6393326 0.038279865
106 116 3 100 8727 0.038290160
58 124 3 100 383090 0.038307648
32 5 3 100 2946712 0.038308387
59 69 3 100 7851366 0.038318134
93 121 3 100 55961 0.038333402
97 69 3 100 1934532 0.038360201
26 2 3 100 22697 0.038362195
59 75 3 100 52209 0.038366324
44 13 3 100 97411 0.038392785
82 93 3 100 25452297 0.038398599
40 24 3 100 38042 0.038445781
6 86 3 100 56877 0.038456898
15 79 3 100 4246137 0.038469004
62 59 3 100 23686 0.038469735
9 97 3 100 18590 0.038477339
38 84 3 100 16944 0.038487622
104 70 3 100 7627470 0.038490646
113 51 3 100 2277053 0.038495399
66 30 3 100 15620 0.038507554
14 87 3 100 2812 0.038541406
110 124 3 100 36857 0.038551977
10 58 3 100 2634 0.038567312
92 102 3 100 25943406 0.038600740
69 103 3 100 59122 0.038622047
123 88 3 100 196007 0.038661601
61 120 3 100 562676 0.038674707
97 64 3 100 57888 0.038680642
50 101 3 100 3909170 0.038703785
23 35 3 100 21167219 0.038705691
93 37 3 100 46197 0.038733875
30 105 3 100 1695 0.038752657
6 58 3 100 15686000 0.038761174
64 21 3 100 72889 0.038781807
116 7 3 100 1650537 0.038794013
68 24 3 100 16035741 0.038830448
105 82 3 100 24326 0.038832095
35 83 3 100 1160 0.038851038
73 55 3 100 1128 0.038865431
91 67 3 100 45915 0.038885346
26 22 3 100 189396 0.038901010
36 98 3 100 28779 0.038929710
68 122 3 100 7883 0.038947041
69 88 3 100 253070 0.039028786
67 95 3 100 33659 0.039037942
55 123 3 100 327781 0.039101528
4 84 3 100 31865 0.039110028
116 26 3 100 17399 0.039129790
112 86 3 100 126587 0.039136550
63 85 3 100 59706 0.039157232
89 36 3 100 9536238 0.039173902
99 11 3 100 474794 0.039186305
67 94 3 100 1131282 0.039187677
16 45 3 100 952130 0.039199783
85 67 3 100 3692023 0.039208748
23 98 3 100 7029831 0.039224105
83 117 3 100 4272 0.039236512
64 114 3 100 157800 0.039237851
7 88 3 100 9484173 0.039242051
82 85 3 100 5926865 0.039251187
127 90 3 100 574463 0.039256770
7 111 3 100 27690 0.039268822
100 83 3 100 68771 0.039275899
73 32 3 100 5003289 0.039276823
10 14 3 100 6004 0.039296280
47 17 3 100 50406 0.039329331
54 13 3 100 111957 0.039356004
114 87 3 100 1691973 0.039363908
120 90 3 100 18906 0.039371338
20 122 3 100 20453 0.039391969
45 29 3 100 12480 0.039398422
0 18 3 100 53798 0.039444044
31 46 3 100 1881384 0.039476183
90 9 3 100 213 0.039483605
79 31 3 100 1925594 0.039493028
23 107 3 100 134789 0.039576016
58 36 3 100 4571 0.039710135
114 2 3 100 783983 0.039716728
26 93 3 100 116862 0.039721142
23 87 3 100 25767 0.039733817
32 74 3 100 1490680 0.039736915
43 108 3 100 19704 0.039742629
64 86 3 100 24001 0.039772496
1 19 3 100 3304 0.039788889
78 124 3 100 21527 0.039833476
1 41 3 100 22371 0.039839882
118 92 3 100 46314 0.039855673
60 115 3 100 1986705 0.039856399
17 77 3 100 29988 0.039887642
6 96 3 100 24582 0.039910875
111 69 3 100 1390371 0.039915577
86 103 3 100 179596 0.040053135
99 74 3 100 3214 0.040056802
52 5 3 100 27029 0.040078124
36 39 3 100 46873 0.040083025
39 61 3 100 1506198 0.040109188
20 87 3 100 27826 0.040123850
12 68 3 100 77300 0.040140360
117 81 3 100 25514 0.040164713
23 72 3 100 584110 0.040180199
88 19 3 100 2777888 0.040211728
48 56 3 100 28367 0.040234502
82 37 3 100 18395 0.040265460
94 50 3 100 4229 0.040275436
10 21 3 100 154141 0.040290833
72 82 3 100 3535374 0.040298883
2 99 3 100 3852 0.040306297
77 26 3 100 28662455 0.040311609
32 127 3 100 15457 0.040327792
112 108 3 100 3185677 0.040340866
16 121 3 100 8898510 0.040386301
51 117 3 100 24323 0.040416286
35 37 3 100 3948 0.040440511
4 46 3 100 67419 0.040456354
119 38 3 100 38425 0.040487296
75 90 3 100 3154017 0.040489390
107 17 3 100 589265 0.040513326
75 45 3 100 9088 0.040548798
65 108 3 100 81270 0.040550879
108 25 3 100 56428 0.040552619
65 11 3 100 48429 0.040568488
119 46 3 100 77136 0.040752821
95 49 3 100 1724365 0.040804922
50 78 3 100 35261 0.040809819
7 1 3 100 8133964 0.040811599
84 36 3 100 746009 0.040815404
12 18 3 100 279279 0.040836870
48 27 3 100 25498 0.040850960
93 91 3 100 139773 0.040859485
78 88 3 100 3124136 0.040883035
9 62 3 100 62099 0.040887044
91 113 3 100 50770 0.040946517
25 19 3 100 22400 0.040952339
5 37 3 100 77801 0.040958592
0 72 3 100 1582062 0.040991369
97 21 3 100 26133 0.041016680
13 7 3 100 1087033 0.041033736
65 64 3 100 67887 0.041037516
114 106 3 100 31480 0.041086484
50 0 3 100 1369938 0.041172085
71 20 3 100 36915 0.041184466
107 38 3 100 4986 0.041200140
121 41 3 100 51229 0.041230134
5 71 3 100 78552 0.041234191
83 97 3 100 6844 0.041241216
126 97 3 100 773 0.041253254
117 111 3 100 24271 0.041282910
38 123 3 100 10329 0.041304850
16 25 3 100 26479 0.041312456
19 71 3 100 4064 0.041337081
69 13 3 100 443776 0.041371062
71 48 3 100 1405761 0.041371995
38 2 3 100 6821 0.041441512
10 106 3 100 26711 0.041456817
60 67 3 100 21133 0.041497900
111 1 3 100 2891415 0.041505437
54 86 3 100 101 0.041513269
117 64 3 100 1021416 0.041517996
19 46 3 100 3966005 0.041534661
109 115 3 100 3002189 0.041542056
89 15 3 100 149889 0.041544865
44 21 3 100 25478 0.041550669
93 127 3 100 6285454 0.041571040
125 100 3 100 68938 0.041578116
21 76 3 100 52066 0.041591003
56 83 3 100 57108 0.041599942
59 90 3 100 44056 0.041617524
21 54 3 100 24966 0.041725620
63 21 3 100 45904 0.041732882
53 33 3 100 12927 0.041759609
57 43 3 100 404944 0.041772807
49 5 3 100 36992 0.041789274
39 113 3 100 176067 0.041791430
96 82 3 100 28844 0.041803694
95 0 3 100 1958759 0.041832200
65 24 3 100 689 0.041833137
59 67 3 100 392089 0.041881497
116 5 3 100 29432 0.041891643
26 43 3 100 311792 0.041894080
117 93 3 100 10598 0.041910829
118 18 3 100 9923 0.041936341
76 47 3 100 9321658 0.042014163
93 22 3 100 1996211 0.042021781
1 107 3 100 490469 0.042042787
99 37 3 100 21248 0.042044006
30 109 3 100 1761867 0.042080610
32 112 3 100 80137 0.042117738
104 78 3 100 1246173 0.042160597
66 122 3 100 78366 0.042173469
17 90 3 100 16812 0.042175349
77 94 3 100 7293 0.042212601
64 113 3 100 6373336 0.042254517
93 1 3 100 29592 0.042291025
116 38 3 100 796411 0.042299601
127 111 3 100 24626 0.042360922
94 60 3 100 21622836 0.042361107
122 99 3 100 78633 0.042408136
72 110 3 100 230199 0.042450622
23 43 3 100 2573079 0.042473927
83 72 3 100 47662 0.042476351
28 59 3 100 27954 0.042478459
127 88 3 100 95899 0.042481598
64 92 3 100 6352 0.042490635
96 3 3 100 1106 0.042511846
23 16 3 100 52771 0.042527377
127 122 3 100 265625 0.042563036
28 96 3 100 884192 0.042568743
61 16 3 100 122 0.042638255
26 120 3 100 67908 0.042646539
64 87 3 100 1597494 0.042664466
32 108 3 100 46581 0.042670566
4 21 3 100 39064 0.042699839
101 113 3 100 9487 0.042733658
50 118 3 100 3040440 0.042739167
101 63 3 100 6997900 0.042782845
78 9 3 100 5148 0.042786886
17 11 3 100 8925326 0.042806183
9 34 3 100 1265700 0.042836699
1 43 3 100 1750311 0.042849771
56 84 3 100 1893 0.042935323
47 109 3 100 5126 0.042962533
78 22 3 100 130681 0.042969837
119 0 3 100 275169 0.042974024
50 60 3 100 5455 0.043061097
94 26 3 100 29255 0.043157475
0 100 3 100 1489094 0.043212105
37 77 3 100 8171 0.043286432
13 9 3 100 13569942 0.043294595
99 59 3 100 9696647 0.043295758
96 92 3 100 22816 0.043307204
3 44 3 100 39413 0.043368174
27 76 3 100 4545038 0.043412753
18 12 3 100 1030559 0.043426003
68 66 3 100 4074 0.043434954
22 37 3 100 7854 0.043455629
105 33 3 100 28626459 0.043459371
39 54 3 100 68992 0.043483754
81 65 3 100 10763 0.043500153
105 48 3 100 1753022 0.043525940
104 0 3 100 46624 0.043529376
17 13 3 100 7942 0.043550580
25 72 3 100 7327501 0.043566045
95 102 3 100 32982 0.043573966
35 23 3 100 68165 0.043589328
23 30 3 100 77880 0.043740526
74 111 3 100 3106657 0.043765607
28 41 3 100 619178 0.043787793
65 6 3 100 19631 0.043789714
3 20 3 100 1299496 0.043791433
9 4 3 100 42992 0.043793993
58 108 3 100 1180060 0.043794922
111 59 3 100 70261 0.043882157
70 79 3 100 24197002 0.043910432
41 80 3 100 39237 0.043953487
119 102 3 100 21355 0.043957530
107 100 3 100 5022103 0.043973143
1 33 3 100 10744 0.044053702
1 74 3 100 419156 0.044054117
64 109 3 100 170218 0.044092979
74 27 3 100 33248 0.044098548
13 86 3 100 33518 0.044140124
16 40 3 100 477426 0.044160329
89 11 3 100 3497351 0.044178537
69 83 3 100 72559 0.044275939
122 33 3 100 36922 0.044306150
0 102 3 100 7564 0.044312909
70 109 3 100 3125792 0.044330957
87 10 3 100 747030 0.044335072
22 110 3 100 547600 0.044351004
104 95 3 100 5744314 0.044386114
35 83 3 100 78291 0.044401772
50 89 3 100 59934 0.044481601
74 89 3 100 51310 0.044514110
109 56 3 100 808068 0.044517526
38 112 3 100 21186 0.044552017
56 68 3 100 8720539 0.044555855
20 41 3 100 28727 0.044578947
66 103 3 100 8091 0.044601006
44 6 3 100 4007 0.044657887
26 75 3 100 9032215 0.044698467
20 27 3 100 7597 0.044700602
26 104 3 100 29744 0.044713492
105 34 3 100 38155 0.044715706
26 87 3 100 23214 0.044719961
56 67 3 100 115501 0.044741780
96 82 3 100 9697 0.044846181
109 9 3 100 4343 0.044901812
126 98 3 100 58295 0.045021879
93 117 3 100 4697 0.045048868
127 108 3 100 3491083 0.045073100
109 84 3 100 1224 0.045085092
3 117 3 100 141693 0.045111983
74 67 3 100 1063162 0.045114718
109 77 3 100 61545 0.045183436
5 90 3 100 162362 0.045251165
3 101 3 100 3728185 0.045267828
63 23 3 100 1575753 0.045287207
44 65 3 100 4449362 0.045302331
1 37 3 100 297 0.045339871
17 92 3 100 23178 0.045358289
87 76 3 100 1650129 0.045358801
1 3 3 100 8879621 0.045365697
21 37 3 100 142226 0.045388309
50 16 3 100 5140393 0.045448682
93 15 3 100 3497 0.045461051
35 110 3 100 4351574 0.045531608
78 72 3 100 29977 0.045569784
116 107 3 100 52952 0.045650635
107 117 3 100 22778 0.045675117
15 25 3 100 147 0.045798518
40 77 3 100 32396 0.045839088
91 114 3 100 7452516 0.045855688
110 77 3 100 26181 0.045857547
49 30 3 100 267207 0.045861890
83 113 3 100 1385080 0.045885455
50 120 3 100 1631042 0.045889377
69 97 3 100 79354 0.045942669
4 15 3 100 753909 0.045976041
62 84 3 100 4462934 0.046020740
88 47 3 100 5353367 0.046036518
118 8 3 100 23725498 0.046105288
123 4 3 100 8024 0.046159394
25 104 3 100 5078 0.046185170
103 31 3 100 7441792 0.046232604
101 118 3 100 1718930 0.046355885
77 32 3 100 1137065 0.046398678
126 116 3 100 3506 0.046411802
1 77 3 100 1445009 0.046416644
112 51 3 100 1233672 0.046484252
99 71 3 100 54850 0.046523875
69 67 3 100 16978 0.046575544
65 23 3 100 356820 0.046577030
5 38 3 100 921987 0.046647004
52 109 3 100 9056493 0.046700327
99 90 3 100 5963 0.046728506
26 101 3 100 8368072 0.046739225
103 45 3 100 1729937 0.046758697
33 86 3 100 22522 0.046765897
38 17 3 100 12194 0.046767843
123 104 3 100 292335 0.046771699
106 62 3 100 1774 0.046792261
108 124 3 100 3895113 0.046818685
47 54 3 100 165875 0.046821629
10 19 3 100 25648 0.046828643
18 35 3 100 55056 0.046876768
22 114 3 100 77527 0.046879986
71 94 3 100 7179036 0.046891383
10 39 3 100 1281242 0.046926059
91 97 3 100 22117 0.046932328
54 40 3 100 60415 0.046981654
88 79 3 100 57713 0.047013334
5 120 3 100 27336 0.047048188
39 22 3 100 23530 0.047111912
17 4 3 100 2760 0.047158158
117 73 3 100 1970383 0.047251292
101 114 3 100 4289 0.047255765
38 5 3 100 3699249 0.047328556
81 125 3 100 14651 0.047343999
106 64 3 100 53173 0.047415256
79 7 3 100 1531 0.047450909
76 46 3 100 20783 0.047458962
71 5 3 100 19269 0.047467741
101 121 3 100 65754 0.047486538
49 32 3 100 22088218 0.047508542
36 105 3 100 22432 0.047549886
79 127 3 100 43477 0.047621643
99 3 3 100 12311 0.047666927
119 80 3 100 178597 0.047848112
19 100 3 100 22844886 0.047949551
88 117 3 100 4956 0.048055233
31 76 3 100 31256 0.048103847
48 24 3 100 5099985 0.048114683
39 3 3 100 16304291 0.048170388
96 59 3 100 1068380 0.048178727
5 95 3 100 15631 0.048226167
83 112 3 100 809467 0.048233544
74 21 3 100 1751165 0.048260617
1 99 3 100 892954 0.048262131
112 58 3 100 9782472 0.048406868
74 34 3 100 1798646 0.048474772
106 39 3 100 1784259 0.048780457
78 0 3 100 1289505 0.048817917
117 9 3 100 9034 0.048876847
40 5 3 100 23355 0.048931415
107 124 3 100 1798766 0.048944965
78 90 3 100 56286 0.048967499
104 13 3 100 695198 0.049004029
48 10 3 100 5434 0.049049665
71 7 3 100 15838 0.049074467
102 115 3 100 59091 0.049177526
76 7 3 100 57490 0.049519022
100 113 3 100 3832 0.049534263
86 56 3 100 2822891 0.049542777
76 1 3 100 1028125 0.049686921
