2697 
43 123 3 100 6661 0.000019113
25 27 3 100 6650295 0.000029483
72 102 3 100 530297 0.000038255
15 101 3 100 23681 0.000040352
17 113 3 100 11237 0.000048345
45 4 3 100 75505 0.000050202
60 33 3 100 28970 0.000057079
79 92 3 100 60703 0.000075050
73 6 3 100 7615321 0.000077916
58 83 3 100 8620204 0.000106426
97 118 3 100 4157964 0.000142390
97 90 3 100 70239 0.000146059
125 80 3 100 53728 0.000146446
40 93 3 100 46798 0.000176860
111 116 3 100 420510 0.000182365
77 93 3 100 3793243 0.000194626
6 3 3 100 115334 0.000219896
101 29 3 100 87432 0.000223854
25 103 3 100 5155210 0.000239476
69 4 3 100 9090 0.000287031
75 92 3 100 2539 0.000294477
10 91 3 100 53199 0.000313370
104 92 3 100 3889616 0.000330172
91 125 3 100 78536 0.000350883
117 21 3 100 8155046 0.000370986
46 89 3 100 27299 0.000381939
123 34 3 100 70196 0.000409321
6 109 3 100 52512 0.000410512
67 29 3 100 74685 0.000417548
54 103 3 100 4119096 0.000422234
58 120 3 100 11682 0.000437936
10 121 3 100 24390 0.000467095
73 34 3 100 7887 0.000476562
81 96 3 100 74181 0.000498133
4 5 3 100 1995727 0.000520144
34 50 3 100 937396 0.000530257
92 58 3 100 1284575 0.000533538
96 118 3 100 158985 0.000556802
37 86 3 100 10114 0.000588195
90 0 3 100 22504 0.000592704
26 9 3 100 22417 0.000594318
125 58 3 100 4015 0.000616009
90 113 3 100 38274 0.000648788
112 44 3 100 1520891 0.000657618
94 112 3 100 19798 0.000699424
88 20 3 100 163199 0.000701760
53 75 3 100 486338 0.000707678
89 126 3 100 2684426 0.000709794
118 124 3 100 6807721 0.000717741
109 20 3 100 68665 0.000751940
53 94 3 100 355367 0.000755320
84 77 3 100 80 0.000798699
0 82 3 100 6132544 0.000824706
116 100 3 100 42538 0.000834813
62 53 3 100 50423 0.000891335
77 0 3 100 1358372 0.000898198
31 79 3 100 4472050 0.000906108
9 57 3 100 14424 0.000916695
117 53 3 100 33894 0.001005816
126 125 3 100 6358 0.001021653
82 55 3 100 59071 0.001025631
50 46 3 100 151190 0.001027811
67 69 3 100 7462259 0.001037253
32 67 3 100 3071723 0.001041411
125 84 3 100 1016142 0.001077321
0 62 3 100 152320 0.001098987
21 127 3 100 50684 0.001108713
94 82 3 100 753139 0.001157622
34 84 3 100 21876 0.001204292
55 10 3 100 1899138 0.001214963
99 59 3 100 5710 0.001216378
16 109 3 100 28912 0.001259680
63 47 3 100 54123 0.001270699
61 122 3 100 4050 0.001305379
6 110 3 100 3292 0.001325817
57 14 3 100 412170 0.001330802
95 94 3 100 9819 0.001371459
63 103 3 100 787257 0.001383463
126 108 3 100 48817 0.001401192
17 29 3 100 2988987 0.001423418
27 24 3 100 69357 0.001426874
116 94 3 100 2537575 0.001500354
98 81 3 100 7897671 0.001523224
98 73 3 100 60758 0.001548430
102 33 3 100 1420000 0.001588604
22 104 3 100 8644 0.001590640
14 41 3 100 18773 0.001602945
34 24 3 100 112997 0.001605175
60 44 3 100 70206 0.001610180
64 15 3 100 382 0.001612760
52 113 3 100 1465535 0.001676499
68 44 3 100 68762 0.001678499
99 97 3 100 7724 0.001693113
119 72 3 100 774 0.001696124
121 114 3 100 167129 0.001725484
85 65 3 100 31140 0.001730157
51 118 3 100 32799 0.001750232
100 96 3 100 75430 0.001750955
27 89 3 100 1781380 0.001751656
22 62 3 100 78191 0.001770484
87 43 3 100 22580 0.001776447
44 52 3 100 1854 0.001788931
122 118 3 100 84195 0.001800782
46 2 3 100 257980 0.001802945
95 46 3 100 483765 0.001875697
0 119 3 100 9796 0.001879588
19 44 3 100 6126045 0.001888029
21 12 3 100 3626484 0.001904371
106 6 3 100 8294240 0.001917041
119 62 3 100 6521641 0.001924654
101 54 3 100 21601 0.001944543
95 21 3 100 8126 0.001973235
14 15 3 100 4507261 0.001973339
16 60 3 100 44646 0.002013334
81 49 3 100 767399 0.002023938
57 67 3 100 29458 0.002029253
93 97 3 100 11295 0.002068486
104 63 3 100 894968 0.002113294
27 106 3 100 4156520 0.002121655
96 36 3 100 55402 0.002129974
0 49 3 100 1879649 0.002178115
29 85 3 100 4274262 0.002180640
47 69 3 100 38944 0.002267117
17 13 3 100 3248523 0.002276083
111 121 3 100 54002 0.002295116
19 33 3 100 1822599 0.002300901
105 120 3 100 100401 0.002301204
39 3 3 100 3623 0.002310724
25 126 3 100 47974 0.002317290
23 90 3 100 1429141 0.002353666
1 103 3 100 50079 0.002379086
28 55 3 100 7717288 0.002391343
8 91 3 100 3125905 0.002395013
59 33 3 100 1444921 0.002402719
45 25 3 100 75960 0.002423853
96 19 3 100 3457 0.002428728
114 18 3 100 16061966 0.002470969
82 126 3 100 14451 0.002492879
62 54 3 100 7016 0.002504199
47 121 3 100 2325 0.002533265
108 1 3 100 500238 0.002538052
56 30 3 100 39098 0.002551801
43 114 3 100 62134 0.002567458
127 14 3 100 3184667 0.002602367
5 102 3 100 5336 0.002620166
108 93 3 100 368230 0.002622035
34 69 3 100 8290401 0.002638121
80 98 3 100 2613449 0.002646522
23 74 3 100 66881 0.002665190
10 55 3 100 57249 0.002680533
3 79 3 100 4426 0.002693956
83 66 3 100 58435 0.002697418
81 38 3 100 199559 0.002715270
52 93 3 100 57786 0.002723919
1 100 3 100 32383 0.002737530
109 120 3 100 1406362 0.002836979
42 20 3 100 918317 0.002854008
80 54 3 100 1491641 0.002863589
25 110 3 100 14619 0.002865752
80 13 3 100 1701443 0.002871440
97 18 3 100 8170438 0.002884387
23 28 3 100 4883 0.002885384
86 35 3 100 8848 0.002890860
3 60 3 100 4789 0.002950147
98 62 3 100 27208 0.002998024
84 121 3 100 413 0.003005465
7 3 3 100 27046 0.003046126
64 19 3 100 5510091 0.003048833
46 63 3 100 5826073 0.003052276
45 43 3 100 170140 0.003070458
77 102 3 100 32946 0.003082443
26 6 3 100 4928 0.003101516
77 96 3 100 78188 0.003101909
31 13 3 100 32963 0.003105695
121 6 3 100 5776265 0.003105901
35 48 3 100 52250 0.003201389
126 48 3 100 6614 0.003206576
118 35 3 100 4270 0.003213124
31 55 3 100 555629 0.003220774
16 49 3 100 24310 0.003248003
51 88 3 100 7775 0.003263452
12 66 3 100 72111 0.003278768
23 20 3 100 46609 0.003286220
104 94 3 100 43751 0.003305805
45 127 3 100 43205 0.003315389
6 1 3 100 21578 0.003319558
114 90 3 100 60570 0.003320267
111 127 3 100 6676 0.003333836
105 53 3 100 7609 0.003360894
87 96 3 100 1545 0.003361123
17 76 3 100 42065 0.003377745
126 97 3 100 856026 0.003403293
36 25 3 100 7297456 0.003405125
15 125 3 100 49349 0.003412625
118 85 3 100 67467 0.003445325
79 58 3 100 51799 0.003488644
103 42 3 100 21845 0.003490531
43 49 3 100 2453993 0.003491564
58 34 3 100 34274 0.003500084
90 4 3 100 17796 0.003519372
15 112 3 100 10500 0.003592165
46 25 3 100 1389018 0.003599047
59 27 3 100 64740 0.003602095
77 38 3 100 4672 0.003605450
126 16 3 100 7497 0.003618408
15 122 3 100 3192540 0.003623382
3 40 3 100 72230 0.003645151
51 1 3 100 15787 0.003657906
17 46 3 100 12798 0.003662758
101 41 3 100 17818 0.003705128
80 45 3 100 9070 0.003712480
81 48 3 100 3037 0.003724618
4 61 3 100 7400758 0.003746956
127 114 3 100 7917104 0.003756788
51 89 3 100 47828 0.003763529
12 119 3 100 2660665 0.003780384
97 75 3 100 16274 0.003790468
119 81 3 100 60058 0.003806160
75 116 3 100 1977581 0.003812314
16 86 3 100 76834 0.003822143
16 82 3 100 165377 0.003851272
82 76 3 100 3507275 0.003873552
95 111 3 100 192113 0.003873862
96 90 3 100 27293 0.003877619
83 27 3 100 729528 0.003883146
38 3 3 100 23503 0.003885986
84 125 3 100 9171 0.003962630
69 77 3 100 58439 0.003986887
19 90 3 100 30358 0.004013535
113 30 3 100 21127 0.004072916
107 100 3 100 47368 0.004080760
58 5 3 100 187021 0.004108914
19 100 3 100 26938 0.004112533
67 0 3 100 46899 0.004133883
82 109 3 100 10784560 0.004151208
81 33 3 100 26633 0.004154298
86 107 3 100 5555 0.004159317
29 119 3 100 38038 0.004197825
78 63 3 100 11701 0.004219323
48 32 3 100 71858 0.004235179
88 118 3 100 11620 0.004236983
57 126 3 100 34838 0.004245800
65 104 3 100 8371 0.004297573
79 55 3 100 6594826 0.004329204
111 83 3 100 51029 0.004348558
46 24 3 100 22563 0.004351548
33 108 3 100 1971 0.004357753
15 62 3 100 55180 0.004381272
31 118 3 100 2979159 0.004400198
113 79 3 100 392181 0.004413762
100 63 3 100 718136 0.004441826
118 17 3 100 168607 0.004482280
56 92 3 100 214025 0.004517080
78 7 3 100 24087541 0.004552883
92 89 3 100 4081 0.004574851
53 36 3 100 4281532 0.004576734
7 39 3 100 29342 0.004595545
127 9 3 100 471478 0.004600199
111 103 3 100 2189 0.004617277
77 107 3 100 912559 0.004646193
58 63 3 100 61511 0.004656843
109 12 3 100 958703 0.004679113
28 120 3 100 384482 0.004705112
63 76 3 100 31310 0.004721024
120 107 3 100 8699757 0.004744143
78 119 3 100 9627 0.004767275
42 121 3 100 8443 0.004782392
27 46 3 100 28382 0.004789805
22 85 3 100 1515385 0.004800795
88 18 3 100 9889756 0.004824851
90 97 3 100 1491920 0.004851672
97 86 3 100 1785403 0.004859118
122 8 3 100 1973918 0.004884814
36 1 3 100 34563 0.004888239
12 35 3 100 1998162 0.004929836
33 11 3 100 116225 0.004961764
76 66 3 100 4100226 0.004966095
22 45 3 100 1081751 0.004966662
22 24 3 100 46599 0.005002316
28 0 3 100 24089 0.005008124
65 105 3 100 9748116 0.005040692
107 23 3 100 27256 0.005041587
20 84 3 100 8276930 0.005046625
12 110 3 100 6739 0.005101460
70 112 3 100 492690 0.005133056
33 54 3 100 8161667 0.005142736
0 89 3 100 6628 0.005151820
80 6 3 100 71616 0.005170178
95 20 3 100 19586 0.005180638
54 94 3 100 1433140 0.005211855
11 63 3 100 38970 0.005225302
87 22 3 100 8242393 0.005228672
10 118 3 100 429321 0.005234429
65 125 3 100 29640191 0.005238283
114 50 3 100 37332 0.005297378
46 103 3 100 15187 0.005310932
70 42 3 100 163161 0.005323857
5 95 3 100 1335450 0.005332029
95 11 3 100 9808 0.005353412
72 70 3 100 50301 0.005354762
59 97 3 100 27186 0.005369872
91 44 3 100 3366 0.005376654
65 19 3 100 10513 0.005397942
1 0 3 100 2867410 0.005417115
88 64 3 100 12394 0.005434198
76 69 3 100 23884 0.005437751
50 31 3 100 7226403 0.005465982
79 16 3 100 28130 0.005491539
126 55 3 100 7756721 0.005499564
114 97 3 100 61113 0.005505523
104 119 3 100 903 0.005541658
9 106 3 100 3193942 0.005550404
116 65 3 100 9176 0.005579924
47 83 3 100 4690566 0.005604020
9 69 3 100 91433 0.005625804
48 81 3 100 1459717 0.005654795
10 12 3 100 10910 0.005676038
42 72 3 100 456064 0.005695819
45 40 3 100 641856 0.005698804
44 53 3 100 7103 0.005699753
72 101 3 100 1739486 0.005706813
35 17 3 100 4514805 0.005725861
61 94 3 100 39786 0.005727835
77 11 3 100 49375 0.005749449
127 68 3 100 1751039 0.005758115
101 125 3 100 1656668 0.005762706
95 3 3 100 554476 0.005767275
109 79 3 100 6158 0.005776748
127 98 3 100 2611244 0.005780406
115 126 3 100 47456 0.005785634
59 85 3 100 1170179 0.005787155
9 34 3 100 37553 0.005792472
14 29 3 100 3782644 0.005796813
95 32 3 100 1683184 0.005821103
43 69 3 100 1833812 0.005850762
12 19 3 100 53479 0.005866658
2 86 3 100 33385 0.005873142
5 16 3 100 25246 0.005914615
11 76 3 100 31039 0.005918868
23 2 3 100 13980475 0.005919483
63 61 3 100 1659363 0.005925666
118 115 3 100 3920781 0.005930060
109 123 3 100 2573854 0.005936037
25 45 3 100 8971 0.005956909
45 55 3 100 20699299 0.006002596
118 41 3 100 115033 0.006004590
97 39 3 100 142549 0.006057921
57 82 3 100 2305 0.006067088
33 85 3 100 1587028 0.006075987
104 70 3 100 19257 0.006097211
16 104 3 100 3034310 0.006111371
73 32 3 100 4643 0.006123579
86 80 3 100 18210 0.006202653
73 126 3 100 35896 0.006238665
91 68 3 100 409400 0.006256500
22 17 3 100 2089 0.006258985
123 22 3 100 24291137 0.006259923
75 15 3 100 7535 0.006262455
72 11 3 100 1959694 0.006262816
115 63 3 100 69229 0.006288842
98 109 3 100 3761513 0.006292532
96 55 3 100 50545 0.006307174
68 45 3 100 253911 0.006323167
69 47 3 100 841172 0.006331494
11 116 3 100 135846 0.006353388
7 53 3 100 3563618 0.006355319
1 24 3 100 5468 0.006377283
119 123 3 100 16103 0.006378174
117 25 3 100 4555 0.006389911
16 78 3 100 10188 0.006406925
10 108 3 100 22122 0.006413440
77 56 3 100 23107 0.006432106
46 81 3 100 74208 0.006447499
76 33 3 100 67271 0.006459905
109 115 3 100 26206 0.006468137
116 105 3 100 22874 0.006483940
81 38 3 100 179415 0.006506704
53 51 3 100 483841 0.006522367
42 14 3 100 2940633 0.006556403
107 118 3 100 25284 0.006560794
76 41 3 100 7553356 0.006561956
81 62 3 100 780644 0.006584900
56 17 3 100 67475 0.006607870
3 50 3 100 2408794 0.006622788
42 96 3 100 1659359 0.006645271
49 48 3 100 28282 0.006696015
126 62 3 100 7268 0.006703999
36 103 3 100 53415 0.006725881
7 31 3 100 8271674 0.006752362
73 91 3 100 8391971 0.006752706
74 111 3 100 989762 0.006771420
69 2 3 100 140369 0.006793971
99 43 3 100 57418 0.006800757
2 87 3 100 22456 0.006858398
60 31 3 100 87426 0.006868131
102 104 3 100 44177 0.006877243
43 85 3 100 1378658 0.006891609
53 16 3 100 20717855 0.006896660
100 95 3 100 1556 0.006939802
17 71 3 100 101127 0.006964783
62 32 3 100 131814 0.006965797
90 68 3 100 3036476 0.007026267
83 21 3 100 64661 0.007035305
97 65 3 100 61238 0.007056246
101 15 3 100 3345291 0.007072521
113 82 3 100 28767 0.007096977
115 105 3 100 67726 0.007101467
124 32 3 100 762533 0.007102095
91 66 3 100 7249088 0.007106991
68 7 3 100 9059 0.007108646
90 49 3 100 485765 0.007139314
66 14 3 100 1400241 0.007180393
23 127 3 100 1547352 0.007189967
28 78 3 100 96294 0.007219644
88 80 3 100 3843537 0.007264648
1 87 3 100 623937 0.007283652
23 96 3 100 44865 0.007284662
69 15 3 100 50064 0.007289363
18 46 3 100 21773008 0.007299050
106 111 3 100 27557 0.007308184
72 55 3 100 547051 0.007327328
103 78 3 100 3221 0.007330795
51 121 3 100 68358 0.007337891
51 89 3 100 914547 0.007340876
71 105 3 100 5206 0.007365050
51 43 3 100 59007 0.007378904
104 54 3 100 235149 0.007387721
72 21 3 100 4734230 0.007393101
76 107 3 100 78321 0.007393887
55 10 3 100 2101761 0.007395613
36 122 3 100 59824 0.007492429
108 13 3 100 27968 0.007492450
74 62 3 100 12269 0.007501141
97 96 3 100 18334 0.007517866
126 46 3 100 29575 0.007571928
18 84 3 100 693560 0.007574073
15 126 3 100 28140 0.007590699
122 30 3 100 14937051 0.007594436
30 43 3 100 493 0.007629150
95 73 3 100 1655992 0.007646488
114 49 3 100 70945 0.007653223
76 59 3 100 575 0.007678184
103 125 3 100 74443 0.007713204
18 82 3 100 1466713 0.007731686
106 120 3 100 5193999 0.007734403
67 55 3 100 3742931 0.007754595
99 119 3 100 1539155 0.007759937
34 22 3 100 503201 0.007763407
77 48 3 100 9920 0.007771520
57 118 3 100 27690 0.007772334
15 98 3 100 20936 0.007785183
91 54 3 100 61075 0.007846702
19 83 3 100 25462 0.007859293
103 125 3 100 4985719 0.007885294
73 23 3 100 1514913 0.007892634
20 89 3 100 116007 0.007929941
97 50 3 100 2302359 0.007971033
84 22 3 100 72034 0.007996709
122 70 3 100 173001 0.008007552
117 102 3 100 35358 0.008014403
125 108 3 100 134707 0.008024538
32 23 3 100 4379499 0.008025422
124 119 3 100 11051145 0.008040027
19 0 3 100 4853 0.008057143
92 15 3 100 5507280 0.008071021
29 54 3 100 53054 0.008137567
87 26 3 100 138259 0.008143497
23 112 3 100 5890015 0.008145388
104 92 3 100 64655 0.008196257
46 109 3 100 398949 0.008234545
90 25 3 100 4597434 0.008267445
46 77 3 100 26624 0.008299219
111 49 3 100 634729 0.008302104
106 65 3 100 25184 0.008305223
71 57 3 100 3194095 0.008309056
0 95 3 100 20579 0.008318098
66 55 3 100 52330 0.008326993
76 33 3 100 1174350 0.008350010
59 41 3 100 4114 0.008376439
109 74 3 100 22840 0.008399341
120 102 3 100 12130 0.008454361
46 114 3 100 21964 0.008460244
104 116 3 100 1939302 0.008467400
19 68 3 100 1144943 0.008471837
35 110 3 100 48798 0.008481393
111 121 3 100 3631365 0.008488676
50 33 3 100 727222 0.008495414
100 27 3 100 894261 0.008524461
98 44 3 100 15541879 0.008577451
3 52 3 100 4927 0.008583076
101 120 3 100 7919 0.008593450
80 87 3 100 124484 0.008594694
123 41 3 100 13712 0.008622559
105 76 3 100 86834 0.008627503
116 124 3 100 72173 0.008661704
36 17 3 100 4560 0.008675974
120 83 3 100 5655 0.008676547
47 63 3 100 1818682 0.008692297
39 102 3 100 49536 0.008724931
30 24 3 100 2725009 0.008753025
104 97 3 100 12793543 0.008765078
29 65 3 100 105064 0.008766651
55 94 3 100 9458 0.008802901
19 43 3 100 59931 0.008823320
60 30 3 100 104034 0.008825096
65 79 3 100 91424 0.008862279
24 125 3 100 8224925 0.008864470
3 73 3 100 7162 0.008900841
118 103 3 100 59440 0.008924137
63 23 3 100 45589 0.008990174
11 49 3 100 69140 0.009028017
17 51 3 100 58757 0.009058640
34 112 3 100 1403356 0.009060457
4 77 3 100 1432033 0.009069359
92 107 3 100 22776 0.009076391
109 90 3 100 1265760 0.009087698
15 123 3 100 1551489 0.009106357
52 58 3 100 7227 0.009118664
118 69 3 100 7362 0.009124411
98 58 3 100 515897 0.009125883
23 89 3 100 596556 0.009177671
59 26 3 100 9022406 0.009195585
89 94 3 100 5092 0.009210141
61 115 3 100 271144 0.009240376
58 1 3 100 68991 0.009251714
24 36 3 100 2099436 0.009258544
101 27 3 100 27643 0.009259274
121 102 3 100 16559 0.009299147
20 70 3 100 15161 0.009299960
69 100 3 100 28793 0.009305216
25 119 3 100 28867 0.009332323
11 73 3 100 149597 0.009332811
13 107 3 100 250081 0.009344465
47 24 3 100 416420 0.009365955
32 46 3 100 611871 0.009424109
22 117 3 100 2012982 0.009436611
48 62 3 100 73700 0.009467727
122 44 3 100 18831 0.009468306
103 95 3 100 2988244 0.009494119
114 84 3 100 2228810 0.009515929
76 35 3 100 3799349 0.009567369
35 8 3 100 8601710 0.009617646
81 41 3 100 18871628 0.009638146
32 68 3 100 63740 0.009698315
35 59 3 100 8793 0.009717188
84 91 3 100 1199595 0.009731612
45 82 3 100 2814212 0.009740580
86 119 3 100 7736 0.009743205
51 72 3 100 13666 0.009753865
4 10 3 100 1889307 0.009770469
43 89 3 100 287806 0.009781547
103 95 3 100 77328 0.009801862
102 89 3 100 1445 0.009838143
40 77 3 100 4509092 0.009852909
71 4 3 100 24103 0.009854219
127 97 3 100 1687565 0.009862875
72 38 3 100 8039 0.009866093
80 24 3 100 584 0.009871041
63 30 3 100 48303 0.009882240
75 22 3 100 1092000 0.009885278
0 32 3 100 32160 0.009887988
118 89 3 100 2603 0.009889290
88 5 3 100 24868 0.009901617
33 87 3 100 4429823 0.009906720
94 16 3 100 1641044 0.009911200
66 96 3 100 36766 0.009923253
15 78 3 100 2675 0.009960581
87 71 3 100 503002 0.009964211
65 38 3 100 78167 0.009964541
18 101 3 100 6686812 0.009966793
13 124 3 100 21946902 0.010036576
50 27 3 100 2287149 0.010036842
45 54 3 100 60873 0.010048971
36 7 3 100 1070689 0.010058667
47 34 3 100 19403661 0.010063148
89 37 3 100 58604 0.010095024
42 2 3 100 147585 0.010099289
9 58 3 100 61629 0.010157442
30 49 3 100 7289 0.010162694
21 9 3 100 167715 0.010196663
50 1 3 100 8587848 0.010214960
47 60 3 100 41860 0.010220321
12 109 3 100 6529311 0.010229151
105 10 3 100 3959 0.010241337
59 54 3 100 1609332 0.010255543
50 113 3 100 380033 0.010264832
90 93 3 100 78559 0.010311882
65 87 3 100 15824 0.010321038
98 34 3 100 47382 0.010331522
111 44 3 100 61941 0.010395281
54 68 3 100 128555 0.010425070
32 21 3 100 64405 0.010474802
84 105 3 100 74027 0.010528182
46 100 3 100 6145 0.010529773
97 109 3 100 4606899 0.010574514
46 17 3 100 152003 0.010582262
112 114 3 100 2344 0.010599521
89 20 3 100 38690 0.010615476
35 22 3 100 75065 0.010617033
27 66 3 100 7296277 0.010635674
20 25 3 100 1450138 0.010643935
3 63 3 100 67909 0.010649767
77 52 3 100 14605 0.010662042
126 113 3 100 1549313 0.010666688
96 51 3 100 1279682 0.010670147
122 106 3 100 392588 0.010690689
49 41 3 100 18189 0.010696560
44 8 3 100 9475 0.010697026
121 4 3 100 4234381 0.010705944
125 119 3 100 62648 0.010721629
18 84 3 100 179525 0.010728205
83 1 3 100 61303 0.010744201
11 85 3 100 25264 0.010757466
109 101 3 100 7518989 0.010825496
112 36 3 100 9682800 0.010841519
124 15 3 100 18079 0.010897489
109 3 3 100 73637 0.010917007
119 108 3 100 164806 0.010923383
20 124 3 100 31446 0.010925703
34 99 3 100 479302 0.010928562
54 3 3 100 96721 0.010929543
45 9 3 100 52413 0.010993455
18 103 3 100 10814 0.010993953
50 109 3 100 103 0.011025709
50 55 3 100 1280727 0.011036111
18 44 3 100 19533 0.011066674
55 35 3 100 24527 0.011068861
25 120 3 100 35527 0.011076087
122 115 3 100 29090951 0.011086749
36 81 3 100 56172 0.011108149
0 21 3 100 3024350 0.011138823
94 47 3 100 987319 0.011146280
121 61 3 100 73632 0.011165343
126 36 3 100 1253 0.011188736
118 106 3 100 10181 0.011252362
48 88 3 100 29216 0.011263738
102 31 3 100 8835 0.011272743
125 100 3 100 71424 0.011291180
27 97 3 100 24387 0.011308138
92 116 3 100 9004 0.011332719
1 103 3 100 29956 0.011359827
36 80 3 100 1823 0.011371458
36 90 3 100 51338 0.011374431
21 30 3 100 2682 0.011415030
6 48 3 100 20881 0.011440224
98 22 3 100 573569 0.011444282
0 53 3 100 3885633 0.011452877
75 41 3 100 16501534 0.011458071
21 84 3 100 10584 0.011459536
102 5 3 100 160185 0.011471492
100 87 3 100 2127263 0.011487349
60 7 3 100 7656 0.011488885
7 95 3 100 2719364 0.011502961
52 97 3 100 3942708 0.011526114
104 94 3 100 171 0.011530804
86 47 3 100 118167 0.011532146
120 14 3 100 33896 0.011561496
12 56 3 100 6183 0.011565960
78 111 3 100 37053 0.011569705
18 23 3 100 3210 0.011588802
67 71 3 100 25096 0.011599084
23 14 3 100 7462 0.011601999
117 105 3 100 69655 0.011683129
47 5 3 100 4238 0.011742190
121 116 3 100 73527 0.011744308
110 49 3 100 1587882 0.011759657
40 118 3 100 6905 0.011764026
12 104 3 100 4499 0.011767323
83 80 3 100 42871 0.011785888
63 115 3 100 7314 0.011800134
77 13 3 100 23651 0.011801112
115 16 3 100 556436 0.011811082
43 34 3 100 1616029 0.011828095
32 127 3 100 174995 0.011848219
44 48 3 100 17444852 0.011860772
39 120 3 100 7948 0.011889656
83 116 3 100 967228 0.011916991
68 117 3 100 115822 0.011946721
102 108 3 100 1043209 0.011963638
93 64 3 100 793298 0.011984756
101 4 3 100 22415 0.011991609
9 0 3 100 1978710 0.011999689
17 108 3 100 2230891 0.012013636
13 69 3 100 72975 0.012026645
100 97 3 100 17492418 0.012035815
68 93 3 100 1713772 0.012037505
119 22 3 100 47887 0.012041780
100 44 3 100 2415 0.012046854
52 99 3 100 801038 0.012057484
72 115 3 100 22564 0.012058602
6 114 3 100 3206 0.012067547
62 122 3 100 375356 0.012080597
37 60 3 100 29539 0.012088738
4 39 3 100 1098 0.012105812
97 66 3 100 25728 0.012118808
114 47 3 100 1470 0.012123529
103 20 3 100 35508 0.012145756
35 5 3 100 1289091 0.012146286
96 18 3 100 3737139 0.012155765
11 2 3 100 4537326 0.012155875
55 75 3 100 42181 0.012161033
103 9 3 100 74873 0.012175701
17 72 3 100 425605 0.012186779
125 101 3 100 4025299 0.012208023
30 90 3 100 215620 0.012258802
28 34 3 100 8127 0.012259080
52 10 3 100 48220 0.012279464
41 107 3 100 3313 0.012297647
124 67 3 100 26932 0.012304035
57 5 3 100 9223155 0.012311195
8 108 3 100 1300628 0.012331369
92 51 3 100 146447 0.012343682
89 51 3 100 45079 0.012358937
4 108 3 100 7482727 0.012359400
95 6 3 100 7833 0.012374046
43 45 3 100 4197020 0.012383244
12 38 3 100 4389709 0.012392935
85 8 3 100 9463 0.012393752
46 58 3 100 12688122 0.012405261
47 3 3 100 868 0.012424835
3 95 3 100 44588 0.012431333
116 47 3 100 18582504 0.012439139
37 66 3 100 56125 0.012474892
124 26 3 100 27304 0.012507612
45 31 3 100 5784 0.012562798
110 18 3 100 30309 0.012563713
86 41 3 100 2173337 0.012603307
79 99 3 100 3298377 0.012625890
113 67 3 100 391744 0.012638651
124 56 3 100 7679 0.012640943
69 81 3 100 68244 0.012684537
121 52 3 100 67477 0.012691489
24 96 3 100 25817 0.012697112
40 106 3 100 22259519 0.012703675
40 122 3 100 4860 0.012704631
125 19 3 100 183331 0.012728359
1 117 3 100 564 0.012731419
95 53 3 100 56 0.012738715
96 75 3 100 4382372 0.012743244
122 48 3 100 166912 0.012746967
42 69 3 100 6193394 0.012756176
91 11 3 100 3254 0.012827978
109 24 3 100 4247959 0.012847968
84 52 3 100 6876014 0.012851302
93 96 3 100 6603 0.012860470
37 93 3 100 4030340 0.012900536
8 10 3 100 697623 0.012909142
119 11 3 100 58757 0.012932078
26 77 3 100 12849 0.012938639
124 68 3 100 6292 0.012941257
127 58 3 100 1652 0.012943444
52 105 3 100 1191886 0.012958239
93 83 3 100 4804068 0.012977465
24 45 3 100 432592 0.013043654
99 18 3 100 1816573 0.013049619
69 52 3 100 65463 0.013050042
93 50 3 100 4960877 0.013080417
13 94 3 100 2161 0.013093932
121 71 3 100 762757 0.013101132
95 104 3 100 4228 0.013152037
103 9 3 100 75870 0.013158443
87 79 3 100 51180 0.013162760
36 72 3 100 7405049 0.013189752
29 114 3 100 1215427 0.013192840
93 80 3 100 15023 0.013209048
22 25 3 100 59679 0.013210613
113 106 3 100 50919 0.013235322
65 8 3 100 35519 0.013274728
116 113 3 100 55324 0.013287363
5 49 3 100 762766 0.013293599
105 48 3 100 133657 0.013325510
84 78 3 100 2919967 0.013365725
109 32 3 100 1467534 0.013367888
99 43 3 100 4881616 0.013380471
39 50 3 100 8793946 0.013397891
97 108 3 100 57441 0.013408870
101 81 3 100 2635959 0.013425806
48 80 3 100 709927 0.013431589
81 7 3 100 26693593 0.013512742
92 42 3 100 3553 0.013520386
93 74 3 100 1969 0.013524891
45 67 3 100 24908 0.013525499
86 83 3 100 5397 0.013563407
5 29 3 100 479339 0.013563484
35 88 3 100 4684556 0.013564016
115 111 3 100 1590435 0.013586457
5 90 3 100 2003 0.013591556
107 60 3 100 2816544 0.013593007
92 69 3 100 12036 0.013596436
111 4 3 100 2990 0.013598425
99 52 3 100 40835 0.013640397
72 21 3 100 45593 0.013643139
13 104 3 100 1272060 0.013643161
19 35 3 100 16003 0.013668780
74 121 3 100 65644 0.013700194
81 28 3 100 7753603 0.013740880
62 56 3 100 32477 0.013756445
5 102 3 100 2325 0.013809429
99 41 3 100 2105 0.013813831
38 54 3 100 47551 0.013832771
127 52 3 100 25464 0.013850960
28 96 3 100 2134 0.013872231
13 82 3 100 42289 0.013878304
61 27 3 100 29912 0.013878529
90 65 3 100 159178 0.013880861
25 34 3 100 25858 0.013881880
14 67 3 100 19832680 0.013884815
43 77 3 100 5625 0.013889939
24 90 3 100 1285651 0.013909418
19 85 3 100 20065 0.014019818
6 42 3 100 6787 0.014030663
42 77 3 100 4276567 0.014031617
98 38 3 100 70647 0.014034886
36 74 3 100 25601 0.014059865
96 95 3 100 502807 0.014085070
79 103 3 100 9021798 0.014107564
104 54 3 100 774735 0.014113158
105 91 3 100 49506 0.014147471
73 126 3 100 40830 0.014179808
51 107 3 100 55544 0.014189568
94 86 3 100 833982 0.014194274
112 92 3 100 9913642 0.014202102
61 91 3 100 20479 0.014206216
5 24 3 100 24120 0.014225414
73 68 3 100 113019 0.014226904
38 9 3 100 11315 0.014270054
42 107 3 100 23936 0.014276128
49 95 3 100 633119 0.014308460
69 37 3 100 20393998 0.014326649
15 78 3 100 3142209 0.014344243
55 124 3 100 24148 0.014354290
52 79 3 100 11688 0.014369048
125 121 3 100 22177 0.014369256
9 65 3 100 1574420 0.014383992
83 90 3 100 61865 0.014414409
71 54 3 100 1164096 0.014427540
8 88 3 100 601331 0.014441474
70 110 3 100 4974783 0.014444477
79 77 3 100 3509241 0.014449701
91 48 3 100 733089 0.014487496
6 70 3 100 970480 0.014502802
47 53 3 100 1674 0.014510913
95 104 3 100 20409 0.014513761
76 3 3 100 35059 0.014534779
113 25 3 100 15633 0.014542904
56 34 3 100 1423736 0.014595031
21 26 3 100 15973 0.014601999
116 65 3 100 4851970 0.014629355
81 77 3 100 5685708 0.014644505
77 67 3 100 716928 0.014655716
91 113 3 100 5372 0.014713009
67 58 3 100 724320 0.014751939
79 36 3 100 360 0.014767226
2 24 3 100 2530562 0.014786023
26 29 3 100 2994091 0.014807350
73 20 3 100 1733619 0.014852454
59 10 3 100 494425 0.014861780
56 127 3 100 13705 0.014898051
93 61 3 100 58625 0.014916756
2 39 3 100 32155 0.014919630
34 56 3 100 4209 0.014930757
58 105 3 100 6686 0.014943284
5 60 3 100 153283 0.014950475
46 13 3 100 102900 0.014953605
83 17 3 100 869275 0.014976892
95 86 3 100 819030 0.014991424
43 41 3 100 1783934 0.015014856
116 96 3 100 20924 0.015024703
114 2 3 100 44718 0.015042949
4 103 3 100 964105 0.015097273
39 13 3 100 728737 0.015122153
115 51 3 100 500467 0.015139093
118 18 3 100 1572241 0.015200151
105 4 3 100 42974 0.015211530
15 103 3 100 62323 0.015240998
104 68 3 100 38938 0.015258667
7 90 3 100 45378 0.015263862
23 107 3 100 37510 0.015265877
92 35 3 100 58981 0.015270845
24 18 3 100 3475508 0.015305700
51 69 3 100 2173 0.015355479
92 102 3 100 6174179 0.015366683
23 19 3 100 30896 0.015405912
30 77 3 100 39521 0.015407015
100 32 3 100 355 0.015415802
123 16 3 100 3482584 0.015454597
28 95 3 100 3011855 0.015530505
51 59 3 100 54449 0.015536638
33 82 3 100 9049563 0.015562663
118 41 3 100 483496 0.015595629
109 104 3 100 27894 0.015623068
94 74 3 100 67165 0.015625829
25 100 3 100 9083 0.015647687
76 80 3 100 65482 0.015674441
91 55 3 100 1862914 0.015728574
38 73 3 100 60734 0.015746597
96 75 3 100 153775 0.015802676
71 99 3 100 60556 0.015804950
107 69 3 100 3681696 0.015818590
89 13 3 100 2154257 0.015827710
88 110 3 100 4677613 0.015870987
62 28 3 100 22686 0.015878686
109 92 3 100 29414 0.015880178
78 109 3 100 1757949 0.015904042
71 35 3 100 35542 0.015913417
120 31 3 100 48368 0.015941202
85 125 3 100 22650 0.015965756
22 27 3 100 2131 0.015987924
77 0 3 100 25369 0.016029858
84 23 3 100 9329454 0.016043448
101 33 3 100 34127 0.016057636
21 82 3 100 76406 0.016074386
75 41 3 100 25608565 0.016077262
119 8 3 100 72990 0.016081535
66 109 3 100 189757 0.016140875
55 31 3 100 8964965 0.016156505
42 40 3 100 47860 0.016161805
41 20 3 100 574962 0.016165195
71 119 3 100 946213 0.016180349
84 45 3 100 26191 0.016187655
6 113 3 100 4865763 0.016192298
38 18 3 100 24641 0.016225742
95 50 3 100 41221 0.016240232
106 94 3 100 26380434 0.016255362
119 81 3 100 9028 0.016277646
77 17 3 100 29113 0.016283373
45 110 3 100 694966 0.016283961
107 22 3 100 20546 0.016313307
22 58 3 100 52920 0.016330004
94 69 3 100 22649 0.016334637
67 3 3 100 952754 0.016341475
28 38 3 100 961 0.016344407
2 6 3 100 1457468 0.016349346
61 91 3 100 92897 0.016359015
26 79 3 100 22251 0.016368079
112 116 3 100 3632217 0.016374323
106 1 3 100 45100 0.016376776
20 31 3 100 1548857 0.016401403
96 92 3 100 65794 0.016404587
79 54 3 100 8113 0.016414653
67 56 3 100 1750947 0.016420690
23 107 3 100 27421 0.016458242
55 127 3 100 10385 0.016492559
106 110 3 100 60955 0.016493956
59 39 3 100 122643 0.016501633
116 120 3 100 403608 0.016504697
111 22 3 100 76486 0.016509629
89 5 3 100 25601 0.016514888
107 10 3 100 6294 0.016525608
44 52 3 100 3774 0.016537188
21 14 3 100 16691 0.016600593
48 114 3 100 20775 0.016605028
6 75 3 100 27423 0.016612360
71 2 3 100 9320 0.016628814
119 35 3 100 31193 0.016661586
44 11 3 100 7982 0.016681129
50 79 3 100 17101 0.016703131
27 73 3 100 37626 0.016715563
7 46 3 100 48745 0.016721973
53 28 3 100 2226737 0.016726615
119 62 3 100 54886 0.016750628
29 89 3 100 79855 0.016768794
35 69 3 100 4190 0.016776887
78 125 3 100 200454 0.016819642
57 41 3 100 75664 0.016849991
47 15 3 100 30054 0.016851072
120 84 3 100 4596 0.016858125
78 53 3 100 18946 0.016867373
96 118 3 100 61679 0.016872704
96 122 3 100 22580 0.016883981
99 29 3 100 75720 0.016897257
58 107 3 100 75996 0.016917787
62 71 3 100 6302 0.016933496
82 49 3 100 33693 0.016937143
90 38 3 100 58299 0.016988978
122 11 3 100 5823 0.017004008
78 27 3 100 3308 0.017012418
88 98 3 100 21927 0.017016117
112 6 3 100 3316082 0.017030487
76 105 3 100 28399 0.017035913
5 10 3 100 1089326 0.017071012
1 100 3 100 157930 0.017091730
1 125 3 100 48771 0.017093637
0 125 3 100 40297 0.017104272
117 3 3 100 7825 0.017163891
106 110 3 100 3538797 0.017168424
88 114 3 100 7985596 0.017212724
85 69 3 100 9334347 0.017214394
39 35 3 100 8249 0.017224009
42 10 3 100 4249 0.017258497
4 15 3 100 5029 0.017265923
98 103 3 100 48225 0.017282506
49 107 3 100 8828 0.017290112
90 82 3 100 10522 0.017301107
114 81 3 100 9723 0.017337206
15 39 3 100 1609016 0.017347426
79 116 3 100 7640932 0.017354479
0 29 3 100 48821 0.017361705
78 37 3 100 28455 0.017364061
64 114 3 100 26708 0.017375075
89 41 3 100 17789 0.017383953
51 124 3 100 82080 0.017402244
101 85 3 100 49831 0.017488451
6 108 3 100 99416 0.017490144
27 6 3 100 346212 0.017515076
63 74 3 100 27335 0.017558096
49 54 3 100 3732 0.017570139
121 97 3 100 11580 0.017576574
111 60 3 100 169523 0.017579568
55 56 3 100 25420 0.017598998
125 42 3 100 20616 0.017604583
38 108 3 100 42441 0.017614523
89 115 3 100 1650661 0.017638766
111 62 3 100 27562432 0.017693497
66 73 3 100 4915882 0.017718137
88 122 3 100 5982702 0.017726205
71 83 3 100 6070223 0.017734333
125 107 3 100 116461 0.017734489
82 125 3 100 182158 0.017740941
81 97 3 100 17796 0.017744933
43 45 3 100 6470 0.017772896
34 31 3 100 378880 0.017787661
51 82 3 100 744679 0.017800722
49 106 3 100 35519 0.017807462
46 14 3 100 19744074 0.017810500
1 62 3 100 53659 0.017814986
103 91 3 100 15613 0.017827785
60 117 3 100 190167 0.017931172
32 95 3 100 38382 0.017953425
12 114 3 100 6944 0.017974702
51 120 3 100 8505 0.017990423
52 6 3 100 98045 0.017996364
9 126 3 100 779836 0.018004370
8 44 3 100 388993 0.018015511
18 78 3 100 22838 0.018035202
101 58 3 100 33517 0.018046414
31 60 3 100 22811 0.018052132
124 97 3 100 60634 0.018067459
37 77 3 100 8767 0.018083433
106 72 3 100 13389202 0.018121685
38 19 3 100 27343 0.018141967
76 101 3 100 1528764 0.018157286
68 115 3 100 27351 0.018199288
124 109 3 100 1027 0.018210155
1 81 3 100 2542057 0.018215874
76 21 3 100 152433 0.018224309
107 77 3 100 540259 0.018238549
85 118 3 100 1084080 0.018265340
63 118 3 100 2159929 0.018289751
57 78 3 100 2207753 0.018349704
28 11 3 100 3792380 0.018358316
113 23 3 100 708532 0.018364413
40 69 3 100 8709 0.018366024
71 57 3 100 3118528 0.018377625
70 89 3 100 63904 0.018403861
55 118 3 100 35317 0.018416071
32 28 3 100 3921668 0.018418031
32 15 3 100 16360 0.018444713
100 5 3 100 4896977 0.018452513
117 84 3 100 490693 0.018501578
14 88 3 100 4149604 0.018509406
47 11 3 100 21971 0.018512077
35 8 3 100 3705188 0.018519074
44 34 3 100 2470561 0.018579020
105 95 3 100 28952 0.018580895
127 124 3 100 34925 0.018581598
29 37 3 100 75516 0.018584544
62 76 3 100 1752547 0.018601227
64 75 3 100 7145 0.018620078
114 6 3 100 5540 0.018642676
118 90 3 100 67342 0.018701570
23 94 3 100 53290 0.018716277
93 92 3 100 878191 0.018733891
98 75 3 100 1927976 0.018750030
100 75 3 100 66869 0.018770782
25 52 3 100 7034 0.018782401
91 64 3 100 68961 0.018786533
8 105 3 100 618877 0.018812085
24 55 3 100 75190 0.018817602
68 32 3 100 37715 0.018822487
85 124 3 100 3523590 0.018825061
93 56 3 100 25912662 0.018831286
0 39 3 100 21431 0.018847709
98 60 3 100 8621039 0.018850829
43 90 3 100 171814 0.018864925
3 38 3 100 657488 0.018874548
37 57 3 100 22364 0.018917951
43 23 3 100 54574 0.018939279
2 49 3 100 48767 0.018965235
2 106 3 100 1630158 0.018979865
116 124 3 100 29266 0.018984477
9 51 3 100 3184335 0.018997536
89 96 3 100 24747 0.019004214
86 26 3 100 55112 0.019047913
87 8 3 100 4640867 0.019047989
68 91 3 100 24794 0.019066496
30 23 3 100 9677 0.019067046
66 58 3 100 20916 0.019098810
78 48 3 100 6403478 0.019110548
106 27 3 100 1603250 0.019133867
17 81 3 100 810870 0.019178890
124 45 3 100 43977 0.019184810
32 7 3 100 24700 0.019190704
3 51 3 100 24242 0.019195500
26 64 3 100 21998 0.019200555
94 120 3 100 29658 0.019212721
15 97 3 100 917079 0.019223879
6 76 3 100 4004951 0.019241150
66 34 3 100 6734888 0.019254628
38 92 3 100 12744709 0.019258621
18 27 3 100 61429 0.019276561
61 70 3 100 6191 0.019330889
93 18 3 100 28662 0.019340773
59 123 3 100 3847057 0.019348952
25 28 3 100 5852546 0.019363583
88 4 3 100 1644 0.019365104
124 4 3 100 29664 0.019392168
64 102 3 100 27860 0.019416931
46 94 3 100 120010 0.019473836
32 20 3 100 9350 0.019480124
50 49 3 100 25937 0.019522688
120 51 3 100 50574 0.019525046
19 9 3 100 43433 0.019533660
1 22 3 100 4178298 0.019539206
35 65 3 100 124804 0.019559802
19 2 3 100 845473 0.019566173
52 38 3 100 22731 0.019566174
106 105 3 100 43612 0.019567205
43 90 3 100 7757184 0.019568682
61 111 3 100 253896 0.019574805
109 13 3 100 4077 0.019606578
48 116 3 100 32211 0.019617006
72 14 3 100 50453 0.019620644
27 86 3 100 4996 0.019662165
73 57 3 100 104944 0.019727261
33 83 3 100 78733 0.019734438
2 48 3 100 44586 0.019741982
60 79 3 100 1398579 0.019754499
70 9 3 100 340005 0.019758449
104 52 3 100 4238330 0.019774014
64 60 3 100 41296 0.019776471
99 89 3 100 92325 0.019783239
119 62 3 100 5063743 0.019791315
65 33 3 100 2170541 0.019800467
91 16 3 100 417140 0.019829525
75 92 3 100 430437 0.019837330
102 11 3 100 524982 0.019848295
24 38 3 100 3475774 0.019857704
109 1 3 100 1141600 0.019901170
11 53 3 100 9521 0.019906121
89 72 3 100 6941781 0.019983592
117 13 3 100 27457928 0.019987025
90 8 3 100 17529 0.020014820
20 51 3 100 2678458 0.020049884
17 21 3 100 829535 0.020053949
118 0 3 100 2609193 0.020060716
104 35 3 100 936393 0.020066392
89 38 3 100 59344 0.020091452
82 24 3 100 1324736 0.020180425
48 75 3 100 61283 0.020184278
116 19 3 100 3503925 0.020185459
90 55 3 100 852239 0.020196448
12 67 3 100 9989545 0.020213368
109 126 3 100 159872 0.020219097
11 42 3 100 5243671 0.020232558
57 106 3 100 3584332 0.020286265
3 27 3 100 61024 0.020321979
100 74 3 100 3078334 0.020340462
125 70 3 100 151426 0.020368509
46 105 3 100 7933 0.020405545
2 35 3 100 731193 0.020409213
23 38 3 100 68268 0.020435107
41 68 3 100 15086 0.020441846
68 47 3 100 1246694 0.020463329
93 103 3 100 2202731 0.020501391
41 80 3 100 56424 0.020516637
45 101 3 100 15181680 0.020517598
127 84 3 100 572467 0.020564404
56 43 3 100 629582 0.020580129
125 67 3 100 3960085 0.020595613
122 33 3 100 2314 0.020596027
8 16 3 100 1548263 0.020602790
102 5 3 100 172573 0.020605234
41 43 3 100 6281 0.020608325
126 97 3 100 60691 0.020612278
63 11 3 100 43237 0.020633458
48 91 3 100 2702217 0.020643228
50 84 3 100 159367 0.020663587
77 8 3 100 60193 0.020667183
76 35 3 100 377070 0.020684006
66 42 3 100 154737 0.020740011
126 105 3 100 66818 0.020775960
14 127 3 100 79338 0.020804604
66 32 3 100 135920 0.020824710
112 48 3 100 277705 0.020872278
22 24 3 100 35932 0.020885672
25 99 3 100 556 0.020914591
38 89 3 100 8908629 0.020949541
118 40 3 100 8737807 0.020950066
65 12 3 100 14828 0.020964468
41 120 3 100 445430 0.020981468
125 31 3 100 40406 0.020989732
127 113 3 100 10524 0.021028426
16 22 3 100 78351 0.021045719
45 43 3 100 26627 0.021073705
2 56 3 100 1158328 0.021086214
35 126 3 100 160695 0.021102350
80 126 3 100 77796 0.021103882
93 40 3 100 575808 0.021108493
6 121 3 100 23339 0.021120555
82 122 3 100 1423689 0.021176283
58 12 3 100 60892 0.021176652
5 12 3 100 7492 0.021180765
12 91 3 100 1497941 0.021197103
108 16 3 100 1612319 0.021232127
38 13 3 100 4122 0.021246555
19 110 3 100 3219604 0.021250008
2 21 3 100 16172 0.021263503
98 84 3 100 98714 0.021265980
25 56 3 100 28638 0.021302345
4 43 3 100 18830 0.021306989
103 63 3 100 3798 0.021310571
4 73 3 100 4811481 0.021312428
70 0 3 100 431735 0.021363029
94 57 3 100 5709446 0.021388459
93 38 3 100 1874332 0.021392680
112 62 3 100 21639 0.021394656
119 46 3 100 1958746 0.021412363
107 57 3 100 5948 0.021445019
104 15 3 100 7050 0.021446770
119 55 3 100 582897 0.021468773
122 26 3 100 723088 0.021481933
60 35 3 100 6528224 0.021500125
46 42 3 100 4923825 0.021513443
90 26 3 100 21198386 0.021527967
86 24 3 100 3624 0.021541234
62 33 3 100 4526636 0.021556034
89 42 3 100 4069290 0.021559983
3 34 3 100 8808 0.021607519
26 47 3 100 69092 0.021613770
112 57 3 100 30900 0.021618634
50 116 3 100 682758 0.021628501
38 2 3 100 2926923 0.021657909
78 91 3 100 21781702 0.021657939
115 29 3 100 5574023 0.021674469
115 84 3 100 7781147 0.021684532
124 62 3 100 1496093 0.021764786
47 89 3 100 6393179 0.021801231
59 63 3 100 1549840 0.021822037
34 107 3 100 8672 0.021838647
63 64 3 100 55479 0.021881876
42 78 3 100 56892 0.021891284
124 118 3 100 1542427 0.021961196
95 20 3 100 4398 0.021978403
92 12 3 100 25030 0.021992808
56 36 3 100 574336 0.022024964
47 59 3 100 3791183 0.022074495
89 64 3 100 11299 0.022082437
68 45 3 100 514451 0.022092790
50 30 3 100 4671842 0.022093448
58 8 3 100 7928 0.022120242
72 90 3 100 3527 0.022124234
31 6 3 100 2177783 0.022150188
69 91 3 100 7951 0.022171118
108 16 3 100 3210266 0.022185974
106 84 3 100 2895580 0.022195192
85 73 3 100 1974508 0.022221035
20 111 3 100 5616063 0.022245948
21 60 3 100 58157 0.022247576
32 9 3 100 773745 0.022248529
118 125 3 100 687199 0.022263431
58 46 3 100 1113780 0.022265008
104 44 3 100 2862868 0.022279328
82 38 3 100 43097 0.022288481
36 59 3 100 8664667 0.022334244
87 49 3 100 183520 0.022354219
64 56 3 100 11076 0.022366575
18 79 3 100 5599276 0.022405019
3 120 3 100 4598 0.022406461
93 64 3 100 388750 0.022500483
31 67 3 100 2328245 0.022500841
1 48 3 100 3642300 0.022506794
38 122 3 100 8239 0.022520139
61 67 3 100 15527 0.022535189
37 55 3 100 62120 0.022547276
48 49 3 100 9033 0.022567470
60 103 3 100 79913 0.022585980
64 14 3 100 177189 0.022601395
97 7 3 100 5972 0.022603557
17 30 3 100 6119676 0.022617796
33 74 3 100 6875936 0.022633027
54 102 3 100 491206 0.022665372
63 40 3 100 2770 0.022669836
90 33 3 100 379846 0.022678090
61 6 3 100 32228 0.022786879
0 62 3 100 67443 0.022790616
126 62 3 100 2490 0.022796356
1 20 3 100 5920 0.022814349
89 97 3 100 148313 0.022816410
41 6 3 100 45324 0.022817948
78 104 3 100 2339441 0.022838724
104 86 3 100 7311 0.022863114
8 123 3 100 62413 0.022863148
72 87 3 100 58414 0.022866184
44 57 3 100 65539 0.022866352
12 104 3 100 7425376 0.022871369
7 61 3 100 6364314 0.022885907
35 72 3 100 359725 0.022889369
113 43 3 100 1710311 0.022900026
27 110 3 100 21502 0.022900377
38 126 3 100 41399 0.022907776
48 52 3 100 148168 0.022943195
11 51 3 100 1508 0.022945637
95 86 3 100 1444153 0.022964025
97 111 3 100 4247535 0.022979411
24 37 3 100 24608 0.022983071
19 83 3 100 53402 0.022997051
124 28 3 100 6105 0.023023021
3 94 3 100 706473 0.023025082
127 11 3 100 172733 0.023049338
72 13 3 100 30113 0.023072990
89 72 3 100 854329 0.023076781
101 117 3 100 1433647 0.023102483
99 54 3 100 173541 0.023179790
81 5 3 100 480608 0.023217206
8 31 3 100 4013 0.023242537
32 89 3 100 2873 0.023248638
77 114 3 100 72976 0.023253522
14 17 3 100 9136313 0.023277575
56 23 3 100 1595442 0.023310644
36 99 3 100 4576399 0.023331647
88 91 3 100 3487609 0.023347218
21 64 3 100 35274 0.023347804
68 33 3 100 5540592 0.023373601
38 66 3 100 1324762 0.023427499
42 102 3 100 2029 0.023463433
38 100 3 100 367410 0.023493146
73 113 3 100 8300517 0.023509198
118 125 3 100 161582 0.023523877
51 125 3 100 1204 0.023588202
17 1 3 100 26716 0.023617623
123 23 3 100 13853 0.023626545
77 94 3 100 82941 0.023630610
24 54 3 100 9594 0.023631155
0 17 3 100 1078739 0.023639216
14 56 3 100 125285 0.023640124
92 122 3 100 38777 0.023658530
45 111 3 100 1481367 0.023674016
91 47 3 100 32502 0.023675426
16 82 3 100 29381 0.023706736
42 8 3 100 65918 0.023715238
30 0 3 100 448246 0.023716597
87 48 3 100 8262416 0.023723622
104 42 3 100 2479517 0.023738725
82 13 3 100 157727 0.023763428
51 112 3 100 57134 0.023778255
14 94 3 100 66568 0.023805901
59 68 3 100 27091 0.023826922
32 96 3 100 4323122 0.023830995
6 116 3 100 4889230 0.023832867
119 89 3 100 260756 0.023838216
45 59 3 100 24304 0.023839107
86 81 3 100 1082118 0.023839677
5 124 3 100 2254124 0.023875039
124 45 3 100 19355 0.023931022
125 111 3 100 559 0.023939373
68 99 3 100 39824 0.023974476
4 71 3 100 27221 0.023982806
124 87 3 100 72843 0.024037706
49 70 3 100 6087885 0.024038781
42 126 3 100 193937 0.024063061
61 113 3 100 4821 0.024117107
59 28 3 100 21626 0.024126932
109 37 3 100 20226 0.024134109
101 60 3 100 3824624 0.024136843
91 77 3 100 53535 0.024144556
76 109 3 100 2181717 0.024152909
10 85 3 100 1885183 0.024191568
116 40 3 100 6145 0.024210098
1 112 3 100 418816 0.024219117
65 72 3 100 23421 0.024232015
67 23 3 100 1857197 0.024278564
43 62 3 100 43625 0.024284125
30 122 3 100 21010674 0.024310277
50 54 3 100 15087 0.024324318
43 33 3 100 18931 0.024352324
39 120 3 100 3487498 0.024369604
90 21 3 100 737804 0.024382305
32 64 3 100 3948375 0.024426255
43 61 3 100 1971645 0.024438398
125 89 3 100 4431532 0.024447248
40 61 3 100 33693 0.024456576
87 6 3 100 871021 0.024458269
121 82 3 100 51547 0.024459262
74 65 3 100 71509 0.024467729
2 14 3 100 67667 0.024481850
122 6 3 100 1877143 0.024484203
18 35 3 100 27455 0.024493087
45 6 3 100 75951 0.024499506
114 5 3 100 24843 0.024512332
34 0 3 100 1598 0.024529834
41 79 3 100 4092 0.024530861
114 26 3 100 2441692 0.024566291
80 78 3 100 57048 0.024587409
75 24 3 100 37666 0.024614119
26 46 3 100 2318902 0.024618534
66 27 3 100 2766 0.024630672
124 126 3 100 9143416 0.024660332
76 41 3 100 70129 0.024662669
38 114 3 100 61977 0.024680753
110 53 3 100 18127 0.024707103
113 85 3 100 2371118 0.024712058
84 119 3 100 250396 0.024713624
68 96 3 100 1290464 0.024715047
118 61 3 100 3446 0.024729811
44 22 3 100 57205 0.024746910
10 27 3 100 2506910 0.024778694
37 60 3 100 1810295 0.024781259
122 120 3 100 66783 0.024796709
25 50 3 100 1898 0.024814865
42 122 3 100 12119 0.024834592
42 92 3 100 4212 0.024837116
104 31 3 100 45475 0.024846509
54 90 3 100 57796 0.024877437
32 20 3 100 680019 0.024887902
47 31 3 100 8425660 0.024929704
104 124 3 100 6548155 0.024930097
109 66 3 100 22629 0.024950351
76 22 3 100 238759 0.024955932
12 94 3 100 1686682 0.024977611
90 70 3 100 79294 0.025001885
61 85 3 100 8323 0.025045729
35 94 3 100 11623 0.025048979
79 70 3 100 25155043 0.025060832
101 80 3 100 3553702 0.025060878
71 43 3 100 3463311 0.025087574
104 22 3 100 16131 0.025092307
41 116 3 100 242809 0.025106015
113 89 3 100 3635185 0.025108821
123 53 3 100 29106 0.025120946
127 57 3 100 59566 0.025125734
55 16 3 100 5378911 0.025126956
60 115 3 100 333432 0.025130821
32 31 3 100 59830 0.025158575
85 90 3 100 9386 0.025198887
18 91 3 100 4187 0.025228951
87 106 3 100 21091 0.025232338
75 29 3 100 545712 0.025236579
116 60 3 100 834224 0.025247707
25 89 3 100 8708188 0.025260159
29 41 3 100 28634 0.025284309
58 68 3 100 22597 0.025360171
64 74 3 100 943 0.025372662
61 25 3 100 3582678 0.025378826
68 57 3 100 1373727 0.025390687
23 46 3 100 4392 0.025392747
56 109 3 100 4629 0.025393713
118 2 3 100 13549 0.025407110
93 43 3 100 32232 0.025421740
116 41 3 100 22091 0.025422981
85 36 3 100 2644132 0.025426949
24 69 3 100 6305551 0.025436896
122 119 3 100 451070 0.025441419
45 120 3 100 6898528 0.025444222
1 31 3 100 78393 0.025479829
44 110 3 100 325301 0.025570179
108 125 3 100 25970 0.025586162
65 66 3 100 72194 0.025613322
48 43 3 100 62853 0.025620073
29 80 3 100 735568 0.025652119
81 108 3 100 1433365 0.025671732
41 79 3 100 3364944 0.025686841
102 70 3 100 6091762 0.025690730
67 91 3 100 37434 0.025710710
1 96 3 100 173628 0.025721469
119 89 3 100 1223736 0.025760400
96 77 3 100 3437405 0.025802932
117 37 3 100 6100 0.025811092
32 101 3 100 7096 0.025821520
77 75 3 100 9293485 0.025837568
122 62 3 100 1064 0.025838413
102 32 3 100 1539288 0.025865108
43 115 3 100 33041 0.025880240
6 75 3 100 1066446 0.025947255
24 25 3 100 8213971 0.025957832
109 59 3 100 431311 0.025963638
59 12 3 100 1146 0.025971539
103 29 3 100 11934 0.025979406
47 19 3 100 31627 0.025996433
5 82 3 100 172108 0.025996609
94 103 3 100 4853305 0.026023953
115 5 3 100 40793 0.026024516
53 104 3 100 1077098 0.026045914
118 49 3 100 54980 0.026051449
5 62 3 100 623447 0.026125572
126 62 3 100 12066990 0.026127209
86 11 3 100 36251 0.026129732
23 57 3 100 6437593 0.026133256
121 22 3 100 37730 0.026136223
9 13 3 100 1018188 0.026145900
33 72 3 100 1621523 0.026179642
68 88 3 100 1727315 0.026213036
42 43 3 100 51512 0.026218068
46 54 3 100 3308 0.026223433
112 98 3 100 70080 0.026265330
0 56 3 100 24390 0.026276555
56 125 3 100 1357267 0.026278709
56 112 3 100 311849 0.026306179
92 107 3 100 1518269 0.026330369
100 53 3 100 14031 0.026335121
74 40 3 100 6907725 0.026344525
62 116 3 100 1126857 0.026352863
23 50 3 100 1472009 0.026354365
50 72 3 100 32284 0.026356829
37 26 3 100 60110 0.026391581
62 20 3 100 9104001 0.026462410
52 36 3 100 9651 0.026464126
106 57 3 100 8679 0.026493875
90 27 3 100 33497 0.026505273
93 20 3 100 866160 0.026514325
116 72 3 100 12566 0.026516080
30 54 3 100 8560 0.026586241
49 9 3 100 24681 0.026586823
92 101 3 100 538846 0.026588049
87 123 3 100 7877913 0.026617915
123 45 3 100 41183 0.026620080
41 120 3 100 478413 0.026659639
122 9 3 100 4347 0.026701092
47 114 3 100 71922 0.026709614
54 92 3 100 36211 0.026745755
85 26 3 100 69644 0.026746519
32 31 3 100 9290626 0.026772329
122 103 3 100 5447852 0.026776828
65 119 3 100 2058520 0.026860994
102 39 3 100 3235213 0.026909457
105 99 3 100 67259 0.026909717
64 10 3 100 75848 0.026912980
93 64 3 100 20525416 0.026926637
22 67 3 100 838523 0.026929773
0 89 3 100 3331416 0.026963619
69 4 3 100 7670187 0.026968032
98 52 3 100 404401 0.027009710
115 121 3 100 28483 0.027011952
64 105 3 100 49149 0.027038986
115 126 3 100 44365 0.027074768
16 24 3 100 29332 0.027093169
11 29 3 100 1021873 0.027125866
13 12 3 100 7985 0.027148553
108 79 3 100 14395 0.027157720
42 46 3 100 55208 0.027171527
103 110 3 100 4519109 0.027187522
123 67 3 100 612721 0.027197048
32 124 3 100 125683 0.027205161
60 37 3 100 63466 0.027261551
46 105 3 100 55674 0.027326988
28 95 3 100 1074030 0.027342955
100 124 3 100 25353 0.027403663
93 121 3 100 970975 0.027465587
118 43 3 100 155319 0.027510501
19 23 3 100 36325 0.027511733
105 107 3 100 78662 0.027515158
25 31 3 100 71196 0.027518825
91 116 3 100 6749638 0.027539240
36 60 3 100 1222450 0.027544932
69 103 3 100 26040332 0.027546976
92 24 3 100 328316 0.027550944
37 125 3 100 19813991 0.027574412
109 89 3 100 57214 0.027577298
32 28 3 100 172938 0.027640063
34 21 3 100 23486 0.027660064
67 29 3 100 9436 0.027667411
36 94 3 100 15807917 0.027678393
109 72 3 100 6307 0.027695329
73 57 3 100 2873 0.027703780
97 123 3 100 20925 0.027728417
114 54 3 100 6841387 0.027773320
43 121 3 100 55498 0.027792823
77 32 3 100 67086 0.027807560
65 93 3 100 691366 0.027809032
19 29 3 100 137948 0.027817551
36 47 3 100 117641 0.027838743
43 87 3 100 45574 0.027850528
24 37 3 100 1174723 0.027869459
27 53 3 100 2900 0.027886625
50 108 3 100 142271 0.027918180
14 92 3 100 4147 0.027998551
9 8 3 100 380461 0.028001070
115 6 3 100 56943 0.028025079
122 28 3 100 62502 0.028042437
68 36 3 100 442072 0.028051392
89 96 3 100 109364 0.028079522
126 19 3 100 7888771 0.028128815
31 54 3 100 4634813 0.028129617
75 126 3 100 11684694 0.028150602
24 61 3 100 2889794 0.028170988
35 113 3 100 72391 0.028173687
42 61 3 100 178988 0.028191082
75 74 3 100 17006 0.028191350
51 107 3 100 9305 0.028212018
68 36 3 100 11876 0.028222932
94 52 3 100 511050 0.028224117
124 48 3 100 9801049 0.028247527
65 18 3 100 7498 0.028260240
39 67 3 100 6565 0.028260426
1 20 3 100 20587 0.028267021
22 18 3 100 15085 0.028279141
26 31 3 100 19102 0.028285002
64 105 3 100 38975 0.028334450
85 55 3 100 9785 0.028337310
21 61 3 100 1979785 0.028361705
4 31 3 100 367927 0.028375920
26 59 3 100 714 0.028395473
35 17 3 100 68441 0.028396982
117 6 3 100 58913 0.028470257
92 64 3 100 110875 0.028478676
15 31 3 100 7497227 0.028480180
23 57 3 100 726 0.028530030
20 73 3 100 21758 0.028550257
7 32 3 100 42916 0.028595580
37 32 3 100 2475945 0.028598695
55 2 3 100 60899 0.028609661
5 74 3 100 70651 0.028621354
123 104 3 100 25246 0.028659277
42 47 3 100 44896 0.028662120
60 124 3 100 2269 0.028664364
117 28 3 100 1992 0.028682654
40 19 3 100 20724 0.028689085
18 127 3 100 66990 0.028696058
85 77 3 100 16494 0.028740480
115 117 3 100 2190 0.028809440
16 3 3 100 1821581 0.028810911
35 55 3 100 947212 0.028811203
47 40 3 100 20820 0.028821961
13 7 3 100 21748 0.028822362
101 41 3 100 29852416 0.028860936
114 72 3 100 6475 0.028867190
8 29 3 100 10978 0.028877121
101 112 3 100 22038 0.028891687
34 64 3 100 10556095 0.028893360
64 5 3 100 540133 0.028899111
88 21 3 100 20722 0.028899500
21 99 3 100 51751 0.028910553
60 3 3 100 6891 0.028916574
68 3 3 100 675360 0.028920235
19 34 3 100 23944 0.028928141
68 93 3 100 31294 0.028938934
92 88 3 100 6691 0.028965780
121 3 3 100 14000739 0.028999062
79 4 3 100 160467 0.028999130
94 52 3 100 95965 0.029043042
6 75 3 100 6731455 0.029046588
101 18 3 100 68217 0.029047380
89 62 3 100 5848 0.029080044
50 73 3 100 2964047 0.029108410
62 60 3 100 45403 0.029121861
10 78 3 100 48996 0.029122525
119 121 3 100 144185 0.029125625
126 38 3 100 125194 0.029131967
12 119 3 100 199287 0.029157153
52 35 3 100 5024 0.029170899
117 78 3 100 4555318 0.029206303
123 11 3 100 342468 0.029209463
13 72 3 100 1250620 0.029280806
124 27 3 100 25146 0.029284482
112 78 3 100 4916641 0.029309425
44 66 3 100 953687 0.029326753
24 11 3 100 65061 0.029343343
29 80 3 100 1761977 0.029374376
125 67 3 100 138051 0.029385237
33 0 3 100 8946693 0.029386289
69 3 3 100 169520 0.029410203
46 31 3 100 65393 0.029429792
93 30 3 100 1135332 0.029449852
53 17 3 100 1577 0.029452368
49 11 3 100 2144800 0.029478257
72 16 3 100 2764 0.029530538
33 91 3 100 17791269 0.029543382
109 23 3 100 1838219 0.029548419
6 28 3 100 36630 0.029548826
3 75 3 100 9547 0.029577347
36 31 3 100 906683 0.029615075
40 22 3 100 73397 0.029655864
40 0 3 100 76954 0.029669649
68 87 3 100 2577 0.029729261
15 39 3 100 51647 0.029730453
40 29 3 100 772790 0.029736872
121 35 3 100 78921 0.029769593
98 79 3 100 1976057 0.029772692
116 5 3 100 65957 0.029785614
30 54 3 100 115993 0.029792367
91 83 3 100 47719 0.029835641
22 106 3 100 275083 0.029849094
79 36 3 100 3667529 0.029853308
16 116 3 100 138063 0.029859948
24 106 3 100 8490957 0.029867564
27 44 3 100 24624 0.029919385
64 0 3 100 18712 0.029950586
110 18 3 100 3117114 0.029951588
23 50 3 100 67552 0.029961693
5 95 3 100 17604 0.029973235
53 93 3 100 137444 0.029977851
54 74 3 100 54900 0.029984884
72 44 3 100 1230816 0.029991154
62 89 3 100 23466 0.030000302
42 124 3 100 37054 0.030003291
127 104 3 100 3188708 0.030005889
71 15 3 100 3756938 0.030007626
55 117 3 100 35653 0.030029901
29 119 3 100 7116154 0.030032367
56 67 3 100 2728299 0.030053054
15 122 3 100 714231 0.030068218
23 54 3 100 41606 0.030069498
19 46 3 100 165972 0.030071235
63 80 3 100 2054287 0.030074707
107 27 3 100 54391 0.030082736
8 80 3 100 56303 0.030086868
52 86 3 100 552084 0.030105889
87 50 3 100 3298186 0.030115732
61 3 3 100 15514 0.030126183
67 91 3 100 4430 0.030136901
15 3 3 100 5594 0.030139347
29 114 3 100 2868 0.030210577
19 7 3 100 6119 0.030227179
121 111 3 100 1928 0.030265901
111 75 3 100 65121 0.030268170
39 5 3 100 43457 0.030289569
34 70 3 100 18512 0.030295918
8 62 3 100 48809 0.030362174
86 126 3 100 5603784 0.030372901
95 27 3 100 45250 0.030390578
70 13 3 100 16366 0.030444627
116 32 3 100 15941383 0.030447471
75 55 3 100 414987 0.030472201
47 12 3 100 4471654 0.030479390
40 72 3 100 53045 0.030495185
79 64 3 100 73628 0.030504060
19 65 3 100 6672 0.030545232
69 88 3 100 9007201 0.030563881
96 47 3 100 49636 0.030565049
4 87 3 100 40822 0.030601921
2 72 3 100 47826 0.030602034
20 77 3 100 222 0.030605295
84 33 3 100 4301902 0.030611230
96 92 3 100 20693 0.030629516
60 44 3 100 2013964 0.030655181
30 89 3 100 5293 0.030660399
14 63 3 100 3914 0.030673450
96 19 3 100 77739 0.030680263
66 85 3 100 2224010 0.030711722
40 22 3 100 2506991 0.030736026
1 37 3 100 27810 0.030752081
54 81 3 100 1425687 0.030758722
71 111 3 100 4923050 0.030839790
8 71 3 100 29684 0.030842804
19 101 3 100 474918 0.030844127
40 110 3 100 21280 0.030858118
124 57 3 100 100966 0.030865851
70 112 3 100 65216 0.030890946
24 124 3 100 21578 0.030900720
123 19 3 100 1333715 0.030903786
19 33 3 100 24205 0.030925201
15 29 3 100 3007858 0.030926671
34 110 3 100 71110 0.030938743
29 31 3 100 1843751 0.030956844
4 45 3 100 168586 0.030979867
103 59 3 100 10694839 0.030981671
8 112 3 100 1778575 0.030986825
15 118 3 100 5913 0.030989269
98 20 3 100 40394 0.030990352
124 0 3 100 5626 0.030994052
30 74 3 100 1184910 0.031002641
79 88 3 100 732892 0.031012209
88 17 3 100 3395499 0.031049305
73 68 3 100 73360 0.031057421
3 65 3 100 4030231 0.031070084
25 67 3 100 2477257 0.031076217
125 54 3 100 27859 0.031090066
76 127 3 100 70057 0.031092679
70 115 3 100 3845653 0.031115772
122 48 3 100 28528 0.031125010
101 116 3 100 243243 0.031141118
96 111 3 100 554035 0.031168378
127 62 3 100 4273 0.031201260
0 68 3 100 26598 0.031237016
106 109 3 100 3243483 0.031269887
31 84 3 100 631667 0.031275196
126 50 3 100 543800 0.031297077
16 65 3 100 52135 0.031407729
125 76 3 100 83 0.031464670
47 98 3 100 7722 0.031465274
42 72 3 100 69115 0.031474626
125 63 3 100 74053 0.031485353
15 103 3 100 33659 0.031505542
109 53 3 100 2763029 0.031526768
94 15 3 100 8648 0.031530874
88 94 3 100 4668 0.031540638
20 41 3 100 105590 0.031621762
14 60 3 100 627522 0.031623094
62 78 3 100 1570678 0.031631085
53 74 3 100 1652819 0.031658370
100 49 3 100 4987178 0.031723192
51 67 3 100 23257 0.031736963
90 47 3 100 13434 0.031766963
112 89 3 100 9191526 0.031772693
111 31 3 100 28610 0.031786042
83 65 3 100 24611 0.031819578
9 102 3 100 1144649 0.031822127
56 17 3 100 937 0.031826888
100 56 3 100 622202 0.031829147
90 105 3 100 4852731 0.031888657
124 26 3 100 6455050 0.031899290
20 118 3 100 9027144 0.031918691
92 106 3 100 77618 0.031951451
126 69 3 100 1129236 0.032021346
107 68 3 100 16731941 0.032032006
109 102 3 100 135369 0.032037370
81 120 3 100 60920 0.032047044
54 118 3 100 333059 0.032062275
80 117 3 100 41995 0.032083165
17 123 3 100 22668 0.032103506
68 13 3 100 10468862 0.032127417
112 15 3 100 18950 0.032141361
8 21 3 100 7571 0.032176569
53 74 3 100 21433 0.032213711
116 29 3 100 650411 0.032233713
13 101 3 100 1293513 0.032252777
122 25 3 100 475475 0.032255206
69 115 3 100 27806497 0.032279545
72 90 3 100 9222 0.032282074
16 0 3 100 25685013 0.032297484
114 109 3 100 23331 0.032299920
102 16 3 100 19778 0.032308073
46 114 3 100 396285 0.032346569
108 66 3 100 1616853 0.032356049
32 120 3 100 1797246 0.032398164
110 96 3 100 711023 0.032403886
67 122 3 100 5305982 0.032424447
122 78 3 100 21361 0.032438080
34 120 3 100 22178 0.032553705
53 3 3 100 1052704 0.032557272
115 22 3 100 27063688 0.032595723
61 114 3 100 4458802 0.032609119
126 74 3 100 55704 0.032609739
4 60 3 100 985529 0.032644718
85 111 3 100 4210790 0.032655193
94 90 3 100 366764 0.032661066
112 122 3 100 101547 0.032712897
17 51 3 100 1035034 0.032731965
11 93 3 100 1149192 0.032796228
41 96 3 100 1123 0.032805782
65 76 3 100 8311634 0.032817985
10 58 3 100 59056 0.032824416
32 63 3 100 4966389 0.032826340
8 10 3 100 80552 0.032830482
98 59 3 100 274128 0.032852580
62 54 3 100 3649121 0.032856590
87 76 3 100 1350654 0.032882297
110 68 3 100 55440 0.032909204
82 77 3 100 43661 0.032980896
7 71 3 100 9935274 0.032993379
79 93 3 100 4028635 0.032994674
106 69 3 100 251292 0.033012821
41 88 3 100 10694 0.033013470
103 62 3 100 179 0.033015693
30 83 3 100 481712 0.033023068
3 78 3 100 44659 0.033048586
114 17 3 100 12802 0.033058587
55 108 3 100 4087534 0.033109447
120 97 3 100 13883 0.033128743
22 103 3 100 177143 0.033169379
113 115 3 100 948453 0.033185134
14 31 3 100 2452 0.033224972
40 83 3 100 16519 0.033272827
95 78 3 100 23820 0.033279706
39 66 3 100 3786944 0.033357931
60 81 3 100 8798691 0.033386929
86 5 3 100 176730 0.033397398
33 99 3 100 7995 0.033424323
61 50 3 100 89303 0.033430489
99 103 3 100 66321 0.033434078
104 43 3 100 189767 0.033434170
118 37 3 100 36120 0.033446764
119 24 3 100 27985 0.033457556
82 20 3 100 647864 0.033466528
120 59 3 100 417954 0.033469767
7 94 3 100 4528278 0.033515496
82 48 3 100 1868249 0.033521898
85 13 3 100 1836812 0.033537591
114 107 3 100 8605458 0.033540457
106 87 3 100 26552 0.033549208
109 33 3 100 1845249 0.033572972
115 47 3 100 5783737 0.033574994
98 16 3 100 36526 0.033583686
80 52 3 100 874862 0.033642657
60 53 3 100 61233 0.033680543
19 119 3 100 447505 0.033709673
111 98 3 100 132782 0.033728290
92 75 3 100 2084 0.033763196
71 28 3 100 7337739 0.033763738
109 118 3 100 5479 0.033764560
13 22 3 100 33462 0.033771966
42 81 3 100 26532 0.033783511
107 23 3 100 78315 0.033783571
121 31 3 100 418703 0.033798024
88 60 3 100 8326942 0.033813432
59 108 3 100 9125 0.033816527
112 79 3 100 35116 0.033817063
48 125 3 100 2523 0.033830089
84 105 3 100 28887 0.033872444
111 48 3 100 29817 0.033880513
41 9 3 100 35555 0.033887360
122 113 3 100 27528188 0.033929809
122 44 3 100 21659 0.033978987
40 16 3 100 876363 0.034015304
28 61 3 100 1539555 0.034056488
125 22 3 100 34214 0.034083891
27 121 3 100 53450 0.034087136
117 74 3 100 2486945 0.034088856
79 28 3 100 1500817 0.034122341
17 54 3 100 1237 0.034146665
21 18 3 100 9868 0.034176228
12 119 3 100 39060 0.034183286
27 17 3 100 27651 0.034194658
88 99 3 100 7275 0.034196825
28 66 3 100 69679 0.034221693
31 59 3 100 30091 0.034259049
118 107 3 100 177006 0.034324553
83 125 3 100 3660592 0.034349017
108 9 3 100 5408 0.034365932
103 78 3 100 5466464 0.034383833
89 54 3 100 1379492 0.034394862
23 54 3 100 3896739 0.034435260
120 112 3 100 677872 0.034446464
116 29 3 100 7685836 0.034474076
75 54 3 100 1378 0.034484095
72 109 3 100 9532 0.034487339
35 31 3 100 504794 0.034489609
87 47 3 100 43996 0.034509655
23 53 3 100 752231 0.034514808
33 69 3 100 52444 0.034536655
56 90 3 100 68946 0.034542620
19 42 3 100 5168498 0.034543026
85 29 3 100 9485 0.034580194
74 108 3 100 8030243 0.034583140
68 21 3 100 100585 0.034588352
65 30 3 100 288864 0.034602329
98 71 3 100 27381 0.034607942
68 101 3 100 152889 0.034642170
69 34 3 100 1962 0.034664556
38 117 3 100 73983 0.034670600
47 5 3 100 67183 0.034692785
49 47 3 100 3272 0.034694633
93 58 3 100 10413 0.034694788
124 72 3 100 3890036 0.034715479
116 3 3 100 65919 0.034743844
40 5 3 100 2313111 0.034744052
64 9 3 100 14884 0.034762604
39 15 3 100 1728 0.034801576
44 72 3 100 3664 0.034810487
66 24 3 100 1467 0.034813481
12 110 3 100 1781645 0.034814908
123 17 3 100 8627022 0.034873545
9 112 3 100 4988 0.034910548
64 47 3 100 4289323 0.034968567
70 72 3 100 9193 0.034994799
118 32 3 100 1595688 0.035017157
78 108 3 100 60577 0.035022520
118 15 3 100 3596 0.035080009
109 113 3 100 9461574 0.035080414
104 79 3 100 74083 0.035093593
93 55 3 100 547430 0.035105384
51 72 3 100 40411 0.035110466
76 12 3 100 4624171 0.035135715
96 23 3 100 73747 0.035152440
54 65 3 100 78219 0.035155870
48 32 3 100 28177311 0.035185158
52 127 3 100 38591 0.035185691
59 24 3 100 69717 0.035186647
37 47 3 100 2875 0.035206958
3 15 3 100 3821583 0.035219729
105 25 3 100 33544 0.035275037
53 8 3 100 26399554 0.035279218
105 10 3 100 9920875 0.035291546
17 11 3 100 885487 0.035344688
90 77 3 100 74981 0.035362131
19 116 3 100 42032 0.035387791
115 22 3 100 8628839 0.035388505
62 41 3 100 8571886 0.035422722
93 29 3 100 1743543 0.035430914
96 93 3 100 63709 0.035438136
77 46 3 100 189616 0.035442009
79 11 3 100 3943 0.035456347
23 50 3 100 1126611 0.035486642
5 84 3 100 2915292 0.035489281
46 59 3 100 17561 0.035502276
56 90 3 100 328991 0.035504393
59 84 3 100 8236 0.035549208
86 55 3 100 37041 0.035553186
27 120 3 100 869455 0.035569917
83 70 3 100 6077 0.035621489
93 61 3 100 78109 0.035622300
1 59 3 100 5064 0.035670471
54 57 3 100 546832 0.035729536
67 42 3 100 4102735 0.035735769
74 114 3 100 687644 0.035758014
17 86 3 100 51209 0.035797137
8 62 3 100 35204 0.035871767
28 9 3 100 76073 0.035872426
17 83 3 100 3680938 0.035906838
119 53 3 100 19137 0.035914338
68 56 3 100 6797524 0.035929007
37 11 3 100 6306113 0.035929225
86 80 3 100 6409 0.035935215
91 44 3 100 61835 0.035936725
88 15 3 100 30708 0.035998780
52 86 3 100 9292 0.036023723
12 28 3 100 51029 0.036067092
36 41 3 100 19611 0.036078060
48 60 3 100 49187 0.036089142
50 59 3 100 285406 0.036089678
25 14 3 100 2982 0.036098878
109 114 3 100 68624 0.036103685
42 50 3 100 7649019 0.036111074
45 37 3 100 176369 0.036111663
89 51 3 100 319216 0.036115930
124 31 3 100 105309 0.036122426
112 39 3 100 3812875 0.036127956
2 10 3 100 27212 0.036134705
35 89 3 100 135225 0.036152361
49 19 3 100 951343 0.036172556
60 94 3 100 31577 0.036179753
114 5 3 100 68447 0.036180824
61 101 3 100 158966 0.036203453
18 49 3 100 7289501 0.036236881
90 6 3 100 74770 0.036240010
59 63 3 100 7496961 0.036256306
103 11 3 100 16408419 0.036263678
57 48 3 100 57210 0.036268578
58 59 3 100 7535063 0.036285732
30 4 3 100 2806 0.036306883
40 12 3 100 4604 0.036346795
26 84 3 100 58742 0.036415977
79 28 3 100 44175 0.036419718
53 100 3 100 51690 0.036427251
78 30 3 100 1858073 0.036428203
13 40 3 100 1284398 0.036451063
47 64 3 100 181119 0.036469529
11 10 3 100 24875 0.036476760
117 119 3 100 8310 0.036502312
53 98 3 100 4565 0.036537243
9 54 3 100 27460 0.036539234
36 76 3 100 27077360 0.036541767
26 76 3 100 68427 0.036548974
76 32 3 100 350375 0.036552031
112 75 3 100 91404 0.036584121
30 22 3 100 13601 0.036608131
67 57 3 100 9067 0.036641079
22 32 3 100 34769 0.036669932
31 117 3 100 2349027 0.036673636
67 16 3 100 65946 0.036677596
38 70 3 100 73503 0.036703296
71 89 3 100 4205 0.036720314
41 126 3 100 4137969 0.036750153
17 63 3 100 5458 0.036776822
21 71 3 100 8070395 0.036803375
72 4 3 100 39244 0.036808164
52 98 3 100 14392 0.036837944
40 81 3 100 3941 0.036847651
48 47 3 100 26836414 0.036867478
67 76 3 100 7355 0.036869603
6 46 3 100 2371 0.036870875
106 37 3 100 1087489 0.036879521
68 0 3 100 15676 0.036885040
88 33 3 100 1286337 0.036893376
49 122 3 100 36063 0.036942126
36 1 3 100 140290 0.036958334
113 85 3 100 633963 0.036966637
73 85 3 100 42248 0.036974410
35 17 3 100 2666 0.036983279
10 126 3 100 61572 0.037003339
107 110 3 100 26887 0.037036877
12 117 3 100 1561388 0.037124972
22 109 3 100 3183667 0.037133404
44 64 3 100 482203 0.037156139
74 32 3 100 75371 0.037173475
102 31 3 100 1435924 0.037192758
55 65 3 100 8817456 0.037196773
93 83 3 100 29502 0.037211060
82 113 3 100 2018 0.037219668
119 53 3 100 296 0.037268376
40 83 3 100 22253104 0.037269960
83 36 3 100 78486 0.037288333
102 32 3 100 2183850 0.037291958
101 112 3 100 1817033 0.037294023
114 38 3 100 1066440 0.037330662
72 60 3 100 42063 0.037335536
89 73 3 100 3817087 0.037377810
62 34 3 100 619082 0.037378732
73 40 3 100 20001 0.037379864
67 14 3 100 8547237 0.037380308
12 115 3 100 182446 0.037382715
20 90 3 100 35143 0.037384963
105 9 3 100 9635010 0.037387003
126 52 3 100 711 0.037397198
124 106 3 100 71150 0.037404482
28 55 3 100 689973 0.037423518
101 24 3 100 37287 0.037446324
109 50 3 100 749918 0.037459439
58 121 3 100 3021407 0.037472170
66 119 3 100 54208 0.037473335
3 27 3 100 63984 0.037476129
14 40 3 100 19214 0.037482697
51 118 3 100 132337 0.037507732
23 74 3 100 173579 0.037536186
2 28 3 100 25907 0.037548302
103 44 3 100 2005270 0.037574819
101 96 3 100 2492 0.037637490
110 27 3 100 50693 0.037637775
91 75 3 100 64367 0.037644074
123 97 3 100 15444 0.037650396
1 118 3 100 29436 0.037656402
16 51 3 100 59611 0.037663202
99 94 3 100 5240 0.037684261
66 75 3 100 1774797 0.037709212
14 21 3 100 2845 0.037734889
121 84 3 100 761947 0.037745735
34 23 3 100 3174 0.037750127
69 8 3 100 40636 0.037761107
81 73 3 100 659900 0.037762681
33 57 3 100 1978253 0.037762946
95 104 3 100 73529 0.037807490
18 92 3 100 51936 0.037808703
2 105 3 100 117395 0.037814188
4 26 3 100 32702 0.037816555
16 17 3 100 9956205 0.037847129
6 1 3 100 33866 0.037880269
106 100 3 100 67882 0.037890353
107 117 3 100 13337 0.037943617
112 84 3 100 99915 0.037955905
90 100 3 100 16646 0.037959161
45 97 3 100 25 0.037964998
62 40 3 100 47029 0.037966989
3 89 3 100 73228 0.037997656
54 74 3 100 1436 0.038098509
68 74 3 100 25149 0.038168961
91 50 3 100 21814 0.038202909
70 75 3 100 28034 0.038215087
47 34 3 100 20032 0.038219888
6 55 3 100 4725 0.038299373
119 79 3 100 2509170 0.038323958
109 47 3 100 113945 0.038335999
24 26 3 100 21341 0.038354497
46 13 3 100 33251 0.038379079
31 44 3 100 91496 0.038386922
74 52 3 100 297582 0.038398044
41 36 3 100 7239732 0.038403277
23 28 3 100 12463 0.038403805
102 53 3 100 73502 0.038410945
39 77 3 100 21848997 0.038422178
31 122 3 100 7357821 0.038432399
27 14 3 100 68128 0.038445775
98 65 3 100 6299 0.038451586
33 117 3 100 34447 0.038460956
31 118 3 100 182931 0.038463116
26 22 3 100 28834 0.038472891
87 53 3 100 294818 0.038480198
37 7 3 100 141795 0.038511998
127 105 3 100 1761974 0.038539992
84 98 3 100 62509 0.038540110
18 46 3 100 447537 0.038563736
127 11 3 100 805169 0.038609035
10 77 3 100 22005 0.038614704
2 123 3 100 9650 0.038651208
86 46 3 100 291 0.038659456
125 84 3 100 506149 0.038679135
4 11 3 100 25942 0.038713936
22 28 3 100 596 0.038714698
110 48 3 100 8133523 0.038725690
100 33 3 100 9399301 0.038740715
105 88 3 100 7734437 0.038745936
118 9 3 100 9337746 0.038747520
13 40 3 100 26018 0.038766818
3 112 3 100 5513672 0.038809918
65 34 3 100 900500 0.038811141
66 73 3 100 1657149 0.038827330
103 40 3 100 19681 0.038829651
33 66 3 100 9711 0.038855965
116 24 3 100 5007 0.038862666
103 97 3 100 732734 0.038871727
17 71 3 100 46244 0.038874604
0 110 3 100 14031 0.038878396
0 102 3 100 46877 0.038890490
7 57 3 100 23500 0.038892873
57 90 3 100 1969660 0.038915879
87 59 3 100 942827 0.038928162
61 19 3 100 9640 0.038942248
81 47 3 100 66009 0.038949743
12 91 3 100 35631 0.038960146
47 35 3 100 1449778 0.038962668
31 105 3 100 930717 0.038987798
8 98 3 100 9002 0.039048670
54 4 3 100 160524 0.039053686
106 24 3 100 63298 0.039055631
41 89 3 100 8156 0.039075228
117 87 3 100 12945 0.039091019
121 99 3 100 161816 0.039091573
110 82 3 100 4539791 0.039092280
91 35 3 100 30118 0.039097362
127 41 3 100 1752976 0.039169267
66 35 3 100 47973 0.039178263
9 33 3 100 723424 0.039182062
73 97 3 100 1578869 0.039231729
59 119 3 100 1516520 0.039246334
123 42 3 100 66988 0.039269849
51 46 3 100 9051524 0.039274391
59 88 3 100 179129 0.039283813
30 111 3 100 1238035 0.039289462
68 16 3 100 61047 0.039293640
86 8 3 100 24511 0.039322311
93 85 3 100 36975 0.039359218
96 15 3 100 16192 0.039363686
105 116 3 100 25636 0.039391848
119 0 3 100 48497 0.039398142
118 93 3 100 62495 0.039434979
127 50 3 100 30657 0.039449338
103 100 3 100 24681 0.039504955
16 64 3 100 7131265 0.039539371
31 1 3 100 6198 0.039544187
52 104 3 100 254952 0.039572750
76 38 3 100 15337 0.039575751
69 63 3 100 24449614 0.039612499
22 109 3 100 269804 0.039612524
75 17 3 100 1510508 0.039638771
69 28 3 100 8520225 0.039641789
13 54 3 100 39292 0.039664436
30 68 3 100 24783734 0.039676706
13 67 3 100 49362 0.039693207
127 74 3 100 36301 0.039741528
68 112 3 100 43160 0.039776404
83 73 3 100 5016360 0.039792062
48 85 3 100 28582 0.039831595
28 85 3 100 177329 0.039852225
46 1 3 100 23228 0.039882829
68 7 3 100 47834 0.039917849
91 35 3 100 67655 0.039955652
62 114 3 100 3310 0.039987871
8 55 3 100 46366 0.039995151
45 30 3 100 6815 0.040001484
105 89 3 100 1803631 0.040002793
34 0 3 100 25963 0.040005946
121 16 3 100 7158952 0.040010887
53 14 3 100 8042400 0.040038020
21 0 3 100 5480538 0.040056724
62 75 3 100 1150783 0.040065837
24 71 3 100 643769 0.040078340
110 111 3 100 5921101 0.040089309
122 39 3 100 307855 0.040098896
50 118 3 100 13672820 0.040116905
84 121 3 100 805176 0.040132999
8 49 3 100 8132440 0.040133725
68 113 3 100 93190 0.040140785
92 57 3 100 1359 0.040163268
77 4 3 100 4092902 0.040180305
57 4 3 100 719150 0.040187496
125 74 3 100 58631 0.040187956
20 58 3 100 147499 0.040194096
22 41 3 100 181 0.040194150
84 53 3 100 69755 0.040197689
67 40 3 100 63260 0.040218925
97 5 3 100 8750700 0.040221027
21 73 3 100 51410 0.040253628
45 111 3 100 58983 0.040285355
14 114 3 100 13345 0.040322925
4 0 3 100 172949 0.040328175
96 49 3 100 6690 0.040332229
18 3 3 100 9698361 0.040379168
40 60 3 100 2094 0.040403640
38 54 3 100 23475 0.040428857
27 113 3 100 1257113 0.040442836
96 9 3 100 26590 0.040461353
80 8 3 100 266119 0.040462862
57 40 3 100 194369 0.040468878
101 90 3 100 1603139 0.040486098
11 54 3 100 142722 0.040494425
50 52 3 100 10989 0.040535740
53 113 3 100 22882 0.040559094
48 124 3 100 8616 0.040566394
51 63 3 100 28533 0.040567341
17 73 3 100 8116 0.040574743
82 53 3 100 43455 0.040589078
64 119 3 100 27294484 0.040591067
37 0 3 100 65022 0.040643623
90 61 3 100 1594085 0.040644973
5 67 3 100 20775 0.040661636
9 2 3 100 47154 0.040665797
106 11 3 100 94482 0.040682951
39 44 3 100 8683 0.040698011
41 47 3 100 18532 0.040722447
121 102 3 100 23852 0.040725298
5 51 3 100 6186 0.040726858
23 80 3 100 45388 0.040730600
54 20 3 100 612288 0.040780296
25 1 3 100 66386 0.040798920
72 10 3 100 5824293 0.040801782
95 123 3 100 8292168 0.040806343
94 93 3 100 9084 0.040818540
86 29 3 100 71914 0.040833191
120 124 3 100 579816 0.040834069
105 119 3 100 4008851 0.040836437
113 1 3 100 7230685 0.040853239
36 113 3 100 21523 0.040866214
61 58 3 100 7024 0.040869898
107 92 3 100 5088 0.040879407
77 35 3 100 1638796 0.040900086
71 77 3 100 5958942 0.040900441
94 116 3 100 1829016 0.040924595
17 79 3 100 6764 0.040943573
89 53 3 100 29422 0.040953190
36 72 3 100 36259 0.040959492
34 88 3 100 1076648 0.040990828
42 61 3 100 46766 0.041012212
3 112 3 100 509150 0.041027707
71 110 3 100 2633758 0.041049032
49 121 3 100 22446 0.041062026
47 65 3 100 135292 0.041064803
40 20 3 100 34041 0.041069025
59 69 3 100 8090 0.041074248
61 30 3 100 5291 0.041102067
16 43 3 100 23556 0.041124384
49 67 3 100 2994 0.041163900
39 120 3 100 9237 0.041171289
83 58 3 100 387016 0.041181190
0 56 3 100 51145 0.041196158
51 124 3 100 47214 0.041210803
78 101 3 100 23511 0.041224983
4 110 3 100 21354 0.041244497
55 119 3 100 3782100 0.041264958
97 100 3 100 138997 0.041272074
7 79 3 100 15907277 0.041273663
60 58 3 100 296836 0.041283128
55 56 3 100 2200044 0.041299476
28 20 3 100 24536 0.041327906
121 62 3 100 6956 0.041330594
1 23 3 100 3241242 0.041336700
120 47 3 100 1034972 0.041349685
16 14 3 100 1163968 0.041355335
66 120 3 100 6138864 0.041366360
79 5 3 100 10132 0.041377271
35 65 3 100 70433 0.041388092
85 86 3 100 9402 0.041412342
34 40 3 100 888085 0.041435728
4 39 3 100 6735 0.041522344
64 25 3 100 3337 0.041524712
109 112 3 100 34762 0.041543049
71 78 3 100 65224 0.041559794
83 51 3 100 62901 0.041573126
99 5 3 100 3055862 0.041579325
10 34 3 100 1416406 0.041584155
50 51 3 100 71040 0.041621332
98 9 3 100 29398 0.041677841
22 84 3 100 33914 0.041684031
80 82 3 100 71571 0.041698764
121 100 3 100 32459 0.041724187
75 71 3 100 160313 0.041724633
67 98 3 100 1442021 0.041725518
2 82 3 100 45170 0.041754460
79 115 3 100 32505 0.041761719
5 64 3 100 4732721 0.041783144
54 120 3 100 1261347 0.041828041
6 99 3 100 29138 0.041843564
62 42 3 100 62520 0.041874625
62 112 3 100 271528 0.041913373
91 13 3 100 20680 0.041932936
123 6 3 100 1330841 0.041942774
8 29 3 100 56651 0.041960795
31 12 3 100 1973701 0.041965918
90 81 3 100 76197 0.041978953
106 99 3 100 1852942 0.041991633
84 122 3 100 76791 0.042000690
92 11 3 100 2518133 0.042014711
66 111 3 100 33656 0.042027103
79 10 3 100 1035682 0.042037208
20 58 3 100 491348 0.042038707
89 8 3 100 3733 0.042049341
59 64 3 100 7914 0.042055595
122 52 3 100 36942 0.042091404
78 29 3 100 27545 0.042106097
109 61 3 100 1145191 0.042123621
116 59 3 100 115225 0.042127258
76 73 3 100 26102 0.042138794
124 53 3 100 3274382 0.042186604
17 52 3 100 61273 0.042188798
101 30 3 100 988902 0.042197897
30 50 3 100 22152 0.042225849
1 36 3 100 39873 0.042229407
17 72 3 100 54162 0.042230951
89 72 3 100 35821 0.042238851
51 40 3 100 76094 0.042268283
122 36 3 100 2448405 0.042286845
90 113 3 100 2631 0.042313790
113 21 3 100 1656148 0.042315525
121 11 3 100 3181 0.042317653
31 113 3 100 1774675 0.042340118
111 96 3 100 6303 0.042354238
98 115 3 100 8169 0.042355620
91 26 3 100 164890 0.042377275
32 111 3 100 47575 0.042394482
97 51 3 100 69785 0.042396714
107 40 3 100 2267069 0.042409000
0 69 3 100 26110 0.042425042
57 68 3 100 9020279 0.042429026
75 37 3 100 18854 0.042435809
90 77 3 100 58867 0.042450594
59 39 3 100 477520 0.042455331
74 97 3 100 63178 0.042465356
106 89 3 100 20389 0.042475324
73 83 3 100 959927 0.042529455
119 16 3 100 1097176 0.042598260
123 48 3 100 45542 0.042608518
3 68 3 100 1376 0.042672416
3 108 3 100 1254070 0.042679577
81 79 3 100 396921 0.042687252
30 53 3 100 2348422 0.042696692
124 3 3 100 4917863 0.042721190
40 75 3 100 34477 0.042753621
70 72 3 100 4611995 0.042805648
90 58 3 100 4812971 0.042806059
74 38 3 100 76769 0.042862518
41 60 3 100 1594180 0.042864922
126 4 3 100 6624 0.042881013
104 38 3 100 366763 0.042894059
79 120 3 100 8220 0.042895347
99 51 3 100 11900 0.042938684
70 55 3 100 74671 0.042949392
92 34 3 100 13595 0.042975195
69 6 3 100 6412366 0.042982883
97 57 3 100 74436 0.043024518
116 58 3 100 129580 0.043028965
27 11 3 100 35562 0.043050767
66 70 3 100 47667 0.043059014
7 83 3 100 25587 0.043062221
62 6 3 100 3139223 0.043084122
112 28 3 100 166506 0.043090163
95 122 3 100 79684 0.043112392
41 56 3 100 20047 0.043116396
99 7 3 100 5802 0.043118430
125 1 3 100 25263 0.043137574
63 106 3 100 60916 0.043140757
64 43 3 100 60662 0.043171961
91 47 3 100 76155 0.043183448
113 99 3 100 74062 0.043206173
84 28 3 100 46082 0.043211733
29 42 3 100 88974 0.043212722
100 58 3 100 47612 0.043235701
63 123 3 100 24177 0.043251537
41 28 3 100 3343135 0.043282187
95 118 3 100 4635807 0.043305859
37 95 3 100 70573 0.043309840
93 52 3 100 756525 0.043318731
125 127 3 100 1465 0.043335745
14 127 3 100 1279992 0.043406956
97 62 3 100 72948 0.043441549
124 113 3 100 28995 0.043446053
83 80 3 100 77217 0.043457542
19 118 3 100 25423 0.043466923
46 67 3 100 8794 0.043468674
80 7 3 100 25735 0.043488502
56 22 3 100 28799 0.043489860
109 18 3 100 4878731 0.043491515
44 35 3 100 74290 0.043494916
49 57 3 100 69629 0.043525705
40 20 3 100 19691 0.043528768
54 29 3 100 19445 0.043557651
63 125 3 100 51351 0.043569660
28 81 3 100 25500 0.043572634
76 54 3 100 3872313 0.043584938
112 113 3 100 4535 0.043585826
78 45 3 100 73473 0.043590547
49 66 3 100 3034504 0.043592767
26 95 3 100 856511 0.043604626
80 56 3 100 3209714 0.043630057
52 45 3 100 2446672 0.043679098
82 35 3 100 21161776 0.043698578
0 30 3 100 25705 0.043717519
29 5 3 100 19240 0.043766194
93 100 3 100 1884354 0.043778615
7 85 3 100 2943443 0.043810674
91 79 3 100 1276 0.043834953
71 13 3 100 947087 0.043869534
35 106 3 100 67765 0.043899658
74 12 3 100 8798 0.043911216
63 70 3 100 5989 0.043918321
103 57 3 100 476536 0.043949044
108 27 3 100 69042 0.044027726
46 32 3 100 4723404 0.044080730
75 92 3 100 179445 0.044115247
20 17 3 100 18021 0.044117408
43 31 3 100 2878424 0.044123448
94 45 3 100 133567 0.044135219
35 103 3 100 20791 0.044135351
126 9 3 100 9780 0.044138789
85 79 3 100 2250991 0.044198868
17 119 3 100 1391778 0.044247895
65 39 3 100 5494009 0.044248282
55 53 3 100 41808 0.044272207
60 88 3 100 1640 0.044275603
44 31 3 100 34387 0.044278411
38 45 3 100 46497 0.044296468
27 78 3 100 2558480 0.044297677
82 105 3 100 67125 0.044310085
21 34 3 100 144223 0.044334348
91 127 3 100 46789 0.044348314
72 64 3 100 14667 0.044363960
4 66 3 100 2154 0.044418844
95 85 3 100 5413874 0.044425136
126 62 3 100 554 0.044428717
53 106 3 100 18744 0.044430452
79 57 3 100 65931 0.044456368
126 94 3 100 87 0.044486941
51 84 3 100 530055 0.044545928
96 48 3 100 3268981 0.044588227
116 72 3 100 1754625 0.044597107
36 31 3 100 37540 0.044635528
41 82 3 100 8042393 0.044679485
81 14 3 100 738204 0.044723548
96 4 3 100 2461393 0.044783093
4 95 3 100 2556085 0.044783933
80 5 3 100 123657 0.044792054
48 60 3 100 514803 0.044796481
57 77 3 100 3114965 0.044807898
63 110 3 100 785567 0.044816577
68 64 3 100 26138545 0.044824220
41 26 3 100 4166 0.044842558
121 69 3 100 68237 0.044843273
28 90 3 100 28204 0.044846108
35 21 3 100 29385 0.044848629
31 108 3 100 1252926 0.044853665
25 27 3 100 7399 0.044861239
35 24 3 100 250801 0.044897237
27 51 3 100 24351 0.044965926
41 116 3 100 5909 0.044965935
116 56 3 100 53241 0.044973305
24 49 3 100 28982 0.044985814
118 7 3 100 109865 0.045140841
9 85 3 100 3610921 0.045155929
94 12 3 100 9817598 0.045214892
96 87 3 100 30848 0.045218873
122 75 3 100 73134 0.045279795
31 85 3 100 1072303 0.045295297
63 60 3 100 54569 0.045308972
35 97 3 100 1754515 0.045329461
85 0 3 100 36792 0.045393322
1 49 3 100 70362 0.045396379
34 75 3 100 706086 0.045408237
56 76 3 100 1650708 0.045519740
117 7 3 100 60436 0.045540593
116 104 3 100 79964 0.045544213
50 58 3 100 54294 0.045544955
93 51 3 100 4826298 0.045584533
61 87 3 100 32996 0.045646224
23 52 3 100 690696 0.045647510
26 61 3 100 58139 0.045666213
54 107 3 100 25973 0.045682183
120 118 3 100 422222 0.045694016
90 80 3 100 253069 0.045700186
122 109 3 100 4914517 0.045713037
95 104 3 100 16799 0.045716648
9 124 3 100 69471 0.045722320
30 24 3 100 50757 0.045731758
78 122 3 100 33641 0.045736729
7 10 3 100 10206 0.045775035
65 13 3 100 12648 0.045851353
124 29 3 100 489691 0.045862587
86 38 3 100 3434682 0.045867182
38 28 3 100 23977 0.045873221
37 99 3 100 1485261 0.045921427
120 80 3 100 2033597 0.046007794
93 126 3 100 29423 0.046023782
115 16 3 100 44851 0.046050268
113 76 3 100 23772 0.046074581
68 65 3 100 4916263 0.046107475
109 91 3 100 2557012 0.046110163
100 89 3 100 9249 0.046125559
24 94 3 100 4883431 0.046164538
16 88 3 100 17549167 0.046202904
5 42 3 100 3706646 0.046218271
35 87 3 100 7829450 0.046249511
108 110 3 100 1424441 0.046316282
70 13 3 100 829177 0.046343931
101 114 3 100 27190 0.046419399
69 104 3 100 26575 0.046422737
72 12 3 100 4848828 0.046429315
94 107 3 100 29662 0.046435273
56 90 3 100 1003409 0.046468830
94 30 3 100 2440998 0.046562252
34 85 3 100 36743 0.046566229
56 95 3 100 229819 0.046569510
26 6 3 100 3855 0.046575456
43 116 3 100 1899981 0.046578993
123 100 3 100 2448905 0.046580290
96 80 3 100 655560 0.046586019
94 123 3 100 31314 0.046606817
6 34 3 100 42264 0.046686196
43 89 3 100 7760413 0.046709632
24 73 3 100 40303 0.046787627
60 104 3 100 21164 0.046846282
53 82 3 100 140403 0.046849795
58 39 3 100 38493 0.046867920
93 10 3 100 29293 0.046869627
60 105 3 100 166670 0.046874163
110 71 3 100 353546 0.046920549
117 53 3 100 1185238 0.046937428
52 81 3 100 744790 0.047028781
54 9 3 100 8598 0.047043944
32 121 3 100 59763 0.047098313
74 8 3 100 7232 0.047104889
116 60 3 100 599394 0.047173938
113 7 3 100 2346075 0.047192481
113 10 3 100 49030 0.047200369
110 27 3 100 54979 0.047220284
109 100 3 100 151911 0.047257920
97 36 3 100 457 0.047260171
24 50 3 100 6501272 0.047271894
76 39 3 100 1002323 0.047331344
21 8 3 100 67028 0.047334509
25 93 3 100 17188 0.047373824
120 101 3 100 1675012 0.047373851
95 74 3 100 38359 0.047385425
76 5 3 100 1818576 0.047392089
90 21 3 100 7554 0.047393071
112 47 3 100 957457 0.047404918
91 71 3 100 24703 0.047406418
89 80 3 100 46168 0.047418112
76 29 3 100 3543360 0.047424962
101 1 3 100 1254546 0.047501098
64 116 3 100 27493089 0.047511716
110 72 3 100 8042 0.047523338
112 110 3 100 21534 0.047526353
104 95 3 100 145940 0.047566520
45 80 3 100 8147850 0.047567170
30 100 3 100 6061007 0.047581979
7 16 3 100 75965 0.047589823
5 75 3 100 7733769 0.047595372
84 77 3 100 15299250 0.047610071
120 125 3 100 78676 0.047622556
10 12 3 100 196769 0.047647477
48 6 3 100 27525 0.047657231
27 85 3 100 202208 0.047657927
45 101 3 100 36709 0.047665816
104 109 3 100 40253 0.047722834
25 60 3 100 3613634 0.047754656
28 39 3 100 29622 0.047766383
28 30 3 100 628425 0.047773158
121 78 3 100 4160 0.047785013
0 107 3 100 999184 0.047799853
65 60 3 100 1921238 0.047830915
61 111 3 100 159184 0.047864845
76 84 3 100 1065918 0.047890617
116 63 3 100 7231191 0.047925462
113 80 3 100 59276 0.047926099
7 16 3 100 40085 0.047938052
6 22 3 100 58358 0.047969872
38 116 3 100 3786560 0.047976244
97 36 3 100 12235 0.048059691
37 9 3 100 22846 0.048075049
44 6 3 100 67056 0.048087332
45 118 3 100 784107 0.048089347
69 120 3 100 11903 0.048116217
126 101 3 100 8941 0.048120874
23 16 3 100 22096558 0.048162950
45 66 3 100 149226 0.048169589
53 31 3 100 23984 0.048173780
50 48 3 100 9190 0.048183071
73 97 3 100 79454 0.048199417
113 123 3 100 9491 0.048204862
53 121 3 100 3835882 0.048309299
49 45 3 100 2126436 0.048332504
45 81 3 100 2138848 0.048354065
54 109 3 100 5886 0.048394664
5 15 3 100 28049 0.048472031
10 112 3 100 13909 0.048507567
50 42 3 100 4081914 0.048551383
9 62 3 100 1871739 0.048558219
127 15 3 100 6426455 0.048588274
60 52 3 100 3783047 0.048597671
85 94 3 100 9681076 0.048647093
61 100 3 100 1053884 0.048750612
54 99 3 100 1036411 0.048886030
54 27 3 100 168198 0.048895284
111 14 3 100 93240 0.048924715
16 103 3 100 15262 0.049072990
69 119 3 100 872955 0.049139130
32 6 3 100 70395 0.049187294
38 85 3 100 843566 0.049265688
72 30 3 100 4620 0.049276948
10 14 3 100 590181 0.049453658
23 82 3 100 78910 0.049579182
