3228 
108 13 3 100 5410 0.000011462
98 8 3 100 341299 0.000018700
4 82 3 100 30360 0.000022437
123 15 3 100 7414772 0.000040317
1 83 3 100 6777 0.000046815
10 61 3 100 20136 0.000051520
23 34 3 100 1232455 0.000061560
92 81 3 100 4122 0.000157711
101 2 3 100 1826414 0.000180664
115 74 3 100 6005 0.000192337
40 56 3 100 2751882 0.000205078
39 68 3 100 9016 0.000225063
113 67 3 100 3432973 0.000232633
90 33 3 100 2052793 0.000249846
45 16 3 100 33147 0.000261175
22 8 3 100 1982682 0.000292654
114 106 3 100 3919 0.000312339
70 38 3 100 22851 0.000336905
34 50 3 100 181526 0.000358660
96 46 3 100 12372 0.000360464
57 67 3 100 1709274 0.000379654
60 54 3 100 173996 0.000383148
115 8 3 100 2163035 0.000397335
82 52 3 100 61020 0.000414114
10 118 3 100 9352897 0.000415344
25 80 3 100 54806 0.000434515
46 58 3 100 5447 0.000434599
106 22 3 100 43246 0.000470811
88 37 3 100 199265 0.000481523
120 31 3 100 69928 0.000529609
23 122 3 100 5064 0.000544338
84 11 3 100 72555 0.000544979
23 98 3 100 128768 0.000570303
57 27 3 100 1538 0.000583894
95 125 3 100 4972508 0.000585276
97 67 3 100 3309 0.000588200
55 47 3 100 9569 0.000612558
34 75 3 100 3441715 0.000641067
53 77 3 100 188057 0.000669698
38 39 3 100 196750 0.000672649
59 3 3 100 4416667 0.000681760
18 14 3 100 8686278 0.000702387
97 31 3 100 34517 0.000738271
94 33 3 100 3606 0.000760464
62 61 3 100 2992134 0.000781201
95 124 3 100 859027 0.000793734
51 124 3 100 74347 0.000814161
3 116 3 100 8479284 0.000842313
4 105 3 100 4220305 0.000863455
16 8 3 100 8750840 0.000872180
106 90 3 100 108656 0.000878365
35 40 3 100 743215 0.000887311
32 19 3 100 8501793 0.000891030
58 91 3 100 465861 0.000898261
42 11 3 100 190936 0.000901609
9 37 3 100 3584841 0.000904925
78 119 3 100 47979 0.000934633
93 86 3 100 12275 0.000938290
13 42 3 100 7808228 0.000969110
28 122 3 100 48234 0.000997619
15 123 3 100 117711 0.001031742
99 10 3 100 4529386 0.001037944
62 85 3 100 3913 0.001042437
52 90 3 100 20268527 0.001062324
94 102 3 100 58133 0.001072909
124 112 3 100 1723418 0.001119150
7 124 3 100 17928 0.001136639
63 11 3 100 29102 0.001148410
35 115 3 100 658915 0.001150274
121 117 3 100 50193 0.001152950
112 12 3 100 20328 0.001160548
65 74 3 100 840749 0.001175195
73 7 3 100 2148 0.001180068
37 13 3 100 19991 0.001196982
87 16 3 100 9480 0.001201916
47 29 3 100 44135 0.001203750
14 98 3 100 5171 0.001206838
109 24 3 100 8108418 0.001237711
64 65 3 100 11289 0.001255498
94 13 3 100 9045285 0.001257107
50 56 3 100 72212 0.001258001
126 95 3 100 1168162 0.001293529
103 48 3 100 1751283 0.001314000
108 86 3 100 27770 0.001318569
40 18 3 100 44565 0.001338436
71 89 3 100 29056 0.001361547
115 81 3 100 20351317 0.001387549
20 33 3 100 31441 0.001397349
73 119 3 100 8751334 0.001398884
11 105 3 100 2326401 0.001415053
43 78 3 100 1858044 0.001428776
62 28 3 100 631 0.001434025
107 62 3 100 9178559 0.001440805
101 14 3 100 26342 0.001444320
18 78 3 100 1638917 0.001449837
28 24 3 100 10159710 0.001454896
86 96 3 100 15594 0.001473801
26 2 3 100 9102 0.001494522
105 84 3 100 105212 0.001525172
29 76 3 100 6217 0.001525175
53 50 3 100 7489 0.001556557
24 34 3 100 976978 0.001626855
96 28 3 100 265 0.001699997
55 58 3 100 33486 0.001721825
76 23 3 100 9067087 0.001764707
115 7 3 100 72716 0.001782400
109 0 3 100 68239 0.001805319
119 115 3 100 4686951 0.001806413
25 67 3 100 60050 0.001807562
102 18 3 100 55287 0.001824878
78 44 3 100 65970 0.001843917
44 108 3 100 34407 0.001899906
122 83 3 100 57555 0.001924090
25 60 3 100 297519 0.001925159
42 79 3 100 28370293 0.001933742
116 63 3 100 2972 0.001952698
66 3 3 100 3007669 0.001957200
85 41 3 100 48345 0.002008793
109 46 3 100 59450 0.002040943
67 1 3 100 45410 0.002108159
21 34 3 100 9932780 0.002164042
111 35 3 100 921726 0.002183581
94 9 3 100 190681 0.002213133
8 47 3 100 5328017 0.002240666
92 9 3 100 922392 0.002242710
112 54 3 100 9779250 0.002245846
109 98 3 100 7310 0.002269337
83 25 3 100 26323 0.002287895
30 4 3 100 4646633 0.002319464
108 114 3 100 141923 0.002351304
72 37 3 100 2809435 0.002351324
0 82 3 100 6411649 0.002370800
70 122 3 100 1604270 0.002386474
115 90 3 100 106401 0.002393422
7 25 3 100 38783 0.002400200
6 0 3 100 4024 0.002412619
75 122 3 100 2271 0.002412778
45 33 3 100 18911699 0.002419526
56 13 3 100 7195 0.002424978
28 21 3 100 4777 0.002429251
26 117 3 100 108360 0.002434571
28 97 3 100 68392 0.002451798
40 78 3 100 51681 0.002467422
48 97 3 100 8186 0.002473372
76 45 3 100 8285 0.002473623
123 100 3 100 8878149 0.002473842
104 126 3 100 1416183 0.002487523
74 111 3 100 155040 0.002488720
20 32 3 100 9364452 0.002537361
121 72 3 100 8176465 0.002537571
76 104 3 100 34661 0.002558219
31 15 3 100 3624531 0.002568059
60 110 3 100 91600 0.002589180
55 94 3 100 10871 0.002600871
116 21 3 100 158541 0.002621529
92 52 3 100 192564 0.002625479
106 71 3 100 44963 0.002654997
65 36 3 100 1679622 0.002655730
50 120 3 100 25120 0.002722589
52 7 3 100 21065427 0.002726838
41 93 3 100 23954 0.002735823
65 82 3 100 9993032 0.002736359
85 23 3 100 5644824 0.002741969
50 73 3 100 3537713 0.002808602
79 72 3 100 1131107 0.002814373
120 20 3 100 28626 0.002842762
99 80 3 100 609 0.002878038
6 79 3 100 63487 0.002900580
1 5 3 100 32899 0.002932039
43 54 3 100 4306 0.002935786
108 114 3 100 40922 0.003015516
33 7 3 100 20065 0.003060146
103 11 3 100 3598 0.003061789
45 50 3 100 56983 0.003070355
80 51 3 100 27223 0.003077588
22 119 3 100 25267 0.003077916
96 17 3 100 180461 0.003087476
20 106 3 100 59241 0.003090184
89 45 3 100 126287 0.003126698
70 69 3 100 238 0.003134889
114 23 3 100 60963 0.003138739
113 34 3 100 726062 0.003159919
109 43 3 100 2648224 0.003210146
1 107 3 100 3788796 0.003218881
43 88 3 100 5534 0.003225210
6 104 3 100 7487080 0.003235498
90 18 3 100 36026 0.003237068
39 101 3 100 141 0.003258389
7 33 3 100 10729 0.003275811
110 20 3 100 3283195 0.003336013
87 20 3 100 3878383 0.003389677
31 61 3 100 6544 0.003444603
15 14 3 100 5480556 0.003465516
119 8 3 100 23073 0.003468168
48 102 3 100 64908 0.003468454
43 42 3 100 978008 0.003479879
81 67 3 100 13357 0.003511573
39 62 3 100 1683402 0.003519686
89 105 3 100 1549826 0.003542932
30 28 3 100 18495 0.003558108
115 69 3 100 2296214 0.003561805
42 0 3 100 90458 0.003601436
37 21 3 100 28169 0.003649219
57 24 3 100 690012 0.003651265
68 81 3 100 61243 0.003653451
94 26 3 100 76954 0.003657731
93 115 3 100 6169 0.003693093
3 36 3 100 22554 0.003708762
61 20 3 100 46908 0.003718946
22 76 3 100 3982962 0.003770528
85 119 3 100 177674 0.003798365
67 36 3 100 18191 0.003817198
70 20 3 100 66192 0.003851464
43 24 3 100 9529 0.003874767
91 20 3 100 34242 0.003912355
126 107 3 100 6809 0.003939238
105 77 3 100 9351114 0.003944273
125 77 3 100 4613974 0.003955384
31 20 3 100 30337 0.003962373
77 39 3 100 2833 0.003969478
11 85 3 100 25730 0.003996634
114 20 3 100 4935078 0.004005217
49 78 3 100 55221 0.004039193
32 122 3 100 9718 0.004053891
36 115 3 100 20221 0.004063285
13 109 3 100 1493607 0.004069480
42 27 3 100 934867 0.004083465
25 101 3 100 47533 0.004103540
39 1 3 100 6327138 0.004135563
90 113 3 100 3283747 0.004146027
105 76 3 100 19256 0.004148602
76 41 3 100 69026 0.004170672
85 78 3 100 60419 0.004181149
58 7 3 100 877070 0.004191000
93 17 3 100 830969 0.004221582
46 14 3 100 3740628 0.004235395
115 7 3 100 5203948 0.004276345
32 99 3 100 68094 0.004276659
115 117 3 100 23705 0.004305670
70 103 3 100 4355 0.004311100
26 30 3 100 58122 0.004312214
35 15 3 100 91042 0.004320755
118 56 3 100 599004 0.004323944
65 92 3 100 1272511 0.004355071
19 110 3 100 279614 0.004359651
60 16 3 100 27136 0.004359952
69 94 3 100 155753 0.004364409
78 67 3 100 828130 0.004379994
40 42 3 100 1710 0.004401204
20 67 3 100 1690319 0.004434155
60 71 3 100 72192 0.004445322
45 111 3 100 4225 0.004459117
53 86 3 100 55368 0.004465967
82 63 3 100 12671 0.004472100
21 72 3 100 196620 0.004480055
112 7 3 100 2563154 0.004489237
61 84 3 100 161205 0.004491336
38 64 3 100 4970140 0.004492381
15 61 3 100 3237 0.004525495
109 3 3 100 240263 0.004529162
58 106 3 100 824155 0.004537682
98 71 3 100 4366976 0.004539771
32 62 3 100 1360190 0.004542765
70 127 3 100 716525 0.004543233
82 53 3 100 5916750 0.004554980
55 82 3 100 63221 0.004560784
88 58 3 100 771057 0.004571092
12 62 3 100 69077 0.004573789
62 15 3 100 133303 0.004582524
125 92 3 100 26608 0.004591473
54 105 3 100 1447 0.004597973
103 96 3 100 834770 0.004662031
16 61 3 100 53819 0.004667499
4 25 3 100 107075 0.004673897
106 32 3 100 763982 0.004678562
2 72 3 100 88340 0.004705907
8 58 3 100 25784 0.004710292
85 21 3 100 1969749 0.004715535
15 50 3 100 30004 0.004717276
82 36 3 100 6913331 0.004746074
39 46 3 100 1365921 0.004753244
72 37 3 100 2986462 0.004763184
26 60 3 100 5650258 0.004765972
66 89 3 100 8141636 0.004770952
110 58 3 100 717591 0.004794417
74 124 3 100 58296 0.004796133
85 3 3 100 32873 0.004805751
57 100 3 100 23691 0.004811613
107 44 3 100 3874 0.004828747
84 29 3 100 2180 0.004838272
92 30 3 100 1107 0.004849004
75 5 3 100 168391 0.004875211
23 28 3 100 71289 0.004887845
74 26 3 100 197111 0.004910693
23 120 3 100 28624 0.004911821
59 107 3 100 773723 0.004930669
11 91 3 100 1294295 0.004941673
62 68 3 100 3194319 0.004951414
107 60 3 100 6158686 0.004962044
6 45 3 100 1130566 0.004964240
45 79 3 100 3825667 0.004975705
28 125 3 100 5070 0.004978277
61 5 3 100 35437 0.004987276
20 125 3 100 3410100 0.004999896
10 17 3 100 50653 0.005013918
40 37 3 100 1239154 0.005016817
29 10 3 100 3003 0.005025098
85 80 3 100 4425999 0.005056909
104 49 3 100 664414 0.005063173
120 79 3 100 1838442 0.005083030
84 45 3 100 42251 0.005108638
37 0 3 100 26354 0.005112822
97 3 3 100 23226 0.005162958
57 45 3 100 4397379 0.005166344
106 28 3 100 3963822 0.005166422
87 31 3 100 152572 0.005175428
29 91 3 100 32053 0.005186984
26 89 3 100 1086686 0.005196620
97 103 3 100 17055 0.005197023
124 122 3 100 9958779 0.005203575
52 24 3 100 144608 0.005226165
108 103 3 100 23262 0.005242724
83 89 3 100 19295 0.005247783
53 79 3 100 5200882 0.005277759
48 88 3 100 8915516 0.005308088
71 17 3 100 6682 0.005335401
33 77 3 100 59412 0.005359401
116 59 3 100 27257 0.005361727
23 4 3 100 6435498 0.005368002
112 18 3 100 6465118 0.005389415
127 39 3 100 1202345 0.005421942
68 4 3 100 71621 0.005422872
26 95 3 100 1782 0.005427657
91 10 3 100 704561 0.005438284
47 38 3 100 1466 0.005442726
38 0 3 100 1997793 0.005454088
38 40 3 100 5659051 0.005489211
69 17 3 100 2090115 0.005511665
93 51 3 100 1806123 0.005517792
82 44 3 100 1557388 0.005540448
62 64 3 100 2302427 0.005543796
94 108 3 100 1413581 0.005554931
8 88 3 100 1418140 0.005572088
31 12 3 100 7347 0.005577490
68 63 3 100 3903031 0.005579817
80 103 3 100 11436059 0.005596593
2 58 3 100 426563 0.005616263
3 47 3 100 786 0.005638059
90 127 3 100 29252042 0.005650884
7 52 3 100 6992344 0.005652280
64 53 3 100 43392 0.005705485
96 57 3 100 21328 0.005719192
24 115 3 100 2269032 0.005719217
72 94 3 100 79987 0.005719407
121 68 3 100 17274 0.005776970
88 126 3 100 1292 0.005795476
54 97 3 100 3408 0.005807631
35 40 3 100 1252913 0.005826642
59 17 3 100 19595644 0.005848742
69 79 3 100 21044206 0.005858673
93 84 3 100 4375657 0.005859553
61 66 3 100 9138 0.005859815
64 68 3 100 2547481 0.005869721
86 25 3 100 7338 0.005870557
10 97 3 100 63710 0.005874536
115 13 3 100 1253270 0.005889654
50 96 3 100 173636 0.005898908
96 58 3 100 22333 0.005903057
108 101 3 100 1159350 0.005966954
29 100 3 100 779947 0.005971678
7 76 3 100 5679481 0.005974151
32 48 3 100 18019 0.005977995
48 36 3 100 6439225 0.006008556
30 18 3 100 19845 0.006009019
23 8 3 100 4066112 0.006040821
47 120 3 100 7898 0.006042079
59 9 3 100 28489 0.006050544
108 37 3 100 32722 0.006083347
58 74 3 100 7251988 0.006090741
73 9 3 100 62816 0.006104484
26 119 3 100 24089 0.006107411
3 95 3 100 2397 0.006109968
6 96 3 100 60811 0.006118764
93 53 3 100 5981889 0.006128567
103 95 3 100 19200 0.006130172
117 51 3 100 1789334 0.006139020
23 96 3 100 4143444 0.006140108
79 87 3 100 3337640 0.006145472
77 67 3 100 3515122 0.006205802
118 98 3 100 125378 0.006217513
102 46 3 100 915587 0.006231110
58 79 3 100 610712 0.006231631
17 117 3 100 185477 0.006242392
35 57 3 100 11166 0.006249913
34 107 3 100 9553371 0.006267864
119 94 3 100 4829083 0.006271097
118 81 3 100 74252 0.006278625
34 42 3 100 11782 0.006293069
62 108 3 100 20721 0.006309114
117 104 3 100 6927 0.006321565
40 92 3 100 8076 0.006325371
62 22 3 100 2449849 0.006336655
107 86 3 100 3631 0.006340441
22 86 3 100 469699 0.006350956
107 54 3 100 22780 0.006355292
114 43 3 100 30458 0.006359963
43 7 3 100 29116 0.006371947
58 69 3 100 67197 0.006373978
47 81 3 100 1821801 0.006396952
8 106 3 100 618248 0.006416577
30 122 3 100 24209 0.006419742
72 40 3 100 390918 0.006474257
94 34 3 100 21779 0.006496101
71 18 3 100 66492 0.006519843
68 91 3 100 6830649 0.006521846
15 11 3 100 1235300 0.006525776
113 20 3 100 11169 0.006542518
113 125 3 100 1404271 0.006591509
80 37 3 100 8098733 0.006601150
79 75 3 100 1625371 0.006611469
1 30 3 100 76663 0.006626062
0 67 3 100 69135 0.006641934
6 1 3 100 17531 0.006683091
53 20 3 100 125390 0.006716181
114 78 3 100 24491 0.006719002
121 23 3 100 8542 0.006725324
91 101 3 100 6107328 0.006728421
49 118 3 100 4176617 0.006748191
3 82 3 100 4398 0.006749741
105 14 3 100 9878 0.006752902
118 26 3 100 974915 0.006755975
40 112 3 100 53689 0.006765667
125 79 3 100 516336 0.006770687
77 124 3 100 1136652 0.006771301
49 4 3 100 21146 0.006773837
48 90 3 100 74908 0.006795089
15 44 3 100 535136 0.006805259
53 36 3 100 35089 0.006837189
40 122 3 100 9517922 0.006838837
4 72 3 100 10730469 0.006866657
87 98 3 100 10355 0.006869772
70 73 3 100 114203 0.006911124
69 86 3 100 57418 0.006921824
98 118 3 100 7112362 0.006952968
24 75 3 100 5578 0.006963775
126 29 3 100 41936 0.006964691
88 57 3 100 1275515 0.006986004
57 40 3 100 418163 0.006987020
16 6 3 100 633194 0.007000572
58 108 3 100 50751 0.007016090
63 13 3 100 1126498 0.007020222
104 21 3 100 28809 0.007074198
70 63 3 100 39483 0.007090239
73 36 3 100 300961 0.007103137
15 20 3 100 34168 0.007103411
14 108 3 100 420 0.007105658
41 7 3 100 83488 0.007111019
75 73 3 100 136069 0.007143806
86 96 3 100 76170 0.007146781
90 32 3 100 6334657 0.007150635
114 87 3 100 173437 0.007155154
41 34 3 100 392278 0.007159470
58 119 3 100 4410 0.007174400
12 26 3 100 117669 0.007182997
13 3 3 100 516699 0.007190741
50 41 3 100 24261 0.007210571
93 15 3 100 163216 0.007244092
122 68 3 100 19562 0.007245615
124 31 3 100 1267278 0.007251619
36 91 3 100 26618 0.007259823
7 68 3 100 13019 0.007267133
48 67 3 100 49974 0.007277432
66 123 3 100 1883588 0.007287618
91 125 3 100 29499 0.007327881
83 70 3 100 3009 0.007338607
36 22 3 100 29200 0.007343105
25 70 3 100 1467 0.007376539
112 58 3 100 19944 0.007402609
88 85 3 100 9432114 0.007415490
113 65 3 100 9290209 0.007419606
12 54 3 100 1680046 0.007432956
58 18 3 100 510030 0.007460054
96 83 3 100 6702899 0.007460439
102 54 3 100 20507 0.007475862
54 93 3 100 971903 0.007517691
49 119 3 100 1878 0.007530803
40 34 3 100 3128168 0.007531409
1 47 3 100 38927 0.007552725
71 53 3 100 25835 0.007600581
123 29 3 100 2658018 0.007604509
79 99 3 100 1758990 0.007614098
64 118 3 100 2868445 0.007615573
59 97 3 100 29668 0.007627540
41 97 3 100 8732413 0.007637798
51 95 3 100 54057 0.007652929
20 7 3 100 1911487 0.007665126
51 19 3 100 21482 0.007668630
9 118 3 100 51771 0.007677082
48 73 3 100 841648 0.007705361
47 51 3 100 47387 0.007711866
13 38 3 100 4888364 0.007724389
39 41 3 100 234463 0.007729778
17 63 3 100 14391 0.007748481
42 73 3 100 310365 0.007768776
25 88 3 100 217251 0.007771828
125 61 3 100 3894190 0.007787028
120 61 3 100 14618 0.007811029
29 49 3 100 6535576 0.007813388
0 83 3 100 1943217 0.007815493
93 46 3 100 62182 0.007820249
49 93 3 100 61721 0.007825125
58 105 3 100 57998 0.007945189
67 120 3 100 25444 0.007948352
5 117 3 100 79712 0.007950631
21 127 3 100 3285435 0.007966424
0 77 3 100 3323 0.007968608
74 29 3 100 752374 0.007995684
50 61 3 100 1795934 0.007996782
9 97 3 100 1354587 0.008005686
21 56 3 100 1882108 0.008029206
111 51 3 100 2087038 0.008033748
61 35 3 100 9565818 0.008035821
105 74 3 100 1089415 0.008036414
117 120 3 100 47752 0.008038341
45 100 3 100 4836 0.008064963
65 46 3 100 115614 0.008067799
67 45 3 100 1964115 0.008095048
123 90 3 100 1308946 0.008098087
124 78 3 100 79977 0.008124828
61 96 3 100 813487 0.008130657
44 76 3 100 49108 0.008155912
67 110 3 100 141669 0.008160336
35 55 3 100 1867473 0.008160885
90 80 3 100 4854672 0.008173711
76 45 3 100 9895 0.008190034
14 30 3 100 52343 0.008194204
127 45 3 100 54177 0.008216787
11 59 3 100 70371 0.008228770
86 108 3 100 1482929 0.008233785
29 93 3 100 296347 0.008237078
19 49 3 100 7215210 0.008240045
33 2 3 100 23633 0.008261446
111 28 3 100 844301 0.008269596
76 43 3 100 56026 0.008278628
40 100 3 100 20125 0.008308194
9 97 3 100 6238072 0.008322757
2 108 3 100 320 0.008338594
65 27 3 100 7924763 0.008349524
44 86 3 100 584252 0.008366230
90 56 3 100 9525805 0.008392551
18 56 3 100 4498850 0.008393818
9 61 3 100 184517 0.008394667
48 117 3 100 67576 0.008414972
47 40 3 100 1436756 0.008464969
115 98 3 100 27006 0.008474309
7 93 3 100 35777 0.008474996
127 85 3 100 753815 0.008479524
4 75 3 100 763485 0.008491215
122 52 3 100 35749 0.008492082
117 25 3 100 34546 0.008541021
26 5 3 100 21815 0.008542830
95 114 3 100 1745237 0.008559798
74 97 3 100 79330 0.008572973
121 41 3 100 28678 0.008573289
41 119 3 100 10546 0.008592294
46 104 3 100 8031 0.008612795
39 3 3 100 190901 0.008618272
117 19 3 100 57930 0.008619312
59 120 3 100 56215 0.008621529
118 55 3 100 42407 0.008625727
28 86 3 100 32633 0.008646803
93 65 3 100 16845 0.008669133
60 50 3 100 6119604 0.008683287
107 96 3 100 46680 0.008714075
84 7 3 100 29785 0.008716398
70 7 3 100 62440 0.008717215
10 12 3 100 1753901 0.008740151
50 66 3 100 11117 0.008747067
20 16 3 100 4348338 0.008763387
57 36 3 100 76041 0.008783897
109 84 3 100 135985 0.008800252
115 124 3 100 71667 0.008800732
63 100 3 100 4508876 0.008840007
12 19 3 100 3476377 0.008849017
66 88 3 100 55113 0.008857725
52 3 3 100 29617 0.008869877
100 88 3 100 754386 0.008877707
98 127 3 100 1636431 0.008878054
87 124 3 100 7456098 0.008879030
59 116 3 100 71072 0.008910815
35 29 3 100 2790562 0.008919301
94 68 3 100 1698 0.008927523
63 5 3 100 68954 0.008929816
56 114 3 100 5171263 0.008949684
99 40 3 100 4948821 0.008969381
28 8 3 100 28194 0.008979495
104 23 3 100 4512703 0.008988306
103 80 3 100 1722946 0.008994463
117 99 3 100 17732497 0.009001220
32 66 3 100 67546 0.009003662
46 36 3 100 8730 0.009007304
92 80 3 100 12194 0.009008036
23 9 3 100 4663960 0.009027314
123 34 3 100 9207120 0.009037830
108 100 3 100 626392 0.009038759
51 30 3 100 24199119 0.009061898
107 8 3 100 59530 0.009074778
8 123 3 100 75447 0.009082963
64 37 3 100 4416 0.009103915
87 71 3 100 3778825 0.009107423
63 29 3 100 19895 0.009111002
114 21 3 100 1167645 0.009119080
13 86 3 100 77052 0.009135324
30 27 3 100 1632371 0.009173847
57 62 3 100 216408 0.009188597
79 3 3 100 7231 0.009203118
51 79 3 100 882004 0.009259446
79 21 3 100 426561 0.009260411
115 14 3 100 76329 0.009264927
71 0 3 100 1262916 0.009266840
107 13 3 100 45878 0.009298604
42 60 3 100 4075281 0.009307323
79 30 3 100 1614116 0.009310183
20 96 3 100 971786 0.009320793
110 52 3 100 9343 0.009329082
2 54 3 100 1959635 0.009334872
72 99 3 100 53514 0.009358638
55 68 3 100 79144 0.009360410
68 86 3 100 201926 0.009389253
7 47 3 100 1944290 0.009392818
8 67 3 100 518899 0.009393605
29 46 3 100 1236212 0.009403452
16 5 3 100 43371 0.009404384
99 109 3 100 1436169 0.009421083
125 107 3 100 50603 0.009444019
61 107 3 100 27227 0.009456536
117 105 3 100 18718 0.009463047
47 76 3 100 78577 0.009466897
102 53 3 100 109 0.009472273
21 105 3 100 67631 0.009472406
78 75 3 100 66229 0.009480204
122 93 3 100 13342 0.009489011
64 30 3 100 9666310 0.009490061
112 123 3 100 509 0.009499564
99 36 3 100 99658 0.009506503
65 48 3 100 67651 0.009514753
36 63 3 100 10271293 0.009522010
50 3 3 100 57750 0.009539410
84 49 3 100 305775 0.009545727
60 39 3 100 21707 0.009566221
98 22 3 100 60770 0.009583169
94 53 3 100 40313 0.009621404
48 116 3 100 860834 0.009670125
53 120 3 100 378786 0.009679843
93 10 3 100 1053992 0.009686785
40 57 3 100 3941598 0.009700219
1 18 3 100 31465 0.009711789
106 111 3 100 7121 0.009736669
20 78 3 100 45610 0.009738897
108 10 3 100 126786 0.009743453
30 44 3 100 181430 0.009747378
23 19 3 100 48448 0.009748389
74 113 3 100 74055 0.009766961
25 31 3 100 62292 0.009775087
63 78 3 100 3241332 0.009779985
18 77 3 100 26770 0.009813230
126 33 3 100 65126 0.009814629
64 20 3 100 6557 0.009821952
47 127 3 100 50831 0.009837731
103 25 3 100 1536312 0.009846848
120 51 3 100 54397 0.009871703
62 48 3 100 4708668 0.009878568
49 44 3 100 8517949 0.009881347
76 64 3 100 954859 0.009889092
114 69 3 100 1192200 0.009897373
26 69 3 100 1399655 0.009902114
18 77 3 100 1873450 0.009933427
117 109 3 100 9522 0.009991714
53 95 3 100 34774 0.009997645
64 55 3 100 9504117 0.009998379
51 61 3 100 22393 0.010001104
34 71 3 100 815091 0.010017015
109 61 3 100 2069656 0.010036562
93 63 3 100 74677 0.010041669
120 27 3 100 455376 0.010044015
73 30 3 100 40018 0.010054874
124 105 3 100 156270 0.010055642
65 67 3 100 4993379 0.010082611
127 57 3 100 29891 0.010090869
103 25 3 100 17408877 0.010104076
105 36 3 100 5689 0.010124309
96 55 3 100 4884225 0.010145422
117 31 3 100 75416 0.010161441
92 122 3 100 468145 0.010171804
71 61 3 100 49898 0.010213088
97 20 3 100 4572351 0.010236913
75 0 3 100 1402531 0.010255878
98 36 3 100 66443 0.010262315
77 50 3 100 46019 0.010263432
23 120 3 100 13240 0.010279904
28 48 3 100 55114 0.010289295
8 58 3 100 656074 0.010294246
20 77 3 100 5673 0.010339031
3 64 3 100 8145453 0.010361233
17 95 3 100 24961 0.010365277
72 15 3 100 3844 0.010371574
39 5 3 100 7087 0.010382459
61 23 3 100 4516 0.010383809
62 81 3 100 1394 0.010458457
20 52 3 100 50347 0.010508329
83 97 3 100 416421 0.010529952
50 43 3 100 29210722 0.010530053
122 75 3 100 712 0.010535917
123 55 3 100 1805 0.010535976
54 91 3 100 3572796 0.010554879
92 90 3 100 6957 0.010557324
38 89 3 100 66460 0.010609964
110 100 3 100 947708 0.010615505
120 60 3 100 30069 0.010629360
42 103 3 100 6186143 0.010630783
44 22 3 100 6198 0.010636407
91 112 3 100 14951999 0.010697757
113 106 3 100 35867 0.010697844
53 117 3 100 2415 0.010709912
79 55 3 100 58099 0.010735808
86 120 3 100 162171 0.010770351
13 7 3 100 22236 0.010771565
49 101 3 100 61 0.010792357
32 11 3 100 575795 0.010798990
117 68 3 100 45562 0.010808656
80 93 3 100 47460 0.010858628
98 123 3 100 1282 0.010911807
67 40 3 100 75036 0.010955492
103 60 3 100 28540980 0.010967468
5 80 3 100 9510672 0.011043841
15 88 3 100 57887 0.011050238
112 114 3 100 43653 0.011069564
47 95 3 100 1803187 0.011080291
57 102 3 100 7153 0.011125424
57 6 3 100 940844 0.011130952
2 41 3 100 1770688 0.011133634
57 103 3 100 6611 0.011135243
19 26 3 100 53420 0.011141655
103 65 3 100 704931 0.011166674
30 104 3 100 3513719 0.011190177
21 37 3 100 88568 0.011197697
32 55 3 100 53309 0.011206669
70 51 3 100 28762332 0.011217257
116 60 3 100 30679 0.011221304
0 104 3 100 49890 0.011231297
68 1 3 100 8945 0.011236051
89 121 3 100 1326582 0.011242051
126 53 3 100 10348 0.011254788
85 90 3 100 5323 0.011278364
78 68 3 100 75704 0.011287382
64 117 3 100 51906 0.011298523
56 30 3 100 2250 0.011300339
123 5 3 100 11565 0.011306705
56 29 3 100 656504 0.011307757
46 96 3 100 62842 0.011322736
60 26 3 100 987720 0.011324973
31 84 3 100 37062 0.011332278
122 75 3 100 501684 0.011340059
49 14 3 100 4633669 0.011355967
99 77 3 100 66879 0.011373642
68 122 3 100 75460 0.011380475
63 10 3 100 4834 0.011431987
91 87 3 100 77225 0.011448195
66 49 3 100 48846 0.011471946
105 48 3 100 195894 0.011493144
68 70 3 100 75334 0.011522805
97 87 3 100 178206 0.011527167
94 38 3 100 2502530 0.011534554
14 0 3 100 1675369 0.011542457
40 68 3 100 20913 0.011544971
48 60 3 100 142972 0.011559252
57 108 3 100 33932 0.011563153
34 44 3 100 8035 0.011570775
33 75 3 100 3634788 0.011576015
84 5 3 100 13456 0.011592525
85 92 3 100 2734 0.011597389
25 124 3 100 1364728 0.011611382
16 65 3 100 115103 0.011720479
116 25 3 100 72198 0.011736223
55 103 3 100 19081 0.011743763
64 3 3 100 75818 0.011770470
48 30 3 100 30092 0.011788293
127 58 3 100 706552 0.011794962
8 15 3 100 101067 0.011810422
26 108 3 100 738689 0.011816182
80 114 3 100 18557 0.011820479
69 86 3 100 51938 0.011821175
116 97 3 100 8911809 0.011844592
84 67 3 100 579280 0.011861858
43 19 3 100 952 0.011862810
80 93 3 100 75994 0.011880164
13 48 3 100 2110332 0.011881269
38 86 3 100 197866 0.011884323
109 86 3 100 45212 0.011905640
86 50 3 100 3691364 0.011912908
10 71 3 100 54056 0.011931251
10 27 3 100 28821 0.011944148
79 110 3 100 2696101 0.011951589
11 58 3 100 41185 0.011960009
82 9 3 100 2119 0.011964035
68 14 3 100 7906 0.011977168
104 24 3 100 3295969 0.011987621
18 85 3 100 5770738 0.012005178
81 8 3 100 8915908 0.012008195
109 89 3 100 8016 0.012013810
14 103 3 100 736463 0.012020596
109 94 3 100 32576 0.012023997
26 6 3 100 70668 0.012037390
49 87 3 100 28454 0.012049127
4 102 3 100 52262 0.012057093
40 119 3 100 313866 0.012060831
48 11 3 100 984699 0.012061255
9 34 3 100 4981270 0.012069253
81 70 3 100 19706 0.012090927
49 52 3 100 8655244 0.012141356
65 119 3 100 18475518 0.012154265
7 53 3 100 21167 0.012165415
12 126 3 100 89391 0.012176851
18 116 3 100 40668 0.012220121
90 69 3 100 9709430 0.012240571
49 62 3 100 5868 0.012262829
94 77 3 100 36401 0.012265645
55 6 3 100 32314 0.012274861
30 13 3 100 9722585 0.012276244
87 110 3 100 37336 0.012305981
91 41 3 100 21751 0.012328082
123 58 3 100 22088 0.012348472
38 120 3 100 52788 0.012365658
55 72 3 100 3067601 0.012401685
34 1 3 100 94043 0.012411971
21 125 3 100 54655 0.012421907
58 55 3 100 32523 0.012448239
50 80 3 100 47934 0.012483449
31 39 3 100 9012725 0.012564942
26 102 3 100 947373 0.012574904
59 79 3 100 7585 0.012577091
93 70 3 100 169440 0.012605799
35 8 3 100 12731 0.012624137
68 59 3 100 44664 0.012633795
12 28 3 100 16107 0.012663842
42 30 3 100 12409 0.012682694
99 31 3 100 1141832 0.012689595
74 115 3 100 22546 0.012702642
39 68 3 100 100280 0.012708406
105 111 3 100 15273 0.012720229
10 116 3 100 119295 0.012727929
26 13 3 100 6767 0.012741996
24 44 3 100 16849493 0.012751480
74 123 3 100 41893 0.012773917
93 56 3 100 80 0.012810790
92 40 3 100 8708529 0.012838711
68 98 3 100 1265704 0.012869873
38 19 3 100 1849435 0.012875823
69 15 3 100 28541959 0.012890493
60 113 3 100 8750930 0.012946480
110 81 3 100 9115 0.012949384
30 21 3 100 558126 0.012953414
120 113 3 100 115099 0.012955231
112 127 3 100 145490 0.012955612
64 72 3 100 6720322 0.012961545
102 95 3 100 4521 0.012967803
37 121 3 100 581510 0.012976154
48 53 3 100 63510 0.012986827
86 28 3 100 4149899 0.012994773
25 10 3 100 4803445 0.012998758
114 17 3 100 33347 0.013042882
127 5 3 100 145324 0.013062751
97 11 3 100 28817 0.013063256
25 92 3 100 31012 0.013072368
89 0 3 100 590287 0.013084360
92 126 3 100 20457 0.013110485
46 60 3 100 2560 0.013135293
24 99 3 100 8229 0.013146269
14 17 3 100 608601 0.013163923
6 85 3 100 9307 0.013172640
46 10 3 100 1297 0.013179184
16 9 3 100 1767286 0.013180302
122 32 3 100 392431 0.013195994
112 121 3 100 931818 0.013198037
116 110 3 100 74261 0.013216751
28 78 3 100 3319805 0.013225006
63 50 3 100 47787 0.013225289
86 113 3 100 3731 0.013282772
100 118 3 100 370159 0.013290412
53 91 3 100 29833890 0.013304208
85 22 3 100 51432 0.013344568
64 14 3 100 42328 0.013355044
32 106 3 100 63105 0.013357283
5 77 3 100 26898 0.013370314
86 40 3 100 510586 0.013373098
20 55 3 100 17531 0.013377171
25 28 3 100 12833 0.013404908
39 97 3 100 52375 0.013448701
107 119 3 100 4643 0.013451663
19 105 3 100 26208 0.013459275
40 49 3 100 629679 0.013474329
121 124 3 100 16975983 0.013479537
115 16 3 100 64505 0.013480254
117 25 3 100 191352 0.013484390
7 58 3 100 3608175 0.013486719
4 26 3 100 3514 0.013519642
25 53 3 100 364 0.013534831
124 49 3 100 20979888 0.013559475
46 17 3 100 2588341 0.013585409
79 107 3 100 48752 0.013590265
73 45 3 100 37185 0.013616544
9 86 3 100 1071456 0.013620868
54 23 3 100 50539 0.013630420
43 26 3 100 19868 0.013631404
35 46 3 100 73202 0.013668003
18 75 3 100 9216 0.013677037
49 115 3 100 709050 0.013692615
10 110 3 100 22154 0.013700242
22 20 3 100 48619 0.013706206
93 99 3 100 27920 0.013719270
31 87 3 100 16159 0.013735248
59 14 3 100 678451 0.013773249
71 20 3 100 12728 0.013814850
97 36 3 100 7509372 0.013863944
14 92 3 100 4637 0.013876350
34 98 3 100 943980 0.013892669
81 87 3 100 1770610 0.013897759
81 22 3 100 25735 0.013922906
47 69 3 100 176151 0.013930009
107 35 3 100 4738 0.013940732
58 112 3 100 171058 0.014011806
94 56 3 100 1134281 0.014017135
50 78 3 100 5581 0.014020324
92 54 3 100 9560 0.014029813
120 0 3 100 146928 0.014069126
65 95 3 100 944885 0.014073843
116 29 3 100 8502551 0.014077192
44 20 3 100 67744 0.014078920
39 22 3 100 1886 0.014093571
87 2 3 100 78894 0.014103374
14 1 3 100 54301 0.014109812
96 45 3 100 39590 0.014132905
73 34 3 100 1919410 0.014133106
46 69 3 100 3811253 0.014176104
82 43 3 100 272230 0.014179282
116 36 3 100 24219 0.014184335
63 41 3 100 1667187 0.014189686
73 15 3 100 1889 0.014218840
55 86 3 100 199693 0.014234346
17 39 3 100 45107 0.014235634
45 47 3 100 199080 0.014247848
14 86 3 100 91759 0.014249841
73 45 3 100 18938 0.014253482
108 40 3 100 70545 0.014267742
112 35 3 100 621610 0.014294565
94 46 3 100 78159 0.014302106
121 113 3 100 66504 0.014322108
121 61 3 100 2240924 0.014326315
52 49 3 100 15712887 0.014355666
69 9 3 100 42233 0.014376583
20 36 3 100 86250 0.014385116
56 78 3 100 16662 0.014385208
49 110 3 100 164582 0.014406621
109 89 3 100 78477 0.014407905
111 98 3 100 61883 0.014432454
96 31 3 100 7242358 0.014450640
39 107 3 100 7015 0.014466926
119 74 3 100 7024 0.014481363
64 39 3 100 78110 0.014504634
79 86 3 100 1946919 0.014523443
38 3 3 100 3220143 0.014527375
18 63 3 100 31471 0.014530599
80 86 3 100 11900 0.014533625
39 103 3 100 462249 0.014551683
124 36 3 100 205498 0.014556309
72 5 3 100 15177 0.014563388
100 83 3 100 45282 0.014576032
27 126 3 100 181880 0.014620601
1 90 3 100 20014 0.014638391
9 74 3 100 32805 0.014643024
120 87 3 100 27771 0.014643348
45 98 3 100 160962 0.014644168
14 76 3 100 68643 0.014654481
23 0 3 100 1106 0.014662295
106 76 3 100 745845 0.014682047
19 21 3 100 8571 0.014688051
56 87 3 100 4894 0.014690189
41 28 3 100 8471 0.014727077
110 12 3 100 3972673 0.014735333
119 108 3 100 28921 0.014753455
77 54 3 100 73312 0.014761493
127 33 3 100 15433974 0.014765366
126 87 3 100 1446 0.014771180
82 101 3 100 51991 0.014792541
12 52 3 100 3712997 0.014793617
18 38 3 100 4290135 0.014805640
18 16 3 100 64153 0.014821370
44 63 3 100 47186 0.014831011
121 1 3 100 17907 0.014846426
46 63 3 100 6413 0.014857321
10 87 3 100 15558253 0.014858557
10 4 3 100 13523 0.014877868
46 124 3 100 1271390 0.014883463
39 105 3 100 7439 0.014895430
8 68 3 100 7681734 0.014908754
113 67 3 100 74196 0.014941772
24 83 3 100 174590 0.014971306
2 14 3 100 1268677 0.014978655
51 18 3 100 36086 0.015002352
53 8 3 100 36246 0.015055827
99 2 3 100 28073 0.015056116
68 38 3 100 68593 0.015065784
96 72 3 100 29171 0.015074124
2 21 3 100 29547449 0.015077197
69 55 3 100 1684925 0.015078956
98 81 3 100 28045 0.015097743
53 122 3 100 8248 0.015113030
5 36 3 100 741899 0.015152538
85 51 3 100 18753 0.015169891
38 92 3 100 29391 0.015189985
80 101 3 100 18739978 0.015207504
40 75 3 100 2497793 0.015223550
47 44 3 100 3168193 0.015240840
89 9 3 100 577120 0.015244168
48 32 3 100 3577 0.015274573
49 25 3 100 3011 0.015286980
20 41 3 100 1377069 0.015295846
57 77 3 100 579037 0.015318278
20 68 3 100 543764 0.015320671
60 106 3 100 33143 0.015331533
87 17 3 100 7170685 0.015357245
68 78 3 100 49150 0.015360021
115 11 3 100 132386 0.015394284
4 32 3 100 7762 0.015404988
38 83 3 100 1263952 0.015405886
30 52 3 100 1884691 0.015434904
86 89 3 100 1085745 0.015443181
0 73 3 100 163688 0.015450591
90 105 3 100 562371 0.015456522
74 43 3 100 4083813 0.015474643
64 30 3 100 11341 0.015476992
74 52 3 100 43623 0.015495653
20 30 3 100 37328 0.015516515
103 112 3 100 873911 0.015534450
21 127 3 100 1580626 0.015552198
106 120 3 100 3873741 0.015571418
110 104 3 100 1081914 0.015573625
9 18 3 100 34138 0.015573859
55 95 3 100 2287 0.015581539
64 110 3 100 11333655 0.015622726
100 52 3 100 796105 0.015635456
111 3 3 100 66716 0.015643636
38 40 3 100 1213160 0.015664043
23 91 3 100 1352 0.015681492
26 84 3 100 34320 0.015681602
67 40 3 100 1025573 0.015718886
60 48 3 100 36083 0.015724011
46 40 3 100 28457 0.015754071
75 83 3 100 52147 0.015754644
28 46 3 100 3415580 0.015765766
8 53 3 100 199363 0.015813028
85 48 3 100 60420 0.015835768
84 62 3 100 52101 0.015840040
14 63 3 100 23421338 0.015846492
33 119 3 100 78617 0.015881231
1 65 3 100 271111 0.015896904
17 77 3 100 37483 0.015902332
85 13 3 100 19475 0.015910490
116 124 3 100 2779 0.015922724
52 103 3 100 311457 0.015926146
121 74 3 100 189509 0.015965580
11 53 3 100 1722194 0.015989011
124 46 3 100 2762 0.015993040
121 113 3 100 3272 0.016017437
80 31 3 100 39151 0.016018437
29 31 3 100 2624 0.016034335
21 92 3 100 85374 0.016046345
72 81 3 100 608370 0.016046670
102 56 3 100 25571 0.016053122
93 52 3 100 4083900 0.016056600
23 8 3 100 7239 0.016056897
16 99 3 100 18693 0.016060622
23 27 3 100 5243727 0.016071848
85 87 3 100 892074 0.016091000
69 1 3 100 137263 0.016093694
48 26 3 100 7732191 0.016099774
44 41 3 100 29706627 0.016103707
1 57 3 100 269823 0.016124091
56 63 3 100 5008735 0.016144396
17 67 3 100 70265 0.016152626
112 108 3 100 3165 0.016162422
118 122 3 100 999184 0.016186089
59 55 3 100 6662417 0.016195499
2 56 3 100 868491 0.016203205
66 65 3 100 51074 0.016207167
15 61 3 100 48377 0.016241983
72 126 3 100 3607245 0.016249978
54 1 3 100 20630 0.016257705
44 87 3 100 4394 0.016258492
114 32 3 100 434309 0.016267231
7 46 3 100 820590 0.016276468
62 119 3 100 4598 0.016294869
48 80 3 100 412 0.016320081
44 123 3 100 25117 0.016325631
33 55 3 100 6648267 0.016381642
99 120 3 100 76483 0.016451287
120 81 3 100 2147 0.016452965
40 103 3 100 46579 0.016482371
89 51 3 100 5457285 0.016491609
92 122 3 100 24121 0.016513092
13 74 3 100 9129336 0.016556904
127 49 3 100 26439 0.016600303
84 98 3 100 27452 0.016647672
44 111 3 100 975954 0.016652240
95 54 3 100 185145 0.016664823
98 50 3 100 96214 0.016671325
71 86 3 100 1545240 0.016692209
19 115 3 100 4403832 0.016698704
59 71 3 100 174872 0.016702074
107 127 3 100 4473 0.016711784
109 29 3 100 261532 0.016722187
91 87 3 100 42752 0.016727680
66 116 3 100 9158399 0.016729389
40 41 3 100 3608967 0.016757758
112 51 3 100 4925389 0.016760573
109 56 3 100 9731964 0.016762458
103 50 3 100 28173 0.016779289
117 78 3 100 90433 0.016791112
46 86 3 100 148718 0.016796593
56 122 3 100 27036986 0.016802642
51 1 3 100 3658336 0.016820377
99 127 3 100 57215 0.016872440
23 27 3 100 21214 0.016901831
88 116 3 100 31632 0.016912574
54 62 3 100 1443 0.016943032
7 45 3 100 6738648 0.016944312
120 41 3 100 108240 0.016973764
95 55 3 100 8103 0.016982931
15 90 3 100 72557 0.016996218
116 114 3 100 2760929 0.016997437
23 14 3 100 4357422 0.017019941
76 104 3 100 10168 0.017029981
7 121 3 100 4255298 0.017077151
45 67 3 100 48158 0.017083054
126 104 3 100 22771780 0.017103037
2 28 3 100 52591 0.017108303
85 40 3 100 72485 0.017132794
99 44 3 100 5047 0.017203800
28 40 3 100 78307 0.017216098
11 90 3 100 7360496 0.017276823
69 51 3 100 1755428 0.017298218
86 35 3 100 3677909 0.017303931
106 51 3 100 6672382 0.017318423
103 36 3 100 60369 0.017332266
19 38 3 100 216760 0.017341023
96 77 3 100 2312 0.017360336
90 105 3 100 30026 0.017399121
36 7 3 100 59631 0.017406692
127 74 3 100 76867 0.017415307
112 126 3 100 38771 0.017426002
69 31 3 100 51796 0.017436986
61 127 3 100 1063271 0.017464791
61 126 3 100 2513 0.017493343
110 4 3 100 1191119 0.017495026
30 77 3 100 51630 0.017496572
98 77 3 100 22084 0.017500941
123 26 3 100 76135 0.017513757
43 9 3 100 225743 0.017514264
111 88 3 100 3849175 0.017514858
92 1 3 100 16221 0.017538506
79 48 3 100 45277 0.017539422
40 39 3 100 49089 0.017541143
66 15 3 100 78792 0.017559174
91 83 3 100 69120 0.017559779
69 40 3 100 2001301 0.017560061
12 115 3 100 1770 0.017560925
42 76 3 100 63291 0.017575481
42 107 3 100 76468 0.017586986
77 87 3 100 895446 0.017608530
125 88 3 100 11853 0.017612322
81 20 3 100 1358226 0.017621963
35 63 3 100 104650 0.017627362
68 91 3 100 3010093 0.017647381
23 109 3 100 112831 0.017650383
99 33 3 100 1414296 0.017660367
106 48 3 100 4655125 0.017661151
24 5 3 100 69550 0.017662383
124 76 3 100 3216359 0.017680574
43 119 3 100 2459126 0.017702172
118 116 3 100 244875 0.017709282
54 70 3 100 20906133 0.017711624
91 69 3 100 1731 0.017726242
44 47 3 100 9849 0.017744301
18 111 3 100 9779 0.017781120
33 40 3 100 14288 0.017788345
33 6 3 100 2832697 0.017831343
112 25 3 100 1559924 0.017862068
62 124 3 100 70007 0.017862861
76 88 3 100 845864 0.017871779
43 93 3 100 1890851 0.017905115
26 60 3 100 553340 0.017912670
60 13 3 100 7041 0.017929500
83 47 3 100 188629 0.017943898
66 65 3 100 44452 0.017958658
68 2 3 100 78400 0.017958942
43 28 3 100 16917007 0.017962692
77 45 3 100 1351289 0.017987438
28 26 3 100 4290 0.018030744
107 35 3 100 22512 0.018038041
5 49 3 100 4305147 0.018038482
98 112 3 100 6186 0.018039361
127 106 3 100 5342066 0.018095361
19 12 3 100 22811 0.018107971
102 95 3 100 8335 0.018127257
48 73 3 100 374527 0.018129711
51 104 3 100 4537832 0.018130638
15 92 3 100 1989726 0.018135455
113 94 3 100 25607 0.018140359
32 31 3 100 9436 0.018141846
53 124 3 100 8919789 0.018143492
11 47 3 100 89936 0.018149793
81 16 3 100 25014033 0.018155623
2 65 3 100 1643137 0.018173182
21 84 3 100 886809 0.018222056
84 60 3 100 106963 0.018225681
30 15 3 100 1853915 0.018257902
12 3 3 100 23872 0.018273003
36 97 3 100 55887 0.018275554
27 58 3 100 753339 0.018281634
26 14 3 100 847915 0.018291408
39 108 3 100 54777 0.018299325
73 87 3 100 3648608 0.018314511
25 95 3 100 8336126 0.018315703
25 122 3 100 22085 0.018322860
26 21 3 100 1021889 0.018349661
99 106 3 100 1676311 0.018367600
85 58 3 100 155972 0.018392570
109 37 3 100 1108 0.018411491
46 29 3 100 3884 0.018412085
96 27 3 100 1972316 0.018412925
113 91 3 100 25860810 0.018423882
49 93 3 100 28842 0.018427795
16 39 3 100 1808454 0.018450545
7 96 3 100 872094 0.018456173
96 93 3 100 592645 0.018466371
53 90 3 100 191178 0.018471366
81 54 3 100 2041 0.018485430
46 3 3 100 46836 0.018495650
62 81 3 100 87156 0.018496115
5 36 3 100 23687388 0.018517012
14 93 3 100 15511375 0.018551012
31 22 3 100 60730 0.018552397
81 34 3 100 1668629 0.018556703
15 8 3 100 27148 0.018558772
34 13 3 100 119911 0.018559310
112 77 3 100 25554 0.018611667
53 45 3 100 189946 0.018618421
36 103 3 100 1648 0.018620782
61 52 3 100 33282 0.018623624
57 30 3 100 28522408 0.018642158
89 50 3 100 1977787 0.018652165
3 48 3 100 73134 0.018662491
96 121 3 100 744543 0.018691409
57 61 3 100 4812 0.018703824
72 120 3 100 5422494 0.018710247
108 88 3 100 4446053 0.018725478
92 91 3 100 2575038 0.018759830
6 121 3 100 127701 0.018769214
108 35 3 100 24435 0.018775249
123 10 3 100 682544 0.018778559
105 34 3 100 358342 0.018793953
14 123 3 100 3870415 0.018840432
4 14 3 100 253105 0.018891458
114 67 3 100 4937471 0.018902326
29 26 3 100 2255462 0.018909667
88 63 3 100 16463 0.018917143
20 75 3 100 66375 0.018920965
96 9 3 100 1147611 0.018961587
113 29 3 100 126099 0.019013974
83 113 3 100 1727740 0.019014935
67 98 3 100 68953 0.019047851
32 89 3 100 1523977 0.019059669
119 69 3 100 30669 0.019063415
21 114 3 100 20290 0.019084215
31 88 3 100 4197416 0.019087536
113 25 3 100 1646650 0.019087752
54 99 3 100 3707 0.019089965
97 47 3 100 31091 0.019130640
45 34 3 100 8356981 0.019139066
3 33 3 100 9125 0.019155008
11 122 3 100 8651687 0.019164362
104 58 3 100 6217 0.019238712
93 113 3 100 63324 0.019258633
107 110 3 100 71691 0.019262501
29 109 3 100 56430 0.019283426
34 75 3 100 4612617 0.019302645
36 77 3 100 2928610 0.019312848
65 9 3 100 100922 0.019317109
89 118 3 100 1193879 0.019325792
110 58 3 100 15170 0.019368558
67 13 3 100 1481312 0.019371502
79 100 3 100 22664 0.019390052
65 71 3 100 20181 0.019403653
74 37 3 100 52876 0.019419542
30 12 3 100 131833 0.019433375
71 4 3 100 4264701 0.019441882
82 32 3 100 1596969 0.019520508
26 81 3 100 2715375 0.019542203
53 55 3 100 1248546 0.019546978
54 28 3 100 958274 0.019558012
11 22 3 100 51119 0.019559521
104 107 3 100 3342470 0.019562738
38 97 3 100 37955 0.019565048
48 55 3 100 4372161 0.019573747
110 120 3 100 6238 0.019604366
78 113 3 100 11495 0.019615826
12 98 3 100 3071 0.019622190
21 52 3 100 454573 0.019623108
32 4 3 100 49488 0.019641197
115 46 3 100 392421 0.019695811
108 73 3 100 9428820 0.019731173
52 49 3 100 551607 0.019740787
6 19 3 100 6783 0.019741723
45 51 3 100 11805 0.019743844
17 65 3 100 22024 0.019745720
70 5 3 100 2309 0.019752205
103 44 3 100 2773125 0.019756327
61 37 3 100 15160 0.019777081
24 23 3 100 1449178 0.019780491
103 65 3 100 1432317 0.019789991
88 15 3 100 763328 0.019813577
43 6 3 100 56019 0.019827189
52 23 3 100 36303 0.019841593
126 62 3 100 29769631 0.019850913
59 79 3 100 10165 0.019854001
105 126 3 100 50733 0.019869457
90 77 3 100 7054 0.019876192
66 121 3 100 23220 0.019914027
104 52 3 100 43147 0.019917612
33 50 3 100 26139912 0.019922351
11 72 3 100 96542 0.019944156
112 25 3 100 52830 0.019952932
20 88 3 100 4371731 0.019954322
25 23 3 100 1356421 0.019960209
1 99 3 100 175445 0.019960708
25 56 3 100 37907 0.019974263
31 55 3 100 2495 0.019995902
125 72 3 100 928322 0.020017770
37 49 3 100 9954072 0.020023568
85 0 3 100 75271 0.020031101
123 90 3 100 4230730 0.020035475
19 112 3 100 2891304 0.020036113
110 91 3 100 2317674 0.020041887
25 34 3 100 61358 0.020050891
88 41 3 100 481770 0.020057965
55 94 3 100 1833381 0.020067427
121 23 3 100 5812 0.020076200
59 78 3 100 163292 0.020077846
11 53 3 100 73256 0.020114315
37 53 3 100 78904 0.020136804
105 56 3 100 38261 0.020137066
17 77 3 100 9548 0.020137858
76 92 3 100 38672 0.020162597
70 39 3 100 14617 0.020184766
42 122 3 100 1409507 0.020209649
78 121 3 100 9904 0.020240853
38 50 3 100 45567 0.020322661
125 68 3 100 14716 0.020332027
5 74 3 100 10487397 0.020356999
110 41 3 100 3043490 0.020380591
99 49 3 100 3410436 0.020387470
70 37 3 100 25081 0.020393246
94 76 3 100 940684 0.020434392
68 105 3 100 121778 0.020453502
81 115 3 100 724401 0.020498618
106 18 3 100 1628372 0.020500044
127 28 3 100 267189 0.020501144
85 33 3 100 36397 0.020531772
112 1 3 100 158262 0.020540095
60 58 3 100 879536 0.020569604
1 26 3 100 12148769 0.020582895
5 1 3 100 4897 0.020624844
62 69 3 100 15027 0.020628452
84 38 3 100 1126668 0.020665055
22 114 3 100 41936 0.020724577
32 41 3 100 613010 0.020743625
34 68 3 100 6062 0.020745514
127 26 3 100 36114 0.020747271
113 92 3 100 1147385 0.020752170
51 35 3 100 42458 0.020765254
52 16 3 100 4753193 0.020780632
84 0 3 100 980401 0.020786078
80 56 3 100 11800 0.020787189
105 75 3 100 287900 0.020794408
7 9 3 100 65330 0.020797077
94 79 3 100 131803 0.020825388
87 19 3 100 5047 0.020830099
102 25 3 100 35545 0.020830185
105 16 3 100 1557224 0.020846865
1 117 3 100 66545 0.020867054
5 126 3 100 93495 0.020883167
122 43 3 100 69417 0.020903339
30 32 3 100 14005 0.020940434
74 58 3 100 18778 0.020955050
112 118 3 100 8217 0.020961887
51 9 3 100 29104 0.020994621
34 28 3 100 4804030 0.021012968
71 108 3 100 2372646 0.021024985
121 98 3 100 2301662 0.021049000
66 113 3 100 15362966 0.021070646
34 13 3 100 8390 0.021078502
35 44 3 100 929069 0.021094151
116 60 3 100 26350 0.021101176
67 81 3 100 65064 0.021122178
59 30 3 100 6141 0.021136433
98 44 3 100 2497887 0.021139304
118 84 3 100 29092 0.021175738
6 40 3 100 22189 0.021180938
107 41 3 100 31329 0.021212883
74 49 3 100 3117 0.021222587
10 12 3 100 1097019 0.021233898
45 118 3 100 9895 0.021247045
112 119 3 100 70365 0.021283769
76 30 3 100 61560 0.021287616
66 8 3 100 2228867 0.021300977
39 61 3 100 19291 0.021347307
113 73 3 100 8982 0.021352242
37 60 3 100 67151 0.021376286
114 22 3 100 3665196 0.021383547
37 110 3 100 49843 0.021384532
70 106 3 100 24803 0.021390561
51 12 3 100 1630407 0.021407138
8 80 3 100 7803249 0.021486089
90 42 3 100 8391132 0.021486622
67 35 3 100 1994184 0.021490469
53 106 3 100 3036 0.021530884
30 48 3 100 4378805 0.021543356
49 45 3 100 8735 0.021561851
34 20 3 100 47198 0.021562578
104 43 3 100 325929 0.021587368
82 119 3 100 23555 0.021606757
110 36 3 100 49113 0.021609071
21 67 3 100 8775408 0.021641745
68 40 3 100 105259 0.021643347
48 75 3 100 77486 0.021649171
44 29 3 100 7788515 0.021668146
54 48 3 100 7819 0.021702625
33 81 3 100 20252187 0.021709926
68 6 3 100 134327 0.021715733
21 97 3 100 2174000 0.021755772
62 2 3 100 63249 0.021776108
64 66 3 100 4169 0.021780411
80 102 3 100 24146 0.021794062
28 66 3 100 632989 0.021811377
103 23 3 100 49760 0.021817059
86 32 3 100 27034 0.021827176
71 0 3 100 3324 0.021837549
88 116 3 100 1068436 0.021886943
124 117 3 100 76099 0.021915918
66 3 3 100 32097 0.021941000
32 6 3 100 558909 0.021952140
6 59 3 100 15444 0.021998373
28 53 3 100 25529 0.022008722
84 15 3 100 1656 0.022009175
90 86 3 100 1292772 0.022021462
69 48 3 100 8622 0.022046058
49 33 3 100 4265437 0.022096976
102 123 3 100 69544 0.022107731
97 66 3 100 7947 0.022118826
115 69 3 100 34570 0.022140579
79 80 3 100 19682 0.022153363
44 9 3 100 19980 0.022166880
99 22 3 100 25323 0.022167769
47 75 3 100 22625 0.022171022
98 26 3 100 29424 0.022205815
118 126 3 100 1499 0.022238460
126 33 3 100 338856 0.022239119
40 29 3 100 7534325 0.022246301
55 46 3 100 74091 0.022257113
114 67 3 100 3970034 0.022281352
27 76 3 100 4303423 0.022312404
78 80 3 100 28500 0.022317359
109 32 3 100 12519437 0.022323228
60 46 3 100 7451967 0.022325674
115 24 3 100 8672799 0.022358762
73 22 3 100 320783 0.022362003
58 100 3 100 27595 0.022374584
21 22 3 100 28104 0.022378536
80 28 3 100 1693931 0.022394645
100 35 3 100 5593202 0.022403392
56 83 3 100 841799 0.022408459
88 113 3 100 20904 0.022413685
78 122 3 100 29202329 0.022425139
56 51 3 100 9229 0.022453952
127 33 3 100 25761 0.022467703
73 50 3 100 5183268 0.022469259
88 43 3 100 1825 0.022482276
126 6 3 100 32492 0.022487921
122 72 3 100 39015 0.022491209
25 108 3 100 1890093 0.022515939
52 49 3 100 628996 0.022523907
12 68 3 100 5950 0.022541744
95 21 3 100 53786 0.022551143
25 6 3 100 6396939 0.022574004
21 92 3 100 161671 0.022574660
63 69 3 100 17511 0.022604584
6 123 3 100 3099716 0.022615138
31 47 3 100 4871 0.022632829
77 81 3 100 23408 0.022646277
89 107 3 100 29388 0.022662945
65 39 3 100 1028140 0.022665142
46 92 3 100 3044 0.022693233
100 99 3 100 2741542 0.022696520
47 38 3 100 7081 0.022728060
66 2 3 100 1796573 0.022733236
111 104 3 100 4656 0.022742943
118 24 3 100 4321679 0.022756202
50 99 3 100 1666049 0.022787561
24 69 3 100 1440312 0.022804364
95 113 3 100 71066 0.022838456
87 40 3 100 9224576 0.022863168
24 123 3 100 641 0.022866732
47 31 3 100 6749060 0.022881720
42 70 3 100 961793 0.022895190
36 110 3 100 3816 0.022899007
31 55 3 100 2878459 0.022909418
47 61 3 100 1827924 0.022909757
119 56 3 100 15251883 0.022955914
20 122 3 100 61249 0.022966192
40 99 3 100 5235149 0.022969144
87 14 3 100 21636 0.022976055
88 110 3 100 12293 0.022997803
95 63 3 100 660626 0.022998731
26 109 3 100 21142 0.023001104
79 124 3 100 974941 0.023015465
82 17 3 100 438105 0.023024291
22 0 3 100 21544 0.023044979
49 47 3 100 70676 0.023074215
101 78 3 100 121143 0.023074838
117 37 3 100 143766 0.023084723
36 1 3 100 21168 0.023108764
71 70 3 100 47001 0.023129188
17 112 3 100 18119 0.023129398
123 101 3 100 29670 0.023134164
18 7 3 100 24332 0.023147799
52 123 3 100 5752 0.023161466
60 93 3 100 1944 0.023164715
109 34 3 100 63177 0.023189319
127 8 3 100 7789 0.023191943
64 70 3 100 66822 0.023200720
56 38 3 100 62373 0.023242445
120 94 3 100 341 0.023251856
17 31 3 100 3616236 0.023265112
68 121 3 100 46793 0.023270295
56 57 3 100 63242 0.023271865
113 86 3 100 1263 0.023308367
122 124 3 100 1271855 0.023309936
74 114 3 100 2981312 0.023313708
48 104 3 100 18702829 0.023335855
85 111 3 100 13945400 0.023339314
59 69 3 100 51087 0.023375788
84 45 3 100 2212470 0.023383132
110 63 3 100 606 0.023388184
111 103 3 100 19493973 0.023393362
125 26 3 100 7448319 0.023399457
54 17 3 100 5790 0.023401526
49 112 3 100 23443 0.023426692
59 91 3 100 5949748 0.023434937
89 110 3 100 67037 0.023435967
102 124 3 100 6287410 0.023438676
101 63 3 100 2776751 0.023450027
80 69 3 100 4524227 0.023454935
98 97 3 100 12556137 0.023480563
57 11 3 100 18041 0.023482025
86 58 3 100 65166 0.023483933
73 30 3 100 6680 0.023511238
47 29 3 100 71500 0.023519847
68 33 3 100 68041 0.023524697
86 70 3 100 4587342 0.023539187
34 28 3 100 77909 0.023553148
37 115 3 100 195853 0.023562119
100 28 3 100 74100 0.023565542
66 37 3 100 1166719 0.023570319
74 3 3 100 71979 0.023572828
30 114 3 100 1105355 0.023581790
53 96 3 100 41 0.023605348
27 17 3 100 74640 0.023619602
78 85 3 100 186531 0.023632720
89 97 3 100 1588 0.023647568
93 54 3 100 4201293 0.023678499
27 114 3 100 8360 0.023678562
22 127 3 100 22236 0.023696532
7 102 3 100 1897391 0.023710125
41 5 3 100 4771766 0.023729047
93 48 3 100 5229449 0.023750550
27 25 3 100 276714 0.023758158
62 79 3 100 1272487 0.023764361
73 42 3 100 1144835 0.023805137
73 112 3 100 884156 0.023837737
16 76 3 100 1513979 0.023886843
95 42 3 100 2600686 0.023891727
36 19 3 100 1223977 0.023910039
68 45 3 100 5430 0.023926070
84 74 3 100 42197 0.023936936
92 126 3 100 197673 0.023950125
51 11 3 100 5119276 0.023974787
16 42 3 100 33732 0.023979721
90 31 3 100 28393 0.024026512
72 25 3 100 24456 0.024027863
79 122 3 100 6770 0.024035480
51 105 3 100 41833 0.024039203
60 121 3 100 9988861 0.024091582
31 108 3 100 9163 0.024099263
67 119 3 100 1444964 0.024111207
54 24 3 100 21291331 0.024113311
44 50 3 100 52383 0.024119833
72 68 3 100 497352 0.024127624
103 32 3 100 4790077 0.024193646
49 39 3 100 19362 0.024195573
70 35 3 100 2255 0.024219911
96 39 3 100 28783 0.024228218
45 19 3 100 9626 0.024239561
77 21 3 100 32998 0.024246352
101 57 3 100 1167586 0.024249509
46 62 3 100 40252 0.024264412
71 116 3 100 3558 0.024283461
44 5 3 100 18562 0.024286090
116 46 3 100 1658779 0.024290675
96 58 3 100 3593177 0.024292052
59 111 3 100 7259905 0.024300498
35 46 3 100 1995533 0.024308032
32 29 3 100 19341 0.024317830
92 46 3 100 1822711 0.024326436
102 91 3 100 61946 0.024343332
111 81 3 100 5417615 0.024361031
93 78 3 100 25150 0.024425369
109 14 3 100 1236356 0.024448907
13 3 3 100 363 0.024451978
98 124 3 100 38908 0.024493020
120 60 3 100 51798 0.024506183
102 98 3 100 41037 0.024524561
0 90 3 100 16062848 0.024540496
87 77 3 100 48269 0.024553278
30 25 3 100 122753 0.024566059
21 109 3 100 14668 0.024573967
49 25 3 100 42151 0.024594426
12 102 3 100 4061619 0.024600037
43 125 3 100 57065 0.024654717
105 92 3 100 435454 0.024661854
22 85 3 100 2391182 0.024682458
45 74 3 100 7113 0.024685217
46 108 3 100 105994 0.024688915
88 71 3 100 2022596 0.024695315
27 66 3 100 9293 0.024700614
118 69 3 100 336607 0.024747844
70 23 3 100 59330 0.024751997
86 93 3 100 38570 0.024759701
38 127 3 100 28333 0.024774510
124 50 3 100 43812 0.024807913
64 57 3 100 124099 0.024833433
39 36 3 100 7452 0.024834165
4 75 3 100 16831009 0.024853299
97 116 3 100 4022107 0.024870887
93 106 3 100 17465 0.024890023
11 28 3 100 171839 0.024903612
35 127 3 100 27400 0.024948740
112 29 3 100 1323060 0.024962156
101 34 3 100 4307271 0.024965124
47 80 3 100 21341 0.024989003
110 120 3 100 26230 0.024989568
32 38 3 100 1875941 0.024994824
59 108 3 100 641354 0.025008243
83 123 3 100 63198 0.025041709
104 19 3 100 9875522 0.025050992
124 54 3 100 37455 0.025060653
29 3 3 100 4007 0.025075387
3 31 3 100 77524 0.025091330
106 85 3 100 752718 0.025097788
101 84 3 100 61750 0.025100190
121 43 3 100 26930 0.025101696
76 2 3 100 1532502 0.025108680
102 81 3 100 7161797 0.025111411
88 1 3 100 28677 0.025113538
35 38 3 100 1296025 0.025115710
101 106 3 100 151160 0.025130616
8 118 3 100 8690 0.025141944
99 77 3 100 8512142 0.025204329
106 119 3 100 106642 0.025211312
22 75 3 100 64744 0.025229478
103 37 3 100 33017 0.025236948
99 10 3 100 9988 0.025263528
17 7 3 100 3869 0.025280439
123 53 3 100 9881 0.025282242
109 44 3 100 3441121 0.025291751
46 40 3 100 48834 0.025298869
65 5 3 100 1822123 0.025309867
119 33 3 100 2144397 0.025327514
63 95 3 100 960594 0.025393240
85 54 3 100 30764 0.025407970
19 104 3 100 6065 0.025423063
79 83 3 100 2599 0.025443579
36 9 3 100 118105 0.025451757
58 47 3 100 30248 0.025452052
106 120 3 100 1996862 0.025462773
59 9 3 100 1567230 0.025494982
87 42 3 100 31520 0.025502232
50 99 3 100 1958233 0.025527479
116 114 3 100 84679 0.025541762
71 43 3 100 78149 0.025549532
111 39 3 100 52853 0.025556738
123 113 3 100 28168 0.025572263
62 21 3 100 36850 0.025573367
53 25 3 100 50930 0.025577337
83 52 3 100 228123 0.025600556
127 93 3 100 18885 0.025621905
67 26 3 100 73502 0.025625431
15 69 3 100 1488413 0.025668065
75 103 3 100 1824601 0.025670091
111 85 3 100 9828104 0.025681265
3 76 3 100 2792 0.025681505
4 100 3 100 730046 0.025686898
7 37 3 100 5133 0.025695936
110 4 3 100 683054 0.025719136
10 126 3 100 3515624 0.025726805
36 87 3 100 3520 0.025740872
66 107 3 100 6566362 0.025751797
62 103 3 100 920598 0.025768622
120 18 3 100 52535 0.025770904
7 104 3 100 4133621 0.025771370
17 122 3 100 7336 0.025773733
114 95 3 100 1415149 0.025781187
92 4 3 100 53375 0.025782321
27 115 3 100 8064183 0.025800751
121 106 3 100 198525 0.025814260
52 18 3 100 74892 0.025815674
71 61 3 100 1585 0.025845224
93 89 3 100 16765 0.025862851
104 51 3 100 1303 0.025878025
57 41 3 100 1449101 0.025882017
41 81 3 100 13065 0.025899175
8 6 3 100 12768 0.025918849
53 69 3 100 8381948 0.025934242
11 24 3 100 1881707 0.025937410
56 3 3 100 2530287 0.025941337
118 10 3 100 443238 0.025947695
17 26 3 100 192937 0.025978645
88 30 3 100 11170112 0.026001332
62 93 3 100 4368 0.026009403
122 94 3 100 97990 0.026023850
105 116 3 100 166466 0.026027181
35 24 3 100 87331 0.026033795
35 87 3 100 5279 0.026036795
122 98 3 100 196933 0.026036837
75 43 3 100 4923285 0.026037705
3 47 3 100 56257 0.026065439
57 95 3 100 4042745 0.026066312
48 105 3 100 1434341 0.026070280
23 43 3 100 68477 0.026077530
24 53 3 100 4247899 0.026088452
74 78 3 100 1090760 0.026101337
40 119 3 100 8668210 0.026122916
87 95 3 100 23972247 0.026123694
66 6 3 100 5389640 0.026130739
61 10 3 100 9277 0.026133692
39 99 3 100 5077957 0.026137717
71 20 3 100 13234195 0.026139085
31 41 3 100 29926 0.026158058
29 109 3 100 63385 0.026172202
76 80 3 100 76879 0.026175429
90 22 3 100 4407574 0.026202496
63 31 3 100 25941 0.026207002
45 67 3 100 5878 0.026208220
68 110 3 100 21104 0.026237816
9 119 3 100 1490405 0.026241110
84 64 3 100 54336 0.026244659
113 100 3 100 54583 0.026247518
32 23 3 100 6762255 0.026278409
76 122 3 100 7516634 0.026279396
40 95 3 100 11774 0.026294186
105 19 3 100 2043236 0.026320029
16 26 3 100 136572 0.026321354
24 47 3 100 3760823 0.026323123
16 24 3 100 5509 0.026329673
35 88 3 100 27502 0.026329866
53 40 3 100 9183006 0.026335137
37 105 3 100 63452 0.026339314
31 28 3 100 17418 0.026350881
2 11 3 100 981929 0.026352617
60 124 3 100 2432433 0.026373307
44 26 3 100 32243 0.026397528
94 78 3 100 39615 0.026422222
27 9 3 100 1824997 0.026445058
57 15 3 100 186906 0.026495799
72 57 3 100 2603 0.026504679
51 106 3 100 1434345 0.026507573
126 109 3 100 1799152 0.026514498
11 21 3 100 2943887 0.026519300
29 52 3 100 195816 0.026547334
102 124 3 100 71995 0.026548299
26 88 3 100 357378 0.026549858
44 26 3 100 22760 0.026555354
114 46 3 100 127785 0.026557194
15 46 3 100 43973 0.026560530
66 19 3 100 69356 0.026630285
5 87 3 100 7275 0.026642126
44 18 3 100 2841 0.026642628
62 51 3 100 6452 0.026654027
7 118 3 100 6322224 0.026659570
6 35 3 100 4073427 0.026662921
83 16 3 100 9678 0.026674558
81 64 3 100 1973856 0.026700305
34 50 3 100 1271685 0.026710934
25 18 3 100 67267 0.026759832
76 49 3 100 27795 0.026793227
117 49 3 100 1399543 0.026803847
27 65 3 100 52967 0.026818544
93 76 3 100 4494272 0.026822138
22 85 3 100 773478 0.026822857
17 50 3 100 7416 0.026824306
25 40 3 100 957987 0.026830221
112 105 3 100 56506 0.026841351
89 107 3 100 76107 0.026860914
117 127 3 100 168489 0.026913265
125 10 3 100 2674 0.026920216
115 9 3 100 2146988 0.026932116
113 73 3 100 20880 0.026975239
68 76 3 100 348852 0.026984548
76 71 3 100 45681 0.026985066
111 34 3 100 21564271 0.026989101
120 29 3 100 1299585 0.027005608
61 6 3 100 128863 0.027108176
127 117 3 100 9484453 0.027125403
76 106 3 100 67749 0.027129376
43 9 3 100 26472 0.027153700
33 66 3 100 5592 0.027223030
57 77 3 100 20766 0.027225278
110 118 3 100 1424 0.027237615
67 70 3 100 1608497 0.027238766
22 33 3 100 962824 0.027266028
44 68 3 100 17063 0.027285310
122 99 3 100 28796 0.027299807
54 100 3 100 18907168 0.027318134
6 111 3 100 6228950 0.027337971
99 88 3 100 6658457 0.027358775
23 111 3 100 892767 0.027367459
104 8 3 100 2206 0.027386011
112 11 3 100 48276 0.027392484
124 114 3 100 82036 0.027401554
0 28 3 100 61528 0.027402752
25 103 3 100 18738 0.027403577
4 67 3 100 34702 0.027406116
42 43 3 100 75636 0.027406523
74 105 3 100 4879321 0.027422818
98 123 3 100 791174 0.027428681
127 3 3 100 191722 0.027430498
116 71 3 100 444051 0.027436402
118 111 3 100 98828 0.027453259
22 106 3 100 282426 0.027466336
25 64 3 100 7800122 0.027477900
13 37 3 100 717797 0.027500308
74 68 3 100 2695434 0.027500386
118 2 3 100 5306043 0.027546678
111 77 3 100 38310 0.027557883
76 47 3 100 1700029 0.027584824
98 64 3 100 196625 0.027606994
51 122 3 100 1543248 0.027609158
114 77 3 100 129944 0.027617039
66 2 3 100 4874 0.027618550
91 125 3 100 3174686 0.027650089
55 76 3 100 1024475 0.027710091
113 31 3 100 151189 0.027710176
85 72 3 100 6314 0.027712097
35 94 3 100 2158362 0.027738747
100 120 3 100 386169 0.027751578
59 57 3 100 22031 0.027764714
62 95 3 100 3968461 0.027852370
0 83 3 100 9913 0.027885447
24 109 3 100 66377 0.027906809
83 117 3 100 6211 0.027929602
115 98 3 100 6101 0.027949572
35 51 3 100 767634 0.027975447
111 67 3 100 2710202 0.028007947
19 74 3 100 534171 0.028008103
71 81 3 100 38707 0.028008534
17 10 3 100 6552211 0.028055333
28 127 3 100 63530 0.028056616
15 67 3 100 9726927 0.028063990
53 45 3 100 25547 0.028102183
125 44 3 100 97450 0.028104315
14 121 3 100 2531581 0.028143922
65 77 3 100 599411 0.028147934
121 79 3 100 109182 0.028160322
56 119 3 100 7549232 0.028172830
110 104 3 100 824086 0.028179365
77 50 3 100 198012 0.028197395
43 55 3 100 8887 0.028204037
101 7 3 100 201085 0.028227931
53 115 3 100 7030 0.028233027
69 79 3 100 148331 0.028248040
92 88 3 100 6251 0.028254483
61 55 3 100 20165 0.028266130
6 124 3 100 2380 0.028267805
17 0 3 100 39130 0.028306684
116 49 3 100 3474708 0.028315414
75 24 3 100 8982314 0.028343806
80 105 3 100 5274333 0.028345038
119 61 3 100 42683 0.028361840
62 32 3 100 71002 0.028389256
26 81 3 100 24155378 0.028391530
124 109 3 100 10053303 0.028395577
96 82 3 100 503745 0.028400990
124 55 3 100 2531262 0.028409946
30 98 3 100 1771870 0.028421163
78 3 3 100 451655 0.028465409
37 46 3 100 1741706 0.028477578
72 6 3 100 69637 0.028478523
101 79 3 100 75150 0.028486903
113 20 3 100 1361319 0.028498487
44 93 3 100 1187379 0.028513387
99 116 3 100 14681 0.028527535
84 19 3 100 239081 0.028543347
15 92 3 100 1211854 0.028546434
66 46 3 100 40593 0.028547621
124 3 3 100 13432 0.028598901
41 70 3 100 29477 0.028609143
99 57 3 100 7333 0.028625806
28 6 3 100 130913 0.028647957
82 4 3 100 106198 0.028661377
86 69 3 100 51869 0.028678311
10 110 3 100 4317 0.028691780
101 124 3 100 39968 0.028707331
122 9 3 100 9759 0.028714562
43 1 3 100 2065613 0.028717249
85 55 3 100 895680 0.028722320
23 89 3 100 741 0.028778084
12 111 3 100 38248 0.028785472
76 12 3 100 22673 0.028793296
106 71 3 100 8595396 0.028794120
51 13 3 100 24539 0.028814750
101 80 3 100 75635 0.028825299
43 38 3 100 45295 0.028832394
88 4 3 100 7761 0.028837261
70 18 3 100 2214041 0.028840020
12 25 3 100 144445 0.028878495
98 72 3 100 27398 0.028918561
92 69 3 100 37577 0.028932950
71 55 3 100 4120 0.028947986
6 112 3 100 5056111 0.028959117
75 37 3 100 264657 0.028976797
62 102 3 100 6416 0.028992264
106 93 3 100 426762 0.028995401
126 7 3 100 2911200 0.029011188
91 15 3 100 7202594 0.029025065
50 103 3 100 2427645 0.029033122
80 21 3 100 751652 0.029036391
41 71 3 100 32638 0.029039404
11 107 3 100 1695 0.029046928
100 101 3 100 290301 0.029057127
22 58 3 100 19783036 0.029064916
5 22 3 100 2284018 0.029092060
113 123 3 100 20965 0.029111490
112 96 3 100 14292 0.029118204
36 110 3 100 6429 0.029121878
118 42 3 100 130680 0.029143519
126 127 3 100 7940 0.029146591
107 95 3 100 68493 0.029164119
45 34 3 100 44315 0.029166312
100 42 3 100 62734 0.029220176
74 91 3 100 7756499 0.029223101
50 69 3 100 1866 0.029226284
91 40 3 100 180083 0.029264216
96 38 3 100 128458 0.029283878
103 85 3 100 2168085 0.029294636
105 49 3 100 70096 0.029345352
113 95 3 100 25456 0.029362899
33 96 3 100 11076 0.029369266
33 52 3 100 616965 0.029371349
60 118 3 100 8268 0.029396217
110 117 3 100 8004101 0.029396846
5 32 3 100 14446 0.029402468
36 40 3 100 156609 0.029431492
46 127 3 100 64163 0.029451555
25 63 3 100 29643 0.029455266
19 37 3 100 2119135 0.029459695
47 79 3 100 142992 0.029472818
91 0 3 100 1533016 0.029486682
32 48 3 100 3655422 0.029490896
60 122 3 100 1671505 0.029496581
85 14 3 100 663346 0.029584004
39 3 3 100 8635894 0.029658617
4 67 3 100 28777547 0.029672769
83 90 3 100 1083390 0.029698750
61 79 3 100 7642415 0.029716624
28 40 3 100 41793 0.029742093
9 31 3 100 738787 0.029747989
124 5 3 100 857559 0.029776558
70 64 3 100 9812182 0.029791639
121 101 3 100 23165 0.029792061
26 78 3 100 1240062 0.029802952
87 102 3 100 162420 0.029838549
125 58 3 100 24554327 0.029846235
126 29 3 100 18555 0.029854336
17 23 3 100 44374 0.029874263
14 38 3 100 71066 0.029886201
108 56 3 100 5382 0.029895495
97 115 3 100 4615879 0.029905195
83 78 3 100 4531312 0.029919867
39 97 3 100 3097183 0.029927199
25 59 3 100 48112 0.029956066
105 107 3 100 735555 0.029989956
123 126 3 100 60187 0.030057452
21 56 3 100 741715 0.030064317
60 90 3 100 58706 0.030076111
46 111 3 100 4732211 0.030104112
90 49 3 100 3791316 0.030111547
85 7 3 100 3080 0.030122879
27 37 3 100 1283865 0.030133507
74 22 3 100 9057 0.030168529
1 84 3 100 41675 0.030169275
40 126 3 100 457 0.030180043
33 88 3 100 23265 0.030183402
9 48 3 100 60927 0.030186233
8 17 3 100 27967 0.030218594
4 85 3 100 35129 0.030264869
2 85 3 100 49649 0.030302863
98 36 3 100 3872276 0.030368410
15 75 3 100 563332 0.030372435
45 116 3 100 50853 0.030397324
64 111 3 100 6264107 0.030405693
28 15 3 100 25658 0.030424149
46 17 3 100 5657 0.030441288
118 4 3 100 55093 0.030444127
107 95 3 100 7271623 0.030474834
44 39 3 100 6874366 0.030502349
51 16 3 100 51632 0.030506993
54 114 3 100 4130797 0.030528826
44 40 3 100 9960 0.030545968
23 29 3 100 43238 0.030569665
125 117 3 100 41226 0.030609384
23 69 3 100 26180 0.030612816
36 33 3 100 13523830 0.030616389
56 3 3 100 2753965 0.030660758
25 21 3 100 10021 0.030681721
98 51 3 100 49144 0.030749602
66 98 3 100 697335 0.030754053
4 14 3 100 51430 0.030759494
17 69 3 100 9578226 0.030761952
118 75 3 100 12701 0.030768019
122 31 3 100 10100 0.030817074
108 37 3 100 25957 0.030817973
123 30 3 100 4749864 0.030829689
78 64 3 100 960113 0.030829700
68 84 3 100 572633 0.030832078
53 36 3 100 46090 0.030850745
58 78 3 100 76658 0.030893425
40 52 3 100 1168 0.030894584
104 28 3 100 12402 0.030913334
46 32 3 100 66344 0.030949429
119 60 3 100 21478 0.030952557
32 79 3 100 70970 0.030961326
1 7 3 100 675409 0.030961604
81 71 3 100 4599607 0.030964892
61 45 3 100 28357 0.030972538
105 101 3 100 12053239 0.030980448
3 112 3 100 503974 0.030983294
54 30 3 100 1263561 0.030985915
10 126 3 100 4185 0.031038792
100 95 3 100 4121 0.031052034
45 65 3 100 5774 0.031055931
38 52 3 100 31634 0.031073663
9 124 3 100 6760 0.031086732
64 24 3 100 198934 0.031099267
55 46 3 100 41482 0.031102902
126 19 3 100 4001 0.031114770
92 36 3 100 75816 0.031115202
49 57 3 100 28504 0.031117600
28 96 3 100 1606255 0.031144962
27 108 3 100 51880 0.031156490
125 120 3 100 5854 0.031167566
17 92 3 100 25859 0.031214774
45 2 3 100 7746644 0.031226151
17 32 3 100 10383 0.031249382
54 56 3 100 72150 0.031282039
50 51 3 100 888757 0.031322149
74 105 3 100 85066 0.031325990
19 29 3 100 26422 0.031327477
86 37 3 100 179665 0.031333309
124 40 3 100 2072405 0.031337437
88 99 3 100 7241409 0.031345825
116 6 3 100 972687 0.031362931
98 106 3 100 4024213 0.031371286
104 77 3 100 63543 0.031389109
110 114 3 100 27383 0.031392114
93 49 3 100 6124 0.031405332
65 57 3 100 540824 0.031411623
21 35 3 100 135317 0.031419731
106 23 3 100 6784 0.031421782
116 4 3 100 22043 0.031424001
22 23 3 100 4815 0.031439091
30 88 3 100 6404177 0.031455072
0 41 3 100 14082 0.031457486
70 85 3 100 1275727 0.031463313
82 94 3 100 35361 0.031468660
97 15 3 100 246816 0.031475101
39 126 3 100 121208 0.031488641
73 57 3 100 8249 0.031511343
11 49 3 100 40341 0.031520076
97 95 3 100 5380557 0.031525990
23 96 3 100 27879 0.031540019
80 60 3 100 1144559 0.031540043
49 104 3 100 24977 0.031580450
11 83 3 100 77226 0.031581598
5 124 3 100 28836 0.031593118
65 103 3 100 20079 0.031597436
34 60 3 100 10959 0.031605203
127 49 3 100 41358 0.031605247
29 57 3 100 47058 0.031605667
106 105 3 100 46488 0.031609728
98 38 3 100 78271 0.031628585
119 30 3 100 245714 0.031652365
110 82 3 100 529 0.031683834
109 96 3 100 34503 0.031687174
75 108 3 100 5220340 0.031719503
117 35 3 100 903649 0.031734847
0 39 3 100 25847 0.031745012
7 48 3 100 1719850 0.031757360
61 17 3 100 75131 0.031760622
53 93 3 100 45745 0.031773494
9 43 3 100 90182 0.031794918
60 7 3 100 25629 0.031811848
113 36 3 100 88818 0.031845061
13 57 3 100 34438 0.031852526
68 10 3 100 597789 0.031866537
9 69 3 100 4904 0.031903296
113 78 3 100 32040 0.031903763
21 31 3 100 24518 0.031914675
89 75 3 100 11284012 0.031929995
44 122 3 100 1224591 0.031932449
104 120 3 100 2589795 0.031945561
93 29 3 100 36017 0.031971893
65 6 3 100 2713516 0.031975567
108 65 3 100 54467 0.031994582
20 38 3 100 41976 0.031995509
49 97 3 100 13244563 0.031996373
27 21 3 100 30783 0.032014771
8 93 3 100 21550 0.032035013
89 10 3 100 152686 0.032035927
54 65 3 100 659285 0.032048512
18 7 3 100 1841667 0.032126478
76 50 3 100 1683404 0.032140393
26 119 3 100 46434 0.032144358
45 6 3 100 2362153 0.032155027
117 0 3 100 8681 0.032158802
53 117 3 100 1011802 0.032160760
106 12 3 100 1217593 0.032183005
111 72 3 100 13631781 0.032184124
80 15 3 100 958971 0.032186293
66 38 3 100 390775 0.032205543
111 2 3 100 29692 0.032224009
10 79 3 100 58952 0.032230182
27 68 3 100 3791625 0.032260227
108 45 3 100 1491 0.032285492
9 80 3 100 33760 0.032294470
10 117 3 100 28499 0.032356075
45 63 3 100 28198 0.032367083
24 120 3 100 868996 0.032393408
17 119 3 100 20766712 0.032412072
75 82 3 100 8963643 0.032415766
99 78 3 100 21569 0.032418179
69 126 3 100 65329 0.032436428
120 88 3 100 216372 0.032444021
85 37 3 100 8863373 0.032444632
84 120 3 100 1443384 0.032447668
126 78 3 100 21114378 0.032450163
11 18 3 100 90207 0.032452540
45 73 3 100 9328 0.032453980
0 37 3 100 5662 0.032475379
76 59 3 100 145780 0.032475442
35 46 3 100 39222 0.032477413
1 86 3 100 3448402 0.032503775
106 2 3 100 214201 0.032539989
68 43 3 100 1882 0.032545479
125 32 3 100 60371 0.032554830
55 22 3 100 620779 0.032558185
58 103 3 100 2555 0.032593345
55 126 3 100 23659 0.032611392
97 62 3 100 5535392 0.032615270
92 36 3 100 1713584 0.032616071
114 95 3 100 66638 0.032621144
69 110 3 100 5847697 0.032628281
38 39 3 100 23501 0.032634206
11 94 3 100 10561882 0.032640607
113 16 3 100 358421 0.032642274
52 99 3 100 6902 0.032649167
49 21 3 100 9732 0.032658454
119 118 3 100 4013365 0.032662718
3 101 3 100 476627 0.032687800
98 72 3 100 2050901 0.032702284
31 3 3 100 6072306 0.032725467
113 69 3 100 7673200 0.032737124
44 10 3 100 22526 0.032752351
31 33 3 100 139987 0.032757301
82 115 3 100 20407 0.032769506
89 23 3 100 61589 0.032791017
76 10 3 100 11256 0.032791078
61 32 3 100 48532 0.032796237
54 115 3 100 3672218 0.032821744
108 52 3 100 21004094 0.032877845
110 124 3 100 1140660 0.032889882
35 67 3 100 832518 0.032903465
8 57 3 100 6315 0.032927364
87 36 3 100 39101 0.032958056
72 86 3 100 213 0.032960187
125 96 3 100 764093 0.032961408
86 62 3 100 6946275 0.032990700
79 93 3 100 3691069 0.033000581
62 8 3 100 9893 0.033021924
117 3 3 100 72234 0.033042899
35 86 3 100 3731372 0.033092803
103 111 3 100 4469 0.033093320
102 67 3 100 42800 0.033123236
14 34 3 100 23032 0.033143369
92 47 3 100 72998 0.033167113
70 88 3 100 7070 0.033241935
62 104 3 100 3922 0.033246347
77 42 3 100 40185 0.033254285
84 112 3 100 9209 0.033278243
89 5 3 100 1567966 0.033282051
30 18 3 100 47206 0.033289599
109 99 3 100 33105 0.033301568
111 74 3 100 17736323 0.033308775
73 16 3 100 1198219 0.033312259
95 79 3 100 6873 0.033316986
90 55 3 100 4122138 0.033341710
84 46 3 100 16254 0.033353670
111 49 3 100 23105 0.033358577
41 26 3 100 22477 0.033378320
46 40 3 100 29138928 0.033384512
92 84 3 100 2683262 0.033393354
92 35 3 100 2196909 0.033405542
121 40 3 100 1203633 0.033423697
110 18 3 100 50325 0.033455331
74 12 3 100 4281 0.033458278
65 28 3 100 3004115 0.033476856
27 34 3 100 162053 0.033516802
104 126 3 100 8852 0.033524975
113 70 3 100 70190 0.033532547
73 43 3 100 26992 0.033536710
83 87 3 100 1180568 0.033552827
124 71 3 100 19436 0.033573773
124 30 3 100 3812753 0.033650607
46 52 3 100 9848900 0.033727520
110 13 3 100 59312 0.033745493
39 29 3 100 1904612 0.033758448
72 2 3 100 8927918 0.033763739
88 65 3 100 7069452 0.033766282
98 58 3 100 14117867 0.033781785
127 116 3 100 54891 0.033791488
24 104 3 100 15679525 0.033827332
56 111 3 100 304767 0.033832762
98 28 3 100 1653038 0.033843749
33 8 3 100 8018 0.033872464
0 52 3 100 166105 0.033897723
10 6 3 100 2585123 0.033901413
109 68 3 100 5464 0.033905747
74 0 3 100 34966 0.033937842
118 75 3 100 78791 0.033945171
45 11 3 100 230 0.033947961
9 106 3 100 15820 0.033949333
25 55 3 100 88905 0.033957263
122 100 3 100 3649086 0.033964009
36 82 3 100 29987 0.033964408
23 4 3 100 693551 0.034035532
87 38 3 100 125203 0.034051694
32 113 3 100 25934 0.034062137
125 107 3 100 20633 0.034078096
90 35 3 100 2687480 0.034097982
90 62 3 100 28189 0.034112122
58 30 3 100 671589 0.034118155
31 76 3 100 53517 0.034121754
61 16 3 100 101977 0.034123344
67 121 3 100 1788336 0.034151349
18 50 3 100 11348 0.034163646
45 60 3 100 73941 0.034164612
126 86 3 100 1740446 0.034169816
68 5 3 100 30893 0.034179571
48 122 3 100 76332 0.034225779
113 106 3 100 1835852 0.034234579
83 14 3 100 36548 0.034236034
83 78 3 100 191578 0.034240721
65 123 3 100 353808 0.034253041
10 24 3 100 1481163 0.034259245
110 10 3 100 21039 0.034274913
77 34 3 100 20906 0.034276851
61 15 3 100 65603 0.034284074
90 27 3 100 876054 0.034284173
3 31 3 100 68969 0.034318241
67 111 3 100 79877 0.034325734
21 94 3 100 1530875 0.034328187
11 110 3 100 7833113 0.034348832
93 79 3 100 7440252 0.034354465
114 96 3 100 143026 0.034358535
48 39 3 100 2621803 0.034359540
28 111 3 100 361 0.034367564
52 30 3 100 746766 0.034384477
3 69 3 100 87847 0.034418073
30 57 3 100 1919698 0.034426599
122 115 3 100 2808 0.034443060
124 87 3 100 1838 0.034468870
92 103 3 100 661371 0.034476610
101 59 3 100 838709 0.034477229
70 65 3 100 984457 0.034481354
119 56 3 100 879228 0.034492671
112 98 3 100 167269 0.034509810
33 88 3 100 2570170 0.034512422
88 92 3 100 5764863 0.034512929
93 92 3 100 501065 0.034522764
70 90 3 100 20882 0.034549257
121 113 3 100 118944 0.034571121
47 20 3 100 5604304 0.034572706
7 53 3 100 21709 0.034594829
9 65 3 100 1090172 0.034602625
112 37 3 100 113899 0.034623546
13 22 3 100 508708 0.034632908
46 105 3 100 713121 0.034634736
5 70 3 100 1530180 0.034665120
22 110 3 100 110116 0.034666147
61 53 3 100 25361 0.034669469
111 88 3 100 5379532 0.034696264
50 23 3 100 28363 0.034700828
61 115 3 100 192661 0.034709098
61 77 3 100 788307 0.034712428
54 106 3 100 6135700 0.034715777
52 64 3 100 1589648 0.034744038
101 104 3 100 46246 0.034762324
17 74 3 100 110274 0.034769784
94 108 3 100 1652 0.034814257
30 51 3 100 33446 0.034827295
11 49 3 100 285480 0.034859479
31 124 3 100 31484 0.034894264
36 82 3 100 8074571 0.034899725
70 43 3 100 68594 0.034919359
14 116 3 100 332009 0.034930978
31 117 3 100 1261215 0.034964874
111 68 3 100 5017 0.034973050
56 105 3 100 17875 0.034974328
54 101 3 100 26905 0.034987008
45 25 3 100 74428 0.034987225
31 65 3 100 105311 0.035026498
7 71 3 100 7220282 0.035076910
56 28 3 100 1388487 0.035092009
56 102 3 100 16767 0.035092577
5 7 3 100 1260478 0.035102622
85 45 3 100 5329 0.035108114
103 20 3 100 690429 0.035114463
57 53 3 100 49727 0.035124504
35 75 3 100 43872 0.035154962
124 23 3 100 9537 0.035163384
18 61 3 100 1231527 0.035163877
58 45 3 100 1956852 0.035176639
68 5 3 100 39135 0.035179082
33 110 3 100 29675 0.035194352
45 75 3 100 3951017 0.035214195
85 50 3 100 4868605 0.035230397
48 109 3 100 1768 0.035230765
9 10 3 100 223346 0.035258372
120 58 3 100 1598013 0.035269370
32 37 3 100 2084388 0.035269894
51 18 3 100 19889 0.035271117
83 65 3 100 76441 0.035329464
96 67 3 100 342760 0.035332001
73 64 3 100 3043107 0.035340390
16 119 3 100 70528 0.035341736
9 51 3 100 166637 0.035356006
29 62 3 100 11833 0.035389176
127 38 3 100 5111232 0.035417561
16 116 3 100 560550 0.035420573
14 24 3 100 3740 0.035442840
60 76 3 100 2777840 0.035449376
40 50 3 100 7423 0.035476586
58 47 3 100 57522 0.035493220
36 118 3 100 1125412 0.035499860
103 0 3 100 54077 0.035527157
121 45 3 100 7807 0.035579103
75 13 3 100 103046 0.035606604
103 51 3 100 3471650 0.035617474
5 28 3 100 6722 0.035637757
71 92 3 100 49284 0.035670646
21 76 3 100 174079 0.035674400
64 72 3 100 3354 0.035682623
59 62 3 100 6345 0.035684602
110 68 3 100 4440048 0.035694698
123 19 3 100 27208 0.035697000
127 104 3 100 4994131 0.035705131
62 125 3 100 1177781 0.035721310
0 127 3 100 6152 0.035760700
50 4 3 100 51241 0.035762451
89 88 3 100 4294 0.035763053
110 103 3 100 62441 0.035777543
93 26 3 100 43350 0.035812280
65 75 3 100 178200 0.035847904
57 80 3 100 1061752 0.035850041
38 12 3 100 75571 0.035855788
107 13 3 100 148734 0.035880416
44 66 3 100 5082 0.035895121
9 110 3 100 77701 0.035896643
87 42 3 100 22551 0.035906714
125 27 3 100 26698149 0.035943418
5 82 3 100 502998 0.035967207
49 28 3 100 67849 0.035972349
45 111 3 100 648597 0.035977489
65 50 3 100 28331 0.035988959
90 57 3 100 56537 0.035993120
51 8 3 100 821254 0.036004986
93 87 3 100 24181 0.036032128
32 30 3 100 7066 0.036035713
71 119 3 100 24779 0.036060897
127 82 3 100 3396621 0.036061421
34 49 3 100 31390 0.036063574
29 30 3 100 1646339 0.036092947
94 58 3 100 8842282 0.036150510
72 96 3 100 806294 0.036169738
53 52 3 100 3668203 0.036174868
74 57 3 100 4310 0.036210194
17 124 3 100 22339 0.036215556
97 20 3 100 880026 0.036222334
50 98 3 100 4118 0.036229964
102 46 3 100 71015 0.036233787
64 117 3 100 19878 0.036257721
82 109 3 100 1319293 0.036270156
5 56 3 100 354 0.036277097
44 54 3 100 19577 0.036295760
29 101 3 100 1035685 0.036303306
76 53 3 100 13834 0.036315850
115 103 3 100 183034 0.036336866
100 2 3 100 9668 0.036353016
104 108 3 100 6663692 0.036400452
9 111 3 100 1768605 0.036407403
58 123 3 100 187898 0.036444941
0 82 3 100 99369 0.036463096
7 115 3 100 36477 0.036464547
123 73 3 100 20999554 0.036469450
94 95 3 100 28907945 0.036487700
125 103 3 100 717114 0.036500594
69 90 3 100 1142 0.036595186
98 113 3 100 67379 0.036599664
101 112 3 100 73857 0.036603430
30 118 3 100 16777 0.036609657
2 68 3 100 2389217 0.036628621
39 71 3 100 355961 0.036649960
14 110 3 100 8529 0.036659299
99 3 3 100 28139228 0.036663004
30 53 3 100 58433 0.036700138
19 89 3 100 598147 0.036706897
93 27 3 100 21214 0.036714487
25 26 3 100 4554 0.036760890
28 1 3 100 12805 0.036767536
13 10 3 100 779829 0.036778891
3 104 3 100 25065 0.036780043
37 58 3 100 2732 0.036790474
53 40 3 100 285583 0.036790658
77 82 3 100 3112 0.036819014
82 32 3 100 2185092 0.036840818
27 113 3 100 28496 0.036847228
30 1 3 100 3456019 0.036862778
71 111 3 100 72296 0.036888854
0 31 3 100 12529 0.036915491
65 88 3 100 1753928 0.036964560
121 61 3 100 2551612 0.036978064
25 52 3 100 1230759 0.036987667
76 11 3 100 123893 0.036992007
42 58 3 100 279 0.036999249
82 76 3 100 460976 0.037028199
123 21 3 100 2287 0.037079920
97 0 3 100 1514384 0.037102598
59 70 3 100 5421872 0.037104649
16 20 3 100 5752 0.037108735
58 95 3 100 2649574 0.037113680
64 127 3 100 625884 0.037130248
48 11 3 100 74201 0.037145220
114 51 3 100 1879 0.037183649
60 109 3 100 150941 0.037200079
83 105 3 100 2261231 0.037233060
97 69 3 100 4623635 0.037282763
85 69 3 100 28569 0.037291584
30 39 3 100 18464 0.037292723
84 61 3 100 17443722 0.037293132
14 103 3 100 61192 0.037301002
84 93 3 100 83258 0.037308679
47 88 3 100 8351 0.037313727
20 106 3 100 1527570 0.037330861
86 37 3 100 3169 0.037340180
112 57 3 100 1964578 0.037345757
43 72 3 100 2874 0.037360544
91 98 3 100 58041 0.037383884
73 67 3 100 576498 0.037390257
37 63 3 100 10239 0.037393999
37 121 3 100 468827 0.037395657
32 83 3 100 9831799 0.037396215
113 99 3 100 40235 0.037414692
44 88 3 100 1897973 0.037454187
121 60 3 100 29090 0.037457923
45 68 3 100 965974 0.037467063
114 4 3 100 26008 0.037476405
38 27 3 100 1930059 0.037487835
88 92 3 100 5928314 0.037496356
7 91 3 100 62493 0.037497665
91 6 3 100 1234622 0.037501758
25 103 3 100 178352 0.037513953
64 22 3 100 44402 0.037515453
117 109 3 100 24930 0.037541714
36 104 3 100 2671797 0.037568156
49 11 3 100 74805 0.037619373
3 10 3 100 12936 0.037644072
17 23 3 100 1690858 0.037645238
0 21 3 100 5634631 0.037664340
37 49 3 100 1742538 0.037680243
25 93 3 100 756 0.037696577
13 75 3 100 3483140 0.037747701
1 92 3 100 11256 0.037795416
84 126 3 100 2068067 0.037808842
81 97 3 100 7349255 0.037858957
35 16 3 100 1898366 0.037860448
18 91 3 100 56150 0.037878845
117 63 3 100 104917 0.037917969
118 56 3 100 7008745 0.037933973
19 107 3 100 43379 0.037945422
52 11 3 100 75528 0.037949121
102 90 3 100 455330 0.037968186
110 4 3 100 2888950 0.037982747
78 126 3 100 449744 0.037995663
98 19 3 100 1801268 0.038003560
29 45 3 100 20028 0.038012947
67 48 3 100 1836 0.038016652
24 76 3 100 29157 0.038018970
50 99 3 100 47990 0.038070601
107 103 3 100 8883261 0.038096598
15 47 3 100 1814194 0.038098357
73 2 3 100 44876 0.038107602
127 62 3 100 36200 0.038113397
95 59 3 100 3752 0.038143157
27 34 3 100 1312473 0.038144867
116 66 3 100 27028797 0.038154336
110 14 3 100 40551 0.038156844
95 6 3 100 24428 0.038169146
81 121 3 100 6970021 0.038179670
117 34 3 100 179542 0.038193565
14 120 3 100 19335 0.038201241
21 97 3 100 23202 0.038202844
27 93 3 100 7118335 0.038209173
7 72 3 100 784114 0.038238009
48 77 3 100 3004241 0.038256746
37 120 3 100 5578 0.038257579
69 52 3 100 48706 0.038272961
82 22 3 100 13626 0.038282367
106 59 3 100 12845026 0.038288288
16 89 3 100 1654567 0.038292270
52 9 3 100 24813684 0.038301609
9 45 3 100 60880 0.038309552
70 104 3 100 408214 0.038312487
4 6 3 100 2944098 0.038315691
51 102 3 100 18253304 0.038319987
80 109 3 100 57629 0.038348407
21 82 3 100 1198019 0.038366378
20 39 3 100 41745 0.038382819
7 38 3 100 28668221 0.038384381
119 56 3 100 23015 0.038385125
106 98 3 100 414548 0.038397963
67 113 3 100 76522 0.038404997
104 55 3 100 1604384 0.038414599
16 104 3 100 6119 0.038459304
16 33 3 100 45045 0.038467262
87 56 3 100 2937612 0.038479601
115 11 3 100 2695 0.038482418
50 93 3 100 49528 0.038489166
2 5 3 100 3127 0.038519987
0 61 3 100 44725 0.038530261
125 27 3 100 154577 0.038540134
77 91 3 100 531419 0.038545888
35 13 3 100 1437496 0.038548154
88 10 3 100 661916 0.038572533
95 60 3 100 20476 0.038577693
89 62 3 100 4164833 0.038578210
70 40 3 100 8965 0.038581720
51 53 3 100 20340 0.038582124
81 72 3 100 69533 0.038585165
106 80 3 100 53104 0.038585372
16 41 3 100 27739 0.038602206
4 39 3 100 68541 0.038648232
78 46 3 100 38824 0.038664439
21 74 3 100 65909 0.038667420
42 39 3 100 41063 0.038675672
48 30 3 100 1802861 0.038685099
118 77 3 100 25174 0.038702353
45 109 3 100 1493 0.038712607
8 61 3 100 895333 0.038734085
78 7 3 100 59431 0.038735233
19 109 3 100 1919297 0.038735551
79 75 3 100 983411 0.038749355
106 127 3 100 13652 0.038814467
51 42 3 100 781020 0.038833263
20 52 3 100 7042 0.038844512
102 40 3 100 312304 0.038847481
79 8 3 100 28933 0.038883332
30 9 3 100 6170329 0.038883597
72 121 3 100 7735538 0.038886963
84 69 3 100 49179 0.038905179
14 29 3 100 8155 0.038907118
76 12 3 100 21713 0.038915500
55 18 3 100 856071 0.038964981
85 34 3 100 7786 0.038990720
10 126 3 100 4306 0.038994947
43 80 3 100 8034 0.039005516
93 107 3 100 4527 0.039027514
60 16 3 100 718128 0.039062325
9 71 3 100 44590 0.039063456
87 52 3 100 35085 0.039067853
50 28 3 100 4537442 0.039085040
44 23 3 100 29661 0.039138983
40 5 3 100 6463711 0.039145308
51 127 3 100 135166 0.039157513
34 32 3 100 6104 0.039172938
57 46 3 100 53485 0.039190350
69 48 3 100 9786641 0.039207373
90 63 3 100 28296 0.039224324
30 13 3 100 761615 0.039229955
102 114 3 100 130 0.039246116
56 6 3 100 28582 0.039247164
12 109 3 100 9249646 0.039250433
58 95 3 100 1411 0.039251781
104 69 3 100 44133 0.039284267
23 28 3 100 8219 0.039286964
83 74 3 100 24824 0.039292101
32 77 3 100 92666 0.039294922
95 74 3 100 1893 0.039296425
58 55 3 100 3963435 0.039306569
36 116 3 100 24846 0.039321550
4 81 3 100 79434 0.039325011
2 6 3 100 66076 0.039351236
94 83 3 100 39791 0.039355089
110 3 3 100 1805469 0.039355850
36 105 3 100 8863 0.039374698
124 62 3 100 30516 0.039393715
52 127 3 100 1901 0.039395141
47 101 3 100 39831 0.039414989
9 77 3 100 57023 0.039473407
7 47 3 100 7158014 0.039516942
22 48 3 100 36413 0.039518276
67 29 3 100 8907962 0.039536004
4 0 3 100 4733724 0.039543164
52 43 3 100 8299169 0.039544270
7 81 3 100 1936773 0.039550456
50 127 3 100 11158089 0.039572362
75 118 3 100 732908 0.039584971
63 35 3 100 57426 0.039585561
97 82 3 100 25787 0.039593066
107 127 3 100 3152 0.039594547
35 85 3 100 263734 0.039604051
10 60 3 100 915345 0.039605645
0 77 3 100 136060 0.039635379
5 73 3 100 3323 0.039658091
119 11 3 100 100416 0.039659860
62 81 3 100 3439092 0.039671332
13 48 3 100 2942774 0.039672668
49 79 3 100 5694 0.039674658
77 45 3 100 9523000 0.039698902
125 42 3 100 66730 0.039720757
44 0 3 100 548122 0.039763562
36 119 3 100 516161 0.039804583
86 75 3 100 9379331 0.039814314
104 78 3 100 168282 0.039837153
96 122 3 100 3493 0.039846917
63 93 3 100 59244 0.039889672
15 115 3 100 70307 0.039908232
93 29 3 100 52895 0.039921565
29 100 3 100 24538 0.039927700
60 79 3 100 958908 0.039930999
126 41 3 100 567 0.039951694
25 88 3 100 6908 0.039954288
119 30 3 100 5498880 0.039961646
43 125 3 100 165077 0.039974257
112 34 3 100 50456 0.039978617
57 27 3 100 209615 0.039980136
9 4 3 100 1537231 0.039988022
85 118 3 100 4646892 0.039995895
5 39 3 100 70384 0.040005162
44 53 3 100 2238393 0.040006834
0 58 3 100 158108 0.040015248
75 65 3 100 1183444 0.040034011
98 3 3 100 14563 0.040038479
44 41 3 100 472537 0.040042966
21 12 3 100 3316552 0.040051985
63 53 3 100 1584941 0.040065025
12 37 3 100 36488 0.040092002
119 3 3 100 735160 0.040093692
33 72 3 100 18650 0.040114264
6 35 3 100 25023 0.040149890
3 50 3 100 9732 0.040153407
23 63 3 100 23283 0.040153802
114 127 3 100 2761 0.040155287
87 111 3 100 5461591 0.040225918
7 108 3 100 567046 0.040233187
82 101 3 100 2088612 0.040235881
23 16 3 100 3042 0.040293863
6 16 3 100 5503 0.040339531
97 119 3 100 271617 0.040357423
30 53 3 100 913637 0.040361277
72 29 3 100 9429 0.040368077
54 24 3 100 5991562 0.040378940
50 46 3 100 6706991 0.040407981
84 100 3 100 9190054 0.040414197
76 84 3 100 7722960 0.040441163
61 123 3 100 2849425 0.040471721
120 59 3 100 2233 0.040479304
118 31 3 100 45447 0.040493342
21 98 3 100 317362 0.040495896
46 59 3 100 45739 0.040523888
48 120 3 100 8269 0.040524678
95 38 3 100 39688 0.040525873
103 12 3 100 39609 0.040530075
72 27 3 100 45626 0.040544110
102 58 3 100 8811583 0.040556209
29 7 3 100 3510 0.040566118
51 93 3 100 5332793 0.040589377
122 101 3 100 19238 0.040596576
114 74 3 100 113377 0.040602833
38 49 3 100 956483 0.040690476
102 14 3 100 79533 0.040699160
64 39 3 100 643404 0.040710504
11 74 3 100 999084 0.040729411
16 26 3 100 1002963 0.040733147
1 28 3 100 4478441 0.040755048
104 118 3 100 443 0.040755258
100 119 3 100 14754 0.040769784
88 55 3 100 1523738 0.040780733
24 32 3 100 57547 0.040809627
25 46 3 100 38384 0.040822677
117 41 3 100 42411 0.040871850
90 18 3 100 141231 0.040888216
88 81 3 100 543924 0.040902838
33 68 3 100 356582 0.041008227
79 23 3 100 7262806 0.041028020
63 33 3 100 56873 0.041033133
100 35 3 100 47522 0.041033328
99 50 3 100 8799 0.041034514
31 71 3 100 22823 0.041048538
116 119 3 100 6732 0.041052637
98 36 3 100 6678 0.041059610
91 58 3 100 4821014 0.041088499
20 10 3 100 351549 0.041100454
78 98 3 100 6610688 0.041109222
44 115 3 100 13094 0.041133231
11 86 3 100 5538145 0.041148007
20 37 3 100 2476411 0.041152752
19 124 3 100 3389813 0.041155617
68 49 3 100 47298 0.041166035
78 119 3 100 7461 0.041171610
20 19 3 100 16307 0.041171854
36 44 3 100 4602 0.041171961
11 126 3 100 970286 0.041174251
5 94 3 100 28365 0.041178721
40 56 3 100 465184 0.041233874
113 24 3 100 32652 0.041241950
32 67 3 100 376695 0.041253562
97 20 3 100 4 0.041272113
110 51 3 100 56547 0.041305724
45 53 3 100 76820 0.041353324
125 90 3 100 1924890 0.041371477
6 116 3 100 131537 0.041379533
88 117 3 100 61836 0.041414232
88 78 3 100 4712769 0.041443515
122 83 3 100 2745 0.041446478
103 83 3 100 9982358 0.041447033
55 33 3 100 25081 0.041515573
71 104 3 100 98868 0.041539962
13 49 3 100 30072 0.041562258
48 41 3 100 131217 0.041593892
93 13 3 100 8558 0.041602196
45 49 3 100 1787768 0.041605300
102 41 3 100 66115 0.041616082
53 46 3 100 1535346 0.041651144
122 120 3 100 48081 0.041654609
44 3 3 100 25039 0.041657913
35 6 3 100 62376 0.041670952
32 22 3 100 6083754 0.041674277
19 28 3 100 87591 0.041696663
58 80 3 100 18080 0.041718185
119 65 3 100 51408 0.041719813
71 126 3 100 255316 0.041787893
34 107 3 100 1076 0.041800470
37 50 3 100 9160455 0.041800767
115 72 3 100 20502 0.041813444
78 80 3 100 52903 0.041822039
78 3 3 100 27930 0.041842648
40 92 3 100 22853034 0.041848087
109 56 3 100 1809254 0.041853549
119 65 3 100 61804 0.041860021
91 14 3 100 59056 0.041860455
29 27 3 100 4051 0.041861084
60 80 3 100 17082 0.041888002
42 63 3 100 1187 0.041985041
70 75 3 100 25209 0.042005472
79 115 3 100 6016 0.042040753
50 94 3 100 9384 0.042056623
26 97 3 100 22872 0.042061867
43 1 3 100 911 0.042067672
28 46 3 100 54020 0.042071336
74 6 3 100 69242 0.042081644
2 89 3 100 60655 0.042081857
87 20 3 100 77175 0.042102220
40 77 3 100 560901 0.042119192
12 103 3 100 27355 0.042138058
27 105 3 100 1146767 0.042141010
16 64 3 100 1522721 0.042141352
72 80 3 100 63801 0.042147635
58 86 3 100 13742806 0.042185368
86 12 3 100 9924174 0.042193736
108 91 3 100 434 0.042217841
126 15 3 100 68922 0.042241896
49 6 3 100 4642799 0.042256323
54 74 3 100 2091 0.042265384
44 112 3 100 78201 0.042277123
52 76 3 100 4308274 0.042283478
14 17 3 100 2468 0.042284948
19 56 3 100 2487889 0.042299053
0 119 3 100 2363991 0.042302438
43 26 3 100 810344 0.042318489
35 73 3 100 42011 0.042322929
95 30 3 100 27573 0.042335474
54 88 3 100 61623 0.042344941
73 126 3 100 2993466 0.042351143
41 53 3 100 113965 0.042351167
84 4 3 100 3297176 0.042357057
51 83 3 100 1925438 0.042374390
39 50 3 100 32498 0.042378494
3 119 3 100 40739 0.042383582
66 68 3 100 2504942 0.042396850
49 108 3 100 19479246 0.042435672
116 26 3 100 3512059 0.042436179
62 64 3 100 33952 0.042445210
56 97 3 100 2928870 0.042488066
85 16 3 100 1899 0.042511021
14 69 3 100 5570 0.042528162
58 123 3 100 512210 0.042552848
61 64 3 100 3008100 0.042569733
41 22 3 100 160319 0.042575940
76 127 3 100 552 0.042590307
11 54 3 100 71854 0.042592737
111 126 3 100 2232283 0.042594408
48 27 3 100 66209 0.042595962
33 10 3 100 3366302 0.042614913
29 93 3 100 9373 0.042632464
59 4 3 100 2515419 0.042643883
102 53 3 100 18727 0.042656052
24 48 3 100 1956269 0.042666947
22 78 3 100 1623698 0.042711371
35 21 3 100 891797 0.042732066
93 120 3 100 6756 0.042791226
113 3 3 100 16937 0.042806908
14 52 3 100 32131 0.042816636
25 3 3 100 114846 0.042840305
28 88 3 100 7128960 0.042849972
90 17 3 100 10412 0.042886556
84 124 3 100 1848553 0.042936121
106 72 3 100 1847 0.042956939
110 126 3 100 2955812 0.043006255
8 29 3 100 29302 0.043031343
10 26 3 100 3424800 0.043046737
1 30 3 100 304471 0.043072304
88 113 3 100 97939 0.043083860
74 37 3 100 145138 0.043085364
20 86 3 100 4663 0.043110852
123 72 3 100 133685 0.043114238
46 104 3 100 138749 0.043147098
87 70 3 100 175020 0.043148331
9 126 3 100 17657994 0.043164756
57 62 3 100 5972 0.043173438
112 113 3 100 27765845 0.043174908
11 69 3 100 5717116 0.043177735
86 34 3 100 10281093 0.043185011
58 104 3 100 8767051 0.043185264
96 11 3 100 1673037 0.043195392
83 34 3 100 1206705 0.043222323
54 101 3 100 67374 0.043271129
112 84 3 100 51925 0.043276485
99 22 3 100 30876 0.043283623
52 35 3 100 70403 0.043298540
88 94 3 100 1074176 0.043316832
22 109 3 100 3210 0.043342975
119 82 3 100 20309 0.043361652
48 69 3 100 1951160 0.043368412
9 46 3 100 7655595 0.043420536
70 84 3 100 3988 0.043431434
12 86 3 100 1994096 0.043433131
83 54 3 100 1400920 0.043447010
21 34 3 100 22604 0.043463451
14 12 3 100 21771 0.043495586
24 21 3 100 16274 0.043512449
6 86 3 100 65495 0.043517648
51 23 3 100 57475 0.043518987
104 105 3 100 79033 0.043524062
60 64 3 100 7286 0.043527033
55 36 3 100 48800 0.043535017
12 27 3 100 34697 0.043561663
94 73 3 100 22137 0.043589008
105 69 3 100 956280 0.043652989
30 55 3 100 131043 0.043653989
102 101 3 100 1211820 0.043664407
36 3 3 100 12537 0.043665768
45 11 3 100 7580 0.043667661
80 92 3 100 43594 0.043678644
76 122 3 100 1066186 0.043697092
127 62 3 100 5251 0.043733269
103 38 3 100 2911671 0.043736401
88 62 3 100 54144 0.043738237
59 23 3 100 4109388 0.043749144
108 110 3 100 47699 0.043753970
102 30 3 100 1354910 0.043757394
81 0 3 100 31130 0.043757398
125 51 3 100 77580 0.043765955
61 54 3 100 551405 0.043768037
120 91 3 100 189418 0.043775609
106 68 3 100 1203856 0.043777966
1 20 3 100 12948771 0.043780345
87 122 3 100 44556 0.043780671
117 26 3 100 149762 0.043794989
112 68 3 100 3581 0.043798162
12 121 3 100 12543 0.043804886
67 114 3 100 70399 0.043808156
17 110 3 100 31708 0.043816872
108 99 3 100 4931903 0.043828647
58 24 3 100 4838 0.043841799
27 69 3 100 3733 0.043880640
109 7 3 100 491922 0.043886515
11 5 3 100 3688572 0.043916717
81 46 3 100 31554 0.043917400
13 3 3 100 46776 0.043925582
114 17 3 100 28585 0.043934753
55 108 3 100 9120 0.043949583
86 60 3 100 1562702 0.044019229
120 96 3 100 512620 0.044020867
75 20 3 100 6361 0.044021913
94 103 3 100 44234 0.044052201
72 63 3 100 4513 0.044060756
66 106 3 100 72749 0.044072490
8 53 3 100 50584 0.044100273
102 107 3 100 24005 0.044118545
89 15 3 100 2286920 0.044133018
10 69 3 100 5587778 0.044134008
9 117 3 100 264036 0.044163484
73 60 3 100 49484 0.044172632
54 39 3 100 8062520 0.044213619
60 67 3 100 7145017 0.044228129
55 82 3 100 113491 0.044228289
68 123 3 100 1496145 0.044234784
3 82 3 100 3336159 0.044264174
34 104 3 100 5731772 0.044268522
13 56 3 100 3137795 0.044280665
53 109 3 100 908020 0.044306238
126 101 3 100 4588273 0.044309273
73 77 3 100 6659920 0.044319238
99 64 3 100 9705 0.044328735
16 110 3 100 6438556 0.044328883
123 61 3 100 71172 0.044343672
83 119 3 100 1343099 0.044355189
50 27 3 100 336 0.044388014
117 45 3 100 3267155 0.044396231
112 110 3 100 1618994 0.044406701
76 11 3 100 8372215 0.044454078
1 42 3 100 8348 0.044454828
43 34 3 100 11625 0.044465016
105 50 3 100 45103 0.044467780
25 106 3 100 65262 0.044481780
124 47 3 100 15844 0.044492410
90 88 3 100 7370970 0.044554116
25 82 3 100 9470952 0.044554944
61 77 3 100 48273 0.044582706
51 8 3 100 680627 0.044588545
63 5 3 100 24478 0.044598857
21 54 3 100 4193720 0.044607126
5 65 3 100 3589288 0.044609899
123 47 3 100 28193 0.044644629
68 84 3 100 2112418 0.044673188
105 61 3 100 72074 0.044686592
79 116 3 100 147068 0.044687195
109 14 3 100 404248 0.044703646
124 114 3 100 2374940 0.044707945
23 117 3 100 884494 0.044748754
29 75 3 100 68408 0.044752417
99 116 3 100 3126021 0.044758816
83 1 3 100 48571 0.044773068
110 13 3 100 4326 0.044793311
112 47 3 100 28196 0.044793835
39 46 3 100 1752237 0.044809666
73 63 3 100 4129094 0.044814810
92 45 3 100 29586 0.044816993
73 40 3 100 938 0.044878646
104 120 3 100 1107 0.044890003
4 103 3 100 1059194 0.044901126
103 63 3 100 180759 0.044905927
77 90 3 100 11137147 0.044930148
12 76 3 100 70256 0.044932868
72 103 3 100 27007 0.044935530
27 96 3 100 54636 0.044957086
122 28 3 100 2973487 0.044957986
16 30 3 100 28488 0.044969437
94 39 3 100 1757526 0.044991155
90 36 3 100 71627 0.044999029
63 110 3 100 35721 0.045005134
57 52 3 100 40110 0.045013360
10 76 3 100 6511711 0.045020508
32 52 3 100 19125 0.045028680
101 5 3 100 66176 0.045033188
2 47 3 100 997553 0.045039056
30 77 3 100 166823 0.045072165
92 20 3 100 19224020 0.045086101
110 7 3 100 2571100 0.045090705
86 21 3 100 877 0.045098348
74 53 3 100 7576828 0.045105556
35 83 3 100 74368 0.045123641
67 122 3 100 2166815 0.045125284
29 2 3 100 3371177 0.045135567
61 70 3 100 69554 0.045141904
27 122 3 100 7497 0.045171322
24 112 3 100 91278 0.045176045
27 30 3 100 71707 0.045181737
74 113 3 100 19572 0.045198583
114 26 3 100 2372 0.045253186
23 108 3 100 40180 0.045272566
37 68 3 100 63949 0.045276567
86 19 3 100 28373 0.045285096
124 78 3 100 5702247 0.045334920
17 114 3 100 18127551 0.045337706
15 3 3 100 7060 0.045359098
119 9 3 100 1698861 0.045360046
85 40 3 100 7984356 0.045381874
106 117 3 100 633366 0.045397765
98 55 3 100 53383 0.045439107
105 99 3 100 9529483 0.045455008
99 2 3 100 485674 0.045474595
19 61 3 100 410612 0.045511223
29 69 3 100 42468 0.045511253
57 111 3 100 8237012 0.045547738
126 56 3 100 48908 0.045586840
36 66 3 100 4019291 0.045602368
54 49 3 100 719196 0.045616333
125 55 3 100 901061 0.045630330
115 91 3 100 108946 0.045651024
14 1 3 100 50141 0.045733413
21 115 3 100 40921 0.045740500
38 55 3 100 8006119 0.045757207
117 39 3 100 78300 0.045781526
101 103 3 100 2963170 0.045850945
88 17 3 100 30139 0.045871385
42 65 3 100 24142 0.045883291
39 46 3 100 263521 0.045906430
72 26 3 100 1143308 0.045908880
48 113 3 100 3696 0.045911141
45 20 3 100 369452 0.045933803
44 12 3 100 58298 0.045962685
45 25 3 100 13664 0.045985203
84 90 3 100 1918296 0.046025411
105 127 3 100 34632 0.046032558
1 28 3 100 25152 0.046076929
54 45 3 100 75047 0.046122475
102 89 3 100 28174 0.046176991
82 38 3 100 763349 0.046248877
5 50 3 100 3923788 0.046289959
15 16 3 100 13231 0.046296341
87 46 3 100 1471024 0.046328194
12 54 3 100 9399161 0.046366082
116 106 3 100 76510 0.046369211
112 15 3 100 29549 0.046373192
23 50 3 100 157353 0.046377596
91 98 3 100 29706 0.046398773
32 10 3 100 14690 0.046405461
112 89 3 100 24548 0.046406346
5 20 3 100 574530 0.046411451
18 14 3 100 385 0.046433225
122 2 3 100 134053 0.046438861
29 20 3 100 118497 0.046471944
120 121 3 100 8126676 0.046473930
11 35 3 100 4510376 0.046481260
127 123 3 100 817849 0.046498286
40 0 3 100 2180434 0.046498779
12 43 3 100 74868 0.046504296
70 23 3 100 24638040 0.046523898
102 3 3 100 65871 0.046550624
87 88 3 100 2346 0.046556919
94 28 3 100 50793 0.046580243
48 45 3 100 37825 0.046588455
16 53 3 100 48328 0.046608616
97 7 3 100 32257 0.046629114
4 53 3 100 633643 0.046680047
123 58 3 100 65768 0.046695107
24 64 3 100 6007 0.046721395
48 7 3 100 5780439 0.046762836
76 95 3 100 2282391 0.046822232
28 48 3 100 6969588 0.046823093
79 24 3 100 242354 0.046823357
31 76 3 100 176555 0.046870357
110 23 3 100 6382182 0.046873728
123 34 3 100 63343 0.046885275
5 55 3 100 10865 0.046885529
115 64 3 100 7898451 0.046893726
110 46 3 100 7832 0.046911247
93 26 3 100 1433896 0.046914580
29 85 3 100 286879 0.046930613
48 6 3 100 185683 0.046952302
120 26 3 100 917414 0.046964932
31 116 3 100 746840 0.046997215
57 72 3 100 60202 0.046998512
110 107 3 100 68717 0.046998614
84 20 3 100 2937311 0.047011721
17 96 3 100 61609 0.047027989
5 14 3 100 25349 0.047031454
17 60 3 100 197030 0.047047011
25 30 3 100 484019 0.047053847
41 88 3 100 14128866 0.047064606
23 65 3 100 24737556 0.047067281
31 50 3 100 2253834 0.047071200
35 52 3 100 1338406 0.047083569
11 86 3 100 3981125 0.047148056
68 114 3 100 77840 0.047200027
88 9 3 100 5173 0.047204847
87 123 3 100 6679 0.047207981
51 123 3 100 6276 0.047258817
96 33 3 100 20680 0.047268858
46 17 3 100 1050872 0.047288443
14 112 3 100 1197900 0.047309166
101 10 3 100 20088 0.047350668
72 65 3 100 1124495 0.047360632
104 18 3 100 2878 0.047401700
24 89 3 100 41642 0.047413038
110 104 3 100 24918 0.047422497
124 50 3 100 415584 0.047432262
45 120 3 100 78277 0.047451944
124 56 3 100 46250 0.047465119
101 67 3 100 23007 0.047477382
72 63 3 100 3261273 0.047519043
61 126 3 100 59262 0.047526024
115 121 3 100 2885028 0.047534668
21 99 3 100 36902 0.047539307
112 9 3 100 21195 0.047561952
74 42 3 100 129662 0.047575402
34 54 3 100 39449 0.047684557
76 23 3 100 4565 0.047693180
18 6 3 100 47735 0.047698777
10 47 3 100 2372856 0.047698941
125 9 3 100 3787 0.047713664
119 58 3 100 9512 0.047749668
123 71 3 100 141381 0.047781799
12 117 3 100 922745 0.047793806
76 7 3 100 728542 0.047807637
9 62 3 100 441275 0.047810365
29 118 3 100 7854964 0.047812779
85 46 3 100 1531095 0.047831856
44 60 3 100 1797080 0.047876923
103 5 3 100 966357 0.047905406
48 85 3 100 2207952 0.047928660
84 60 3 100 592989 0.047935247
57 23 3 100 714769 0.047944024
62 12 3 100 5423116 0.047953124
71 106 3 100 26887 0.047971576
24 58 3 100 60275 0.048042114
84 33 3 100 55930 0.048062978
96 120 3 100 22025 0.048073508
38 104 3 100 1900785 0.048082546
82 97 3 100 48342 0.048100058
115 35 3 100 47818 0.048120094
24 31 3 100 18103094 0.048157636
114 75 3 100 51390 0.048165184
40 15 3 100 77539 0.048199273
28 79 3 100 8683852 0.048202348
48 71 3 100 17249 0.048205072
102 77 3 100 25406 0.048222612
28 91 3 100 32309 0.048228727
112 85 3 100 36299 0.048252012
0 118 3 100 26112 0.048261823
24 3 3 100 21238 0.048270284
51 81 3 100 17952 0.048278621
96 81 3 100 9219461 0.048286862
19 120 3 100 22765 0.048288913
76 21 3 100 1605257 0.048319718
126 4 3 100 3850 0.048344434
102 33 3 100 60938 0.048352044
18 89 3 100 4551117 0.048371508
114 93 3 100 52555 0.048409985
124 86 3 100 6687 0.048456560
31 75 3 100 6148 0.048459235
17 30 3 100 4123542 0.048466411
103 105 3 100 56510 0.048482845
63 53 3 100 3577533 0.048507468
44 45 3 100 3309 0.048514448
40 52 3 100 74574 0.048523874
30 107 3 100 126837 0.048540808
92 118 3 100 54697 0.048562133
40 119 3 100 25641 0.048586387
7 115 3 100 6465 0.048591761
41 75 3 100 1257979 0.048602294
92 86 3 100 68496 0.048613427
76 55 3 100 8956031 0.048656894
47 125 3 100 1882188 0.048664640
44 86 3 100 39046 0.048676520
37 108 3 100 192791 0.048678748
126 24 3 100 680 0.048699072
76 55 3 100 1726973 0.048728999
96 86 3 100 52795 0.048742971
92 88 3 100 2723078 0.048864214
53 8 3 100 61242 0.048924740
57 121 3 100 63087 0.048970849
3 29 3 100 39756 0.049018301
61 15 3 100 23778 0.049021647
28 20 3 100 304202 0.049043785
126 44 3 100 9997 0.049058311
84 22 3 100 18074 0.049092713
68 39 3 100 103300 0.049109669
110 95 3 100 61356 0.049162704
15 113 3 100 31607 0.049172119
31 20 3 100 24290 0.049190319
7 109 3 100 2505948 0.049206690
72 69 3 100 174314 0.049291179
63 37 3 100 161695 0.049385590
37 36 3 100 39559 0.049482158
37 70 3 100 33269 0.049603617
84 114 3 100 87075 0.049605264
91 113 3 100 27526124 0.049656786
43 68 3 100 65792 0.049924189
