811 
58 93 3 100 78640 0.000004716
11 4 3 100 62119 0.000011058
32 77 3 100 11404 0.000019489
124 103 3 100 41934 0.000051996
9 30 3 100 4477139 0.000062823
113 89 3 100 1907095 0.000073024
124 11 3 100 23339 0.000074238
23 70 3 100 1737 0.000079459
74 113 3 100 56493 0.000098740
70 65 3 100 70694 0.000121907
40 46 3 100 27375 0.000132660
106 7 3 100 1050241 0.000135016
44 39 3 100 55717 0.000152456
124 125 3 100 8436611 0.000164303
106 110 3 100 20728964 0.000168877
29 12 3 100 2568533 0.000178442
69 11 3 100 1403281 0.000203773
80 109 3 100 7034880 0.000205594
3 106 3 100 5400370 0.000211849
1 53 3 100 56295 0.000238697
89 95 3 100 65282 0.000247192
10 36 3 100 2651 0.000270660
17 108 3 100 4146724 0.000288401
35 123 3 100 1569855 0.000316205
106 16 3 100 40429 0.000324419
74 37 3 100 36618 0.000340816
45 82 3 100 21621758 0.000356460
125 55 3 100 4319 0.000390833
5 116 3 100 6358854 0.000395942
93 90 3 100 48455 0.000398550
47 105 3 100 8504585 0.000404053
76 115 3 100 221669 0.000409714
2 49 3 100 1868 0.000417387
24 42 3 100 176891 0.000418255
30 28 3 100 3455 0.000425969
8 108 3 100 1189599 0.000439404
23 54 3 100 3790 0.000442053
95 17 3 100 5444 0.000443688
19 10 3 100 126422 0.000459948
45 22 3 100 48576 0.000479967
22 114 3 100 10913 0.000484898
107 88 3 100 1627180 0.000507858
76 23 3 100 187 0.000512626
75 67 3 100 7965788 0.000514653
96 41 3 100 172165 0.000521951
18 54 3 100 790096 0.000522362
34 2 3 100 6656 0.000527338
45 122 3 100 3837775 0.000554729
2 3 3 100 31368 0.000569368
108 56 3 100 2966336 0.000573675
115 97 3 100 950775 0.000581964
72 107 3 100 4627350 0.000588671
87 112 3 100 1459166 0.000589222
127 4 3 100 371111 0.000618443
113 120 3 100 1850525 0.000618516
57 111 3 100 144309 0.000628347
16 71 3 100 25554 0.000629672
102 27 3 100 8122548 0.000632107
36 126 3 100 59032 0.000636255
109 30 3 100 2580369 0.000649634
26 93 3 100 29858 0.000684472
102 40 3 100 43500 0.000685993
73 18 3 100 1578 0.000709236
93 58 3 100 2619532 0.000711273
49 101 3 100 13453 0.000714058
124 3 3 100 17509976 0.000752394
72 61 3 100 1215 0.000754217
105 9 3 100 55144 0.000757709
43 77 3 100 432 0.000760669
73 52 3 100 23032 0.000770054
6 5 3 100 29200121 0.000785568
113 60 3 100 38895 0.000787645
93 8 3 100 22098 0.000794858
123 36 3 100 58634 0.000807277
26 35 3 100 3123215 0.000831067
110 21 3 100 6476168 0.000832981
107 118 3 100 4501114 0.000842024
24 21 3 100 8638730 0.000861325
10 37 3 100 34192 0.000882056
94 104 3 100 171090 0.000919292
77 25 3 100 50886 0.000947317
17 18 3 100 67951 0.000950578
112 70 3 100 29192 0.000951105
76 111 3 100 53308 0.000961934
52 114 3 100 39375 0.000968325
53 36 3 100 7927 0.000978779
26 96 3 100 757290 0.000979242
65 59 3 100 659264 0.000985117
117 102 3 100 2133680 0.000985878
74 0 3 100 1145453 0.000990970
12 1 3 100 855105 0.001016928
49 16 3 100 21269 0.001034623
19 73 3 100 713131 0.001035507
78 104 3 100 236090 0.001035690
16 111 3 100 4703 0.001048970
15 18 3 100 1794837 0.001051401
125 58 3 100 4960087 0.001062659
83 126 3 100 35893 0.001067843
104 124 3 100 13274 0.001068760
79 76 3 100 13519 0.001075414
17 0 3 100 150303 0.001087683
8 18 3 100 9057861 0.001115164
61 36 3 100 15969 0.001141846
68 87 3 100 251998 0.001142551
115 89 3 100 5728 0.001153725
100 36 3 100 4018976 0.001155770
108 43 3 100 8697 0.001160451
43 51 3 100 35160 0.001161148
93 53 3 100 45999 0.001167319
84 5 3 100 7674 0.001175412
68 85 3 100 9161 0.001186565
52 77 3 100 32569 0.001190474
17 101 3 100 307451 0.001248325
12 115 3 100 22754 0.001258634
113 73 3 100 5313471 0.001259554
86 115 3 100 76507 0.001272802
25 3 3 100 7954714 0.001298348
51 40 3 100 23146 0.001302195
74 14 3 100 5250482 0.001303280
124 50 3 100 3120 0.001310917
95 73 3 100 25747356 0.001319262
24 106 3 100 1206054 0.001352593
125 91 3 100 474462 0.001359196
32 67 3 100 22130 0.001368291
58 34 3 100 5377 0.001371003
8 21 3 100 2559 0.001389774
111 124 3 100 73131 0.001390674
22 0 3 100 7846587 0.001394358
120 127 3 100 63940 0.001398597
60 32 3 100 37008 0.001405820
72 15 3 100 1595271 0.001408026
23 2 3 100 314 0.001408578
26 22 3 100 45 0.001431328
100 61 3 100 24812 0.001432272
10 123 3 100 6820952 0.001432314
66 81 3 100 13834 0.001442994
55 108 3 100 1582466 0.001444044
87 91 3 100 15969 0.001447848
1 67 3 100 24639 0.001449646
40 31 3 100 14825723 0.001474663
45 54 3 100 28097 0.001499305
59 47 3 100 12120 0.001509435
101 98 3 100 6915 0.001509942
66 63 3 100 1060590 0.001542071
72 9 3 100 20954 0.001557455
114 97 3 100 274801 0.001563835
20 79 3 100 4986358 0.001569026
71 20 3 100 16505 0.001569902
23 69 3 100 29011 0.001577510
58 8 3 100 2561035 0.001582752
15 41 3 100 95763 0.001590242
4 101 3 100 1866864 0.001597785
40 116 3 100 88307 0.001608786
70 19 3 100 1692 0.001630155
49 83 3 100 26825857 0.001648562
12 56 3 100 1241 0.001658267
60 93 3 100 45669 0.001667087
71 31 3 100 2305962 0.001681610
71 43 3 100 1361335 0.001683437
1 97 3 100 9532 0.001684248
111 24 3 100 3714 0.001690763
18 99 3 100 159049 0.001698120
58 37 3 100 146557 0.001709388
125 34 3 100 30565 0.001711538
29 11 3 100 3835908 0.001735859
100 86 3 100 58012 0.001750447
36 77 3 100 23903 0.001751467
43 0 3 100 90823 0.001761261
16 11 3 100 77474 0.001771267
119 51 3 100 50926 0.001783742
34 45 3 100 5830 0.001804917
124 94 3 100 2406612 0.001807019
22 126 3 100 14863 0.001812783
53 104 3 100 27541 0.001816785
92 58 3 100 3331050 0.001835085
120 20 3 100 37275 0.001838796
114 1 3 100 6511418 0.001844972
83 117 3 100 821679 0.001850343
42 13 3 100 4489779 0.001861810
70 31 3 100 1655563 0.001862765
127 28 3 100 42916 0.001876297
92 79 3 100 4309280 0.001878575
9 33 3 100 8462403 0.001879984
38 3 3 100 12571 0.001886710
56 101 3 100 8574 0.001909497
35 51 3 100 71591 0.001917559
83 117 3 100 1046961 0.001917729
6 116 3 100 76131 0.001933925
86 4 3 100 779473 0.001942143
19 112 3 100 1008566 0.001954988
18 63 3 100 3990 0.001960552
89 48 3 100 5344 0.001962781
35 14 3 100 5121 0.001980447
23 38 3 100 8757 0.001986470
85 51 3 100 6487414 0.001988574
23 9 3 100 601623 0.001992831
16 109 3 100 56190 0.002000419
89 16 3 100 69347 0.002000569
36 75 3 100 1379177 0.002029387
90 98 3 100 3189188 0.002030090
15 116 3 100 325914 0.002051256
126 59 3 100 8034824 0.002082911
113 110 3 100 538446 0.002090835
96 2 3 100 579199 0.002110562
106 84 3 100 3469956 0.002117432
123 11 3 100 77070 0.002123258
109 36 3 100 78500 0.002134773
124 39 3 100 24621 0.002136140
102 86 3 100 927677 0.002146136
119 117 3 100 31355 0.002153923
11 32 3 100 23459 0.002161759
82 40 3 100 8145 0.002186657
64 27 3 100 195673 0.002188582
31 34 3 100 12729 0.002191914
34 1 3 100 92509 0.002216880
98 81 3 100 8616 0.002243338
118 80 3 100 3596 0.002245282
26 114 3 100 8514320 0.002248929
73 40 3 100 1262143 0.002270792
51 112 3 100 29587330 0.002281820
43 110 3 100 28259290 0.002296204
5 101 3 100 4706970 0.002299127
28 83 3 100 9292666 0.002308477
48 60 3 100 16441061 0.002311125
127 5 3 100 756252 0.002328104
51 10 3 100 8568 0.002351472
2 89 3 100 2326 0.002356169
83 74 3 100 38921 0.002366762
77 54 3 100 75600 0.002368988
29 66 3 100 20878403 0.002380623
38 66 3 100 9933 0.002384234
78 67 3 100 175305 0.002385209
3 43 3 100 1133117 0.002387427
94 120 3 100 936429 0.002388302
64 33 3 100 68042 0.002396402
123 83 3 100 34725 0.002401512
34 30 3 100 8769956 0.002403630
100 7 3 100 4516 0.002415334
83 111 3 100 6485 0.002434494
88 111 3 100 59990 0.002462806
51 83 3 100 4821580 0.002466909
115 37 3 100 4738225 0.002471650
49 0 3 100 52073 0.002479332
77 49 3 100 19807564 0.002483488
43 89 3 100 60514 0.002485521
32 28 3 100 817606 0.002485722
66 88 3 100 1457669 0.002531437
74 80 3 100 56346 0.002551460
12 18 3 100 64218 0.002555083
127 40 3 100 6180172 0.002556015
93 36 3 100 15566 0.002564657
35 79 3 100 14144007 0.002573300
122 19 3 100 110021 0.002609402
115 101 3 100 17 0.002617453
100 80 3 100 1128381 0.002631623
59 77 3 100 2563448 0.002636103
78 39 3 100 536030 0.002643824
92 84 3 100 190867 0.002651013
113 7 3 100 79958 0.002652396
102 73 3 100 25805 0.002655489
27 119 3 100 74393 0.002665377
118 100 3 100 47112 0.002683122
23 6 3 100 18850306 0.002686158
116 46 3 100 4570320 0.002700321
57 89 3 100 13621203 0.002700378
65 11 3 100 55820 0.002719865
11 89 3 100 51816 0.002739000
28 69 3 100 8620793 0.002741632
117 70 3 100 173002 0.002745742
66 32 3 100 2502421 0.002748727
66 80 3 100 3142 0.002749283
68 76 3 100 28538 0.002753168
95 32 3 100 8017 0.002753547
48 13 3 100 4310 0.002756370
123 10 3 100 18550 0.002789670
117 124 3 100 158759 0.002801552
43 61 3 100 154113 0.002815303
49 86 3 100 4587 0.002825154
41 47 3 100 34083 0.002841211
18 37 3 100 44259 0.002854775
38 73 3 100 62893 0.002885062
108 90 3 100 25423 0.002900610
120 64 3 100 26921 0.002902488
53 30 3 100 191489 0.002907100
51 125 3 100 23781 0.002937006
36 18 3 100 6935230 0.002948142
90 117 3 100 1956758 0.002951619
122 2 3 100 39781 0.002953497
8 111 3 100 4554 0.002960799
51 32 3 100 12811880 0.002963714
24 47 3 100 60065 0.002981874
108 22 3 100 14684 0.002996416
107 77 3 100 27187 0.002999831
51 37 3 100 97569 0.003006547
5 14 3 100 5606843 0.003018117
64 46 3 100 32480 0.003032158
29 125 3 100 33255 0.003042971
98 34 3 100 4376409 0.003075246
80 98 3 100 685759 0.003080222
109 28 3 100 2543 0.003085741
86 54 3 100 570536 0.003096581
50 13 3 100 46061 0.003110748
95 30 3 100 1414036 0.003150498
29 19 3 100 35021 0.003157146
97 31 3 100 4298483 0.003191201
113 99 3 100 103473 0.003198337
62 38 3 100 14639 0.003209394
89 8 3 100 51386 0.003216273
121 104 3 100 1822930 0.003251114
91 100 3 100 2217 0.003278311
49 27 3 100 1511286 0.003279715
90 102 3 100 814 0.003287898
12 72 3 100 42929 0.003294811
42 84 3 100 1788484 0.003305921
15 87 3 100 629289 0.003371996
27 7 3 100 79920 0.003381462
76 20 3 100 3400709 0.003396421
113 93 3 100 97848 0.003402247
125 54 3 100 10339994 0.003404970
37 7 3 100 2664159 0.003406881
113 104 3 100 9545 0.003435548
16 26 3 100 21251 0.003441015
34 12 3 100 67026 0.003451277
7 56 3 100 17652 0.003453432
110 78 3 100 79117 0.003457010
102 52 3 100 12999 0.003462132
32 37 3 100 4017408 0.003473204
12 54 3 100 427914 0.003489995
105 13 3 100 7864 0.003491950
109 35 3 100 3464603 0.003494247
83 73 3 100 21074 0.003495694
78 45 3 100 216547 0.003518317
39 91 3 100 419624 0.003555593
68 50 3 100 27512 0.003558600
32 107 3 100 71833 0.003562458
0 125 3 100 265 0.003563492
39 43 3 100 73934 0.003574053
80 17 3 100 60464 0.003574169
6 44 3 100 87 0.003579762
124 58 3 100 65106 0.003591364
106 1 3 100 4365782 0.003594772
79 63 3 100 20690 0.003625836
47 97 3 100 59801 0.003640804
121 79 3 100 53712 0.003706884
32 43 3 100 48330 0.003726867
40 108 3 100 29137 0.003774365
46 41 3 100 30649 0.003777598
30 127 3 100 6619 0.003779436
71 16 3 100 36076 0.003797827
1 67 3 100 21256 0.003826611
8 18 3 100 17305284 0.003827722
67 95 3 100 6861902 0.003842073
92 36 3 100 5703487 0.003845509
98 106 3 100 62080 0.003846263
59 103 3 100 3464 0.003847034
81 21 3 100 147232 0.003854913
69 44 3 100 6563 0.003858502
105 3 3 100 183475 0.003864520
78 20 3 100 361215 0.003865019
38 57 3 100 180727 0.003884198
105 38 3 100 256 0.003889828
108 84 3 100 52183 0.003899932
79 82 3 100 42128 0.003927827
107 124 3 100 29516 0.003928601
19 113 3 100 4686 0.003953473
42 108 3 100 4787961 0.003953689
6 85 3 100 10354 0.003964867
65 101 3 100 75047 0.003982986
11 94 3 100 7750 0.003995471
58 104 3 100 29539 0.003996782
102 28 3 100 20327 0.004007338
7 95 3 100 18986 0.004011452
123 83 3 100 5744 0.004018395
0 24 3 100 13523 0.004042016
55 78 3 100 7848148 0.004042784
58 43 3 100 52937 0.004058252
100 92 3 100 20872 0.004068716
89 38 3 100 1605445 0.004071660
70 126 3 100 1298 0.004081702
94 54 3 100 45658 0.004084950
2 50 3 100 140611 0.004109785
103 97 3 100 573268 0.004111767
106 54 3 100 1145175 0.004117100
61 80 3 100 8151 0.004122965
10 94 3 100 46659 0.004126812
78 31 3 100 1248083 0.004156982
69 75 3 100 67812 0.004165351
3 67 3 100 16214 0.004185097
25 82 3 100 1677436 0.004186132
11 90 3 100 9530 0.004194847
103 2 3 100 31437 0.004195341
57 121 3 100 662166 0.004204327
53 118 3 100 7633 0.004218509
66 94 3 100 45875 0.004229732
90 49 3 100 4074 0.004240070
12 91 3 100 79330 0.004240599
34 73 3 100 39735 0.004247578
98 52 3 100 192247 0.004250067
11 50 3 100 8867 0.004272630
71 110 3 100 53340 0.004272962
78 111 3 100 409295 0.004284998
69 58 3 100 2680275 0.004286507
14 45 3 100 63935 0.004301822
110 50 3 100 4190851 0.004303936
64 21 3 100 997166 0.004323117
73 35 3 100 29226570 0.004359678
18 101 3 100 703113 0.004364687
29 13 3 100 67298 0.004366704
47 91 3 100 11192 0.004370953
67 1 3 100 79707 0.004372718
25 118 3 100 39881 0.004373987
61 66 3 100 20453 0.004393368
19 21 3 100 70918 0.004407627
124 112 3 100 76517 0.004413247
82 51 3 100 4593248 0.004418171
53 37 3 100 27988894 0.004437843
106 44 3 100 27244 0.004470283
53 89 3 100 135090 0.004476528
56 97 3 100 24794 0.004493181
109 21 3 100 2883495 0.004500579
27 85 3 100 1347148 0.004511898
0 118 3 100 1528871 0.004516305
111 43 3 100 567094 0.004528013
107 53 3 100 77249 0.004546481
51 82 3 100 33069 0.004551792
28 64 3 100 1713337 0.004554015
93 22 3 100 2088220 0.004555903
82 121 3 100 151578 0.004566884
111 29 3 100 1083669 0.004577624
49 25 3 100 193112 0.004609365
7 77 3 100 933328 0.004623260
97 117 3 100 55930 0.004633982
122 59 3 100 1400888 0.004639263
95 105 3 100 4953 0.004677239
74 88 3 100 743794 0.004700402
17 70 3 100 699700 0.004701791
80 31 3 100 28017117 0.004705133
43 9 3 100 190357 0.004711067
88 95 3 100 19165 0.004713650
123 79 3 100 251 0.004714586
9 85 3 100 6857318 0.004721847
13 65 3 100 1927714 0.004726087
45 62 3 100 61281 0.004734610
104 20 3 100 3219 0.004737447
66 79 3 100 1180764 0.004761516
98 62 3 100 3884719 0.004764391
125 122 3 100 1475400 0.004766329
4 72 3 100 236820 0.004781368
108 100 3 100 102296 0.004788409
13 120 3 100 25494 0.004809833
70 104 3 100 46986 0.004840818
43 114 3 100 984213 0.004843479
100 47 3 100 66042 0.004847247
65 61 3 100 62110 0.004852762
85 56 3 100 1908587 0.004866303
75 45 3 100 103141 0.004886422
105 72 3 100 91845 0.004887778
66 72 3 100 5677313 0.004891048
87 124 3 100 2922510 0.004892431
27 127 3 100 28249 0.004910815
47 96 3 100 1272012 0.004912125
96 49 3 100 3889 0.004932855
10 0 3 100 15616 0.004958855
9 95 3 100 173836 0.004991199
55 10 3 100 4844317 0.005003249
19 108 3 100 14360672 0.005012693
76 26 3 100 1752868 0.005020777
76 115 3 100 1482834 0.005022476
96 52 3 100 68880 0.005043913
84 19 3 100 737302 0.005098298
89 7 3 100 289550 0.005105805
12 89 3 100 31836 0.005110500
27 59 3 100 40183 0.005114342
5 43 3 100 24901 0.005115634
109 26 3 100 824494 0.005119711
22 10 3 100 3178 0.005123744
107 123 3 100 23641 0.005130743
113 14 3 100 44593 0.005135084
20 36 3 100 75540 0.005166272
69 25 3 100 28468 0.005169958
19 54 3 100 78633 0.005187600
34 54 3 100 75185 0.005194682
47 74 3 100 19649440 0.005196198
92 55 3 100 821134 0.005198181
119 24 3 100 3881 0.005208881
94 104 3 100 65686 0.005219969
61 26 3 100 1792124 0.005228644
84 21 3 100 26529 0.005241876
125 70 3 100 117337 0.005251654
32 87 3 100 39012 0.005279483
8 27 3 100 1512369 0.005301948
26 95 3 100 8534 0.005336614
84 112 3 100 1127046 0.005350411
123 35 3 100 24722 0.005350793
55 76 3 100 19911 0.005360573
18 100 3 100 5604162 0.005381928
0 92 3 100 124209 0.005397448
102 109 3 100 2811618 0.005426496
65 12 3 100 3798631 0.005432243
21 82 3 100 1172085 0.005440558
91 31 3 100 61122 0.005460492
76 34 3 100 5678211 0.005474554
19 107 3 100 1836260 0.005485678
103 91 3 100 10469 0.005495573
57 30 3 100 63023 0.005496576
120 96 3 100 3523558 0.005504166
1 30 3 100 593033 0.005528744
63 11 3 100 3362401 0.005548902
86 60 3 100 134828 0.005550654
100 16 3 100 2627927 0.005554670
35 6 3 100 575863 0.005566381
13 92 3 100 1557767 0.005581974
14 76 3 100 23424275 0.005588860
6 125 3 100 457298 0.005619010
77 65 3 100 12226 0.005619905
73 24 3 100 61401 0.005627178
70 101 3 100 702725 0.005635760
3 61 3 100 29448 0.005637339
50 72 3 100 15010 0.005671123
109 121 3 100 73814 0.005674714
103 42 3 100 3292019 0.005684520
61 100 3 100 612775 0.005686853
20 91 3 100 5738454 0.005691228
68 29 3 100 2570 0.005695645
24 37 3 100 18921 0.005699055
59 93 3 100 2472980 0.005705942
99 39 3 100 7741 0.005732161
6 35 3 100 557 0.005737768
123 104 3 100 6568 0.005738876
118 99 3 100 16491 0.005747366
55 47 3 100 2336056 0.005766373
57 93 3 100 2249 0.005768448
117 71 3 100 65601 0.005816577
39 70 3 100 824 0.005820723
92 20 3 100 61424 0.005823129
89 127 3 100 36769 0.005833111
59 108 3 100 2257765 0.005843878
61 54 3 100 37142 0.005853328
110 77 3 100 42933 0.005856371
19 7 3 100 72943 0.005884654
56 125 3 100 50832 0.005889113
64 95 3 100 21174 0.005890331
71 119 3 100 797954 0.005927656
30 103 3 100 78076 0.005934025
66 12 3 100 11344 0.005943451
67 116 3 100 18636 0.005948670
12 76 3 100 20259089 0.005957361
30 119 3 100 100490 0.005964459
8 65 3 100 79941 0.005973557
45 113 3 100 2908 0.005973625
102 26 3 100 24036 0.005974125
119 110 3 100 30925 0.005987348
99 12 3 100 2995 0.006006264
65 91 3 100 68770 0.006025536
118 9 3 100 41571 0.006034185
62 106 3 100 39635 0.006038179
121 1 3 100 20301 0.006041495
70 119 3 100 71650 0.006056301
2 49 3 100 7997 0.006065328
61 89 3 100 55931 0.006077429
62 64 3 100 31532 0.006108742
50 100 3 100 76403 0.006110884
54 43 3 100 1876543 0.006111248
114 127 3 100 2816232 0.006116504
68 105 3 100 7324 0.006120201
16 109 3 100 1788622 0.006137536
33 99 3 100 41296 0.006147844
104 8 3 100 52830 0.006150699
94 111 3 100 653340 0.006166182
72 6 3 100 152411 0.006168760
91 64 3 100 20503 0.006187118
126 13 3 100 60302 0.006196763
38 61 3 100 15467 0.006197605
82 18 3 100 97261 0.006219233
49 79 3 100 61971 0.006219916
29 122 3 100 4623912 0.006233660
45 60 3 100 3667282 0.006235618
89 108 3 100 77400 0.006260517
126 68 3 100 1295122 0.006262524
81 120 3 100 646405 0.006285593
15 73 3 100 108359 0.006298444
93 15 3 100 786183 0.006325777
50 82 3 100 9258 0.006326544
76 9 3 100 499295 0.006328802
124 111 3 100 14196 0.006331207
25 82 3 100 61752 0.006338806
67 125 3 100 41904 0.006343400
117 23 3 100 28040 0.006380023
92 103 3 100 816243 0.006394292
115 119 3 100 24026 0.006421969
67 13 3 100 7375 0.006424538
37 73 3 100 1711394 0.006428879
108 125 3 100 528207 0.006435448
34 59 3 100 179008 0.006447623
28 58 3 100 29350 0.006461067
35 108 3 100 28721 0.006462080
51 6 3 100 1403262 0.006476533
47 24 3 100 23420 0.006479629
28 42 3 100 4738851 0.006485580
14 56 3 100 63458 0.006486858
5 18 3 100 9500 0.006486873
113 98 3 100 69085 0.006499779
93 30 3 100 1227109 0.006509004
37 8 3 100 55578 0.006525618
98 12 3 100 59648 0.006572200
125 2 3 100 19496 0.006577292
13 54 3 100 189 0.006581463
49 50 3 100 8176 0.006585815
114 93 3 100 11636 0.006587583
107 123 3 100 34675 0.006594948
53 12 3 100 1595783 0.006599055
75 71 3 100 1353557 0.006644131
16 84 3 100 1391 0.006649837
24 56 3 100 1050457 0.006668763
57 92 3 100 1212701 0.006718448
84 99 3 100 9597 0.006721503
89 82 3 100 8115006 0.006729620
27 42 3 100 1046397 0.006740358
19 126 3 100 48677 0.006746840
45 67 3 100 4177 0.006762911
17 110 3 100 13436 0.006774403
64 123 3 100 55507 0.006777639
69 39 3 100 145725 0.006781064
37 93 3 100 172735 0.006781479
111 28 3 100 39981 0.006789739
126 29 3 100 45665 0.006802251
60 92 3 100 2626 0.006802664
7 114 3 100 1245391 0.006807985
90 37 3 100 1942029 0.006811147
21 123 3 100 73855 0.006820687
29 90 3 100 2439 0.006829539
13 19 3 100 24318172 0.006845031
57 20 3 100 5743 0.006854064
12 86 3 100 4392275 0.006862029
77 63 3 100 26493 0.006862778
95 104 3 100 40216 0.006874143
31 120 3 100 2403 0.006879652
103 79 3 100 1050761 0.006914237
99 0 3 100 74220 0.006915546
34 83 3 100 66569 0.006917528
23 41 3 100 19591 0.006932774
54 12 3 100 4306237 0.006944518
54 108 3 100 885185 0.006972320
14 70 3 100 103557 0.006975204
46 127 3 100 2124206 0.006986724
116 124 3 100 20002194 0.006990797
0 4 3 100 1085844 0.007017352
99 12 3 100 782883 0.007025095
41 15 3 100 152177 0.007030050
106 98 3 100 19171 0.007041204
46 51 3 100 58417 0.007047311
95 52 3 100 83082 0.007048154
46 54 3 100 4686813 0.007057449
47 40 3 100 957019 0.007079567
0 47 3 100 1940180 0.007094056
58 64 3 100 29525 0.007095014
123 91 3 100 29296 0.007112312
113 124 3 100 41298 0.007117038
47 107 3 100 386850 0.007133877
3 64 3 100 8449509 0.007148643
36 70 3 100 20143 0.007149338
53 77 3 100 29313 0.007197353
108 56 3 100 6996298 0.007206716
125 3 3 100 2275267 0.007214339
36 58 3 100 564684 0.007217691
75 103 3 100 273738 0.007237676
34 56 3 100 30788 0.007255326
21 29 3 100 1494 0.007261654
27 49 3 100 45209 0.007261760
104 126 3 100 5693 0.007270039
68 102 3 100 69343 0.007282768
68 110 3 100 842039 0.007291696
42 44 3 100 5701513 0.007297618
62 110 3 100 475245 0.007304616
85 119 3 100 1878 0.007331965
57 90 3 100 475643 0.007353270
125 108 3 100 19451 0.007357435
46 83 3 100 4242161 0.007365047
82 43 3 100 6979 0.007373181
76 67 3 100 48623 0.007389007
91 64 3 100 23720 0.007390471
77 0 3 100 52753 0.007393470
119 104 3 100 4534 0.007405568
58 39 3 100 9192 0.007408519
89 60 3 100 3362131 0.007413009
22 51 3 100 744846 0.007434367
108 38 3 100 181774 0.007447703
8 38 3 100 2616262 0.007515834
45 69 3 100 4229565 0.007524444
30 58 3 100 70889 0.007526855
52 92 3 100 1377292 0.007535106
65 57 3 100 859636 0.007561824
60 86 3 100 2572 0.007570743
42 12 3 100 47352 0.007589668
78 73 3 100 4349809 0.007591176
77 36 3 100 21625 0.007592290
28 51 3 100 4485 0.007604171
23 126 3 100 71848 0.007611938
105 49 3 100 3922075 0.007613267
47 27 3 100 3967404 0.007615111
95 84 3 100 27901 0.007621146
66 14 3 100 66582 0.007626654
14 72 3 100 70146 0.007643730
15 39 3 100 3808911 0.007645039
15 51 3 100 299812 0.007648861
5 95 3 100 1600275 0.007665575
69 122 3 100 6789 0.007673066
84 54 3 100 2159306 0.007686503
2 32 3 100 4935 0.007688155
110 27 3 100 24520 0.007716999
78 81 3 100 3920 0.007734304
99 83 3 100 25816 0.007748561
85 59 3 100 55046 0.007749350
112 99 3 100 318543 0.007796480
121 106 3 100 1591688 0.007830962
16 8 3 100 4309893 0.007834100
54 114 3 100 2196025 0.007837140
117 14 3 100 534973 0.007845148
91 90 3 100 1409463 0.007845879
26 100 3 100 18537 0.007849244
96 114 3 100 24474 0.007852365
58 20 3 100 82182 0.007857573
96 104 3 100 198463 0.007875670
76 32 3 100 1285 0.007905253
5 10 3 100 27938 0.007921011
76 17 3 100 9251193 0.007939333
73 23 3 100 6756116 0.007941196
93 19 3 100 26151 0.007973575
84 35 3 100 4471761 0.007995282
6 11 3 100 27774 0.008083408
28 114 3 100 14169 0.008096480
12 27 3 100 1062824 0.008097855
72 113 3 100 1361689 0.008106329
45 44 3 100 524820 0.008124954
92 40 3 100 1866769 0.008141041
25 43 3 100 25972 0.008195181
7 122 3 100 7323156 0.008198516
63 110 3 100 1113 0.008278060
66 96 3 100 78368 0.008322767
6 99 3 100 5824851 0.008329088
3 104 3 100 342622 0.008381729
3 38 3 100 197922 0.008386575
34 5 3 100 1056 0.008390171
63 102 3 100 8531 0.008399191
64 29 3 100 3352 0.008404400
68 89 3 100 54264 0.008423138
12 104 3 100 1583543 0.008443487
31 89 3 100 3995345 0.008460882
54 8 3 100 1209173 0.008467459
86 94 3 100 1935 0.008474050
81 114 3 100 943686 0.008474256
16 114 3 100 61792 0.008490069
81 84 3 100 1067356 0.008501499
88 92 3 100 1564780 0.008502927
89 61 3 100 22052 0.008504941
15 120 3 100 7764 0.008516859
79 78 3 100 1226830 0.008527272
27 12 3 100 31673 0.008529658
55 58 3 100 1685592 0.008533157
65 58 3 100 464884 0.008553122
99 63 3 100 6710442 0.008567316
45 9 3 100 50838 0.008574102
94 124 3 100 66008 0.008585237
59 120 3 100 63151 0.008608658
0 61 3 100 3294209 0.008613717
107 21 3 100 12054 0.008693939
112 71 3 100 6070 0.008719556
110 61 3 100 75154 0.008735094
73 59 3 100 55572 0.008741949
3 52 3 100 26409386 0.008769023
96 92 3 100 9178 0.008790623
45 103 3 100 152 0.008809693
17 5 3 100 4508 0.008842581
114 99 3 100 25786501 0.008859483
15 102 3 100 501516 0.008933046
103 9 3 100 6626638 0.008938346
82 27 3 100 931494 0.008938466
88 84 3 100 490939 0.008956787
18 89 3 100 1383317 0.008968609
125 20 3 100 1415730 0.008970646
104 114 3 100 1764182 0.008973711
51 64 3 100 35964 0.008985263
7 59 3 100 36797 0.009008765
75 28 3 100 28778 0.009026246
37 118 3 100 4102861 0.009038315
18 75 3 100 6855590 0.009046374
12 84 3 100 33163 0.009068354
125 16 3 100 56286 0.009080513
33 16 3 100 67105 0.009086776
63 126 3 100 618316 0.009101437
97 70 3 100 55194 0.009118068
82 6 3 100 50027 0.009143153
45 2 3 100 26755149 0.009161282
33 5 3 100 5188 0.009189512
31 41 3 100 1982303 0.009189930
81 101 3 100 74796 0.009223075
69 51 3 100 7071 0.009225808
33 25 3 100 366599 0.009275645
56 84 3 100 33960 0.009307007
12 90 3 100 3390 0.009370577
31 70 3 100 412 0.009387804
78 126 3 100 8655651 0.009409049
93 15 3 100 62432 0.009445533
18 52 3 100 1104184 0.009476422
17 20 3 100 38488 0.009488054
78 81 3 100 168855 0.009493375
3 99 3 100 321386 0.009620827
52 56 3 100 18416 0.009663529
87 104 3 100 4987565 0.009683872
65 94 3 100 3324817 0.009764962
39 119 3 100 194610 0.009779422
