1192 
32 65 3 100 4394 0.000037858
28 37 3 100 550 0.000043141
119 111 3 100 510 0.000056748
76 3 3 100 326 0.000057603
96 64 3 100 3196 0.000060049
96 51 3 100 981 0.000062094
85 77 3 100 677 0.000064358
92 123 3 100 118556 0.000065819
7 62 3 100 683 0.000071924
10 78 3 100 49536 0.000091729
113 45 3 100 414 0.000094941
54 23 3 100 629 0.000099481
123 125 3 100 63309 0.000102112
30 108 3 100 78990 0.000106592
56 71 3 100 375 0.000117084
89 29 3 100 196720 0.000117768
74 42 3 100 1027403 0.000139640
71 118 3 100 70949 0.000140910
89 7 3 100 999 0.000154562
89 95 3 100 334 0.000158930
30 44 3 100 668 0.000208573
29 95 3 100 836 0.000218596
30 44 3 100 44251 0.000222909
69 75 3 100 638 0.000232991
27 117 3 100 415 0.000241630
72 71 3 100 1515 0.000247520
44 78 3 100 35593 0.000250464
1 24 3 100 46085 0.000251677
92 126 3 100 300 0.000269292
8 39 3 100 52808 0.000271533
53 0 3 100 590 0.000272435
48 110 3 100 226214 0.000272819
59 16 3 100 464 0.000297861
112 29 3 100 312 0.000300041
106 63 3 100 700 0.000308344
94 12 3 100 965 0.000308568
18 77 3 100 98936 0.000312444
10 42 3 100 140076 0.000319291
90 50 3 100 438 0.000325819
7 34 3 100 435 0.000337061
102 121 3 100 549 0.000338704
50 13 3 100 558 0.000339969
44 72 3 100 312 0.000340773
92 14 3 100 465 0.000348199
0 8 3 100 678 0.000353421
121 42 3 100 41758 0.000354067
125 84 3 100 420 0.000361561
86 74 3 100 39682 0.000363110
73 108 3 100 310 0.000363458
41 31 3 100 322 0.000377526
113 10 3 100 24714 0.000387402
93 113 3 100 1755 0.000388123
28 26 3 100 522 0.000388949
42 121 3 100 489 0.000390212
86 46 3 100 617 0.000401451
127 83 3 100 241 0.000460502
100 31 3 100 47918 0.000472532
120 119 3 100 994 0.000478425
54 119 3 100 550 0.000479115
45 33 3 100 588 0.000483215
88 84 3 100 360 0.000492265
77 38 3 100 807 0.000499772
55 6 3 100 345 0.000500687
34 76 3 100 755 0.000506684
17 115 3 100 283890 0.000514551
100 79 3 100 324 0.000522224
127 95 3 100 188384 0.000540840
14 73 3 100 302 0.000543506
68 90 3 100 48520 0.000552011
77 24 3 100 287 0.000553788
97 71 3 100 523 0.000556141
12 19 3 100 289 0.000561236
28 0 3 100 166 0.000571476
108 101 3 100 330 0.000575102
53 80 3 100 6564 0.000580613
119 39 3 100 311 0.000605543
30 40 3 100 457 0.000606375
3 9 3 100 501 0.000615547
45 2 3 100 356 0.000620443
12 1 3 100 40198 0.000624986
102 88 3 100 731 0.000637645
117 18 3 100 688 0.000642029
111 35 3 100 349 0.000657972
35 81 3 100 403 0.000670246
89 102 3 100 899 0.000673041
37 45 3 100 559 0.000681244
104 126 3 100 950 0.000696045
83 61 3 100 812 0.000703689
12 44 3 100 619 0.000712595
54 33 3 100 662 0.000727625
121 13 3 100 248266 0.000740297
99 34 3 100 452 0.000740476
126 1 3 100 74288 0.000743303
12 17 3 100 456 0.000744750
86 62 3 100 23526 0.000762114
103 47 3 100 562 0.000769099
58 41 3 100 56685 0.000774974
66 73 3 100 433 0.000775247
72 16 3 100 414 0.000781840
106 7 3 100 169867 0.000784881
105 89 3 100 36646 0.000786625
27 11 3 100 443 0.000789941
79 103 3 100 903 0.000796627
109 68 3 100 983 0.000802355
122 92 3 100 726 0.000803916
37 73 3 100 1404 0.000809203
106 37 3 100 15232 0.000809394
3 19 3 100 243 0.000813536
57 10 3 100 829 0.000817356
13 111 3 100 453 0.000825088
12 95 3 100 1144 0.000838105
74 106 3 100 75272 0.000847599
113 28 3 100 42506 0.000853569
41 113 3 100 314 0.000874951
57 4 3 100 406 0.000884323
81 75 3 100 633 0.000885310
50 38 3 100 631 0.000885621
122 65 3 100 1758939 0.000890371
85 7 3 100 396 0.000893488
71 120 3 100 747 0.000898585
60 85 3 100 388 0.000923910
10 82 3 100 953 0.000929082
111 91 3 100 45959 0.000932537
10 15 3 100 522 0.000945888
6 17 3 100 10 0.000948627
23 34 3 100 538 0.000953178
75 88 3 100 315 0.000957993
4 33 3 100 2609 0.000965623
68 67 3 100 47961 0.000980264
94 21 3 100 319675 0.000982307
43 85 3 100 71092 0.000982650
121 81 3 100 43975 0.000990367
97 101 3 100 893 0.000994557
65 83 3 100 647773 0.000999620
73 106 3 100 38777 0.001001066
16 103 3 100 554 0.001008224
30 54 3 100 169564 0.001012984
85 61 3 100 321 0.001023806
10 75 3 100 655 0.001026325
81 90 3 100 124695 0.001042054
94 67 3 100 203728 0.001050986
106 3 3 100 1072 0.001051960
63 7 3 100 369 0.001062992
9 98 3 100 55753 0.001065132
46 60 3 100 363057 0.001084504
92 109 3 100 1508261 0.001086740
124 34 3 100 32173 0.001088393
112 47 3 100 50976 0.001089619
83 56 3 100 595 0.001090781
74 10 3 100 586 0.001090897
93 82 3 100 346 0.001100469
86 84 3 100 45698 0.001102076
106 105 3 100 937 0.001102581
92 20 3 100 77104 0.001102690
92 26 3 100 438 0.001117789
87 73 3 100 470 0.001118339
100 122 3 100 987 0.001119670
58 95 3 100 1041925 0.001136801
9 45 3 100 1908 0.001142457
114 7 3 100 544 0.001146708
97 99 3 100 336 0.001150086
90 105 3 100 408 0.001156179
125 38 3 100 463 0.001177722
94 21 3 100 497 0.001184464
61 32 3 100 355 0.001186514
47 101 3 100 550 0.001202367
42 38 3 100 359 0.001203248
34 32 3 100 277404 0.001208271
70 33 3 100 554 0.001216692
16 55 3 100 379 0.001218269
22 81 3 100 59889 0.001218384
5 127 3 100 5462 0.001236763
91 116 3 100 349 0.001240369
22 88 3 100 301 0.001242011
114 10 3 100 314 0.001249001
126 32 3 100 608 0.001263037
8 66 3 100 104516 0.001263672
74 119 3 100 4950 0.001274909
82 50 3 100 1307 0.001282034
98 53 3 100 251706 0.001296099
24 117 3 100 544 0.001316386
80 48 3 100 662 0.001319386
106 119 3 100 566 0.001341452
71 82 3 100 54668 0.001347330
33 19 3 100 44131 0.001347919
113 115 3 100 306 0.001353299
63 87 3 100 315 0.001375078
76 18 3 100 768 0.001380893
33 11 3 100 66241 0.001389932
66 24 3 100 160 0.001402845
49 33 3 100 48943 0.001405835
125 52 3 100 541 0.001420050
76 2 3 100 726 0.001426683
39 82 3 100 203 0.001430160
1 83 3 100 348 0.001430253
21 111 3 100 269303 0.001443433
12 110 3 100 103126 0.001451712
36 32 3 100 537 0.001452579
67 73 3 100 1110 0.001457866
121 47 3 100 577 0.001463233
64 71 3 100 251 0.001469226
79 77 3 100 35860 0.001470983
82 110 3 100 410 0.001478684
15 106 3 100 1187 0.001485696
101 76 3 100 451 0.001498433
49 87 3 100 33904 0.001507300
0 61 3 100 122 0.001517835
27 44 3 100 350 0.001522475
28 33 3 100 323 0.001541510
54 107 3 100 49159 0.001564527
108 66 3 100 81352 0.001573257
114 80 3 100 113831 0.001574196
95 62 3 100 62920 0.001609600
72 15 3 100 1039 0.001620955
32 27 3 100 865 0.001628246
61 99 3 100 318 0.001632161
3 25 3 100 327 0.001648708
44 81 3 100 146214 0.001649720
79 16 3 100 566 0.001654346
25 73 3 100 44865 0.001656152
114 36 3 100 3637 0.001677061
113 86 3 100 1866 0.001688794
37 79 3 100 671 0.001690015
94 16 3 100 331 0.001690490
116 4 3 100 687 0.001707022
73 124 3 100 43789 0.001719057
69 16 3 100 43505 0.001728244
2 71 3 100 9789 0.001737614
26 76 3 100 397092 0.001748707
65 116 3 100 1976 0.001759320
100 126 3 100 606 0.001759646
104 105 3 100 536 0.001780385
49 113 3 100 39515 0.001781783
105 55 3 100 928 0.001783001
85 96 3 100 204 0.001795126
93 96 3 100 235365 0.001812010
86 55 3 100 514 0.001815402
112 28 3 100 36597 0.001825719
1 10 3 100 999 0.001836878
14 70 3 100 181007 0.001837423
111 115 3 100 628 0.001858567
20 15 3 100 569 0.001868126
13 34 3 100 625 0.001872946
20 53 3 100 32383 0.001881438
108 74 3 100 201 0.001885225
32 34 3 100 345 0.001888371
7 83 3 100 601 0.001897631
101 118 3 100 101 0.001907328
127 105 3 100 342 0.001911716
76 2 3 100 341 0.001914728
78 94 3 100 631 0.001914780
83 119 3 100 592 0.001915876
126 55 3 100 695 0.001918510
44 25 3 100 39 0.001919913
11 10 3 100 24824 0.001922394
16 37 3 100 37950 0.001924918
32 97 3 100 176832 0.001938235
48 95 3 100 498 0.001940245
74 35 3 100 315 0.001944057
118 106 3 100 612 0.001964525
43 50 3 100 402 0.001982449
12 11 3 100 1849 0.001982934
49 77 3 100 77486 0.001998706
18 90 3 100 495 0.002011352
87 95 3 100 84360 0.002014907
81 14 3 100 105884 0.002017935
24 118 3 100 868 0.002019519
13 125 3 100 545 0.002029610
126 119 3 100 54 0.002033394
49 19 3 100 2503 0.002058353
92 3 3 100 779 0.002068609
42 85 3 100 812 0.002077636
41 87 3 100 75065 0.002096044
2 18 3 100 48023 0.002096135
67 93 3 100 542 0.002096756
120 116 3 100 691 0.002102960
111 93 3 100 71851 0.002118910
90 120 3 100 347 0.002145409
69 11 3 100 829 0.002154825
123 36 3 100 81096 0.002156683
73 9 3 100 375 0.002159499
32 21 3 100 334 0.002162390
32 22 3 100 929 0.002163240
86 112 3 100 771 0.002173167
103 127 3 100 39851 0.002175720
32 47 3 100 815 0.002184396
21 50 3 100 933641 0.002193327
118 120 3 100 33586 0.002195420
74 51 3 100 368 0.002200190
13 3 3 100 54832 0.002214350
76 110 3 100 564 0.002237083
76 28 3 100 771 0.002241893
126 113 3 100 1072 0.002248417
1 89 3 100 4376 0.002260107
17 40 3 100 662 0.002260552
7 73 3 100 598 0.002261223
66 81 3 100 812255 0.002267246
73 93 3 100 419 0.002269360
3 94 3 100 1708 0.002275916
73 125 3 100 700 0.002290617
20 121 3 100 1131 0.002296779
78 79 3 100 693 0.002297502
89 24 3 100 7518 0.002313062
2 89 3 100 541 0.002313457
92 110 3 100 63127 0.002316817
75 36 3 100 8196022 0.002320419
97 40 3 100 681 0.002333195
31 125 3 100 652 0.002357864
1 14 3 100 554 0.002361464
39 79 3 100 734 0.002362658
112 86 3 100 578 0.002368603
98 119 3 100 666 0.002370931
38 71 3 100 535 0.002387788
2 6 3 100 45005 0.002404274
62 86 3 100 41242 0.002408347
69 91 3 100 48262 0.002411922
87 52 3 100 522 0.002419433
58 52 3 100 37941 0.002427497
2 16 3 100 419 0.002460817
20 46 3 100 1622 0.002461404
9 43 3 100 353 0.002464180
95 118 3 100 597 0.002471216
39 68 3 100 1858493 0.002489484
89 83 3 100 385 0.002489813
36 78 3 100 322 0.002495527
53 7 3 100 307 0.002501924
13 75 3 100 629 0.002515654
23 40 3 100 1697 0.002535016
124 32 3 100 659 0.002548102
75 42 3 100 301 0.002549030
56 25 3 100 309 0.002561997
21 60 3 100 357 0.002575305
95 25 3 100 582 0.002575455
101 38 3 100 1097 0.002579537
28 4 3 100 553 0.002583959
24 3 3 100 237 0.002587889
116 86 3 100 441 0.002594044
81 4 3 100 44439 0.002616925
98 36 3 100 33031 0.002619668
52 64 3 100 214901 0.002629139
37 112 3 100 221720 0.002641556
50 53 3 100 580 0.002643381
109 113 3 100 662 0.002656467
106 80 3 100 325 0.002658415
67 57 3 100 44417 0.002679478
57 14 3 100 343 0.002690445
76 67 3 100 66565 0.002697244
90 66 3 100 456 0.002704717
7 88 3 100 34532 0.002707007
62 0 3 100 596 0.002718214
65 125 3 100 321 0.002720198
92 117 3 100 42367 0.002720355
21 53 3 100 38173 0.002732824
103 81 3 100 334 0.002743605
28 62 3 100 230 0.002745976
102 125 3 100 1962 0.002760955
3 39 3 100 680 0.002776181
29 104 3 100 46421 0.002793237
14 28 3 100 305 0.002804534
96 95 3 100 126188 0.002814687
10 2 3 100 372 0.002818841
39 46 3 100 77475 0.002822637
86 127 3 100 525 0.002829371
111 94 3 100 384 0.002834134
87 111 3 100 191 0.002848496
90 47 3 100 142034 0.002853011
72 7 3 100 381 0.002864458
107 9 3 100 58014 0.002872453
66 91 3 100 751 0.002873055
74 91 3 100 78008 0.002883526
63 15 3 100 889 0.002911823
44 101 3 100 605 0.002932677
19 63 3 100 944 0.002944794
12 63 3 100 940 0.002953473
44 39 3 100 680 0.002956781
11 53 3 100 555 0.002961094
89 118 3 100 517 0.002964917
68 36 3 100 342 0.002965272
63 64 3 100 47458 0.002965381
98 61 3 100 112494 0.002965396
103 87 3 100 671 0.002967441
50 116 3 100 438 0.002979536
45 93 3 100 915 0.002980022
5 124 3 100 43628 0.002987436
47 107 3 100 707 0.002998071
117 109 3 100 9251866 0.003020715
96 35 3 100 655 0.003031844
35 102 3 100 383 0.003041984
117 68 3 100 31692 0.003047026
27 113 3 100 316 0.003056465
105 19 3 100 354 0.003082899
109 39 3 100 565 0.003100995
72 92 3 100 931 0.003121077
17 107 3 100 338 0.003125504
3 121 3 100 1605 0.003125633
9 47 3 100 318 0.003133171
118 15 3 100 43573 0.003133398
96 69 3 100 675 0.003139447
18 122 3 100 449 0.003142635
104 126 3 100 537 0.003155439
88 53 3 100 815 0.003155880
20 75 3 100 348 0.003162942
113 91 3 100 448 0.003174129
86 8 3 100 311 0.003176007
70 33 3 100 114860 0.003185651
91 111 3 100 564 0.003200183
94 29 3 100 144422 0.003200967
105 15 3 100 110076 0.003209746
93 26 3 100 420 0.003216011
5 59 3 100 21 0.003218132
36 50 3 100 867 0.003220167
106 93 3 100 61124 0.003221480
87 84 3 100 31821 0.003223337
96 54 3 100 780 0.003230885
90 59 3 100 41043 0.003237511
71 59 3 100 540 0.003244219
15 18 3 100 36481 0.003247016
100 20 3 100 358 0.003252311
16 39 3 100 301 0.003259830
36 86 3 100 913 0.003282927
29 2 3 100 59745 0.003283814
110 10 3 100 47843 0.003286772
93 17 3 100 41129 0.003287483
104 36 3 100 511 0.003288349
110 22 3 100 64915 0.003294763
20 73 3 100 671 0.003295936
31 48 3 100 67167 0.003303503
122 46 3 100 1967 0.003310688
113 38 3 100 898 0.003318519
99 67 3 100 1411 0.003326095
81 88 3 100 311 0.003346425
20 46 3 100 60398 0.003356773
76 35 3 100 651 0.003359534
87 109 3 100 91189 0.003361185
103 0 3 100 399 0.003372189
20 25 3 100 549 0.003373739
71 82 3 100 995 0.003381483
20 60 3 100 80113 0.003385243
123 107 3 100 83283 0.003387596
91 19 3 100 44365 0.003391225
93 116 3 100 1883 0.003393409
97 77 3 100 289783 0.003404691
125 75 3 100 342 0.003415469
49 2 3 100 516 0.003429640
85 88 3 100 558 0.003429686
0 75 3 100 354 0.003446047
3 90 3 100 460 0.003452365
58 88 3 100 482 0.003455940
21 10 3 100 72992 0.003458084
40 50 3 100 544 0.003458404
115 5 3 100 207 0.003472724
65 28 3 100 95557 0.003499305
125 94 3 100 405 0.003516383
104 14 3 100 650 0.003518188
72 77 3 100 428 0.003534125
11 89 3 100 644 0.003545343
12 58 3 100 434 0.003547816
17 58 3 100 623 0.003556969
74 75 3 100 71664 0.003557129
9 20 3 100 585 0.003571847
36 89 3 100 960180 0.003578504
83 89 3 100 387 0.003587971
122 41 3 100 677 0.003588067
70 83 3 100 80 0.003603745
57 80 3 100 1421 0.003605259
97 35 3 100 5061659 0.003607289
12 49 3 100 680 0.003610505
32 8 3 100 424 0.003611939
39 54 3 100 521 0.003621406
112 35 3 100 159405 0.003629249
39 117 3 100 303 0.003630283
31 105 3 100 1160 0.003635622
14 112 3 100 155248 0.003639117
46 82 3 100 105930 0.003641410
84 49 3 100 481 0.003649530
24 118 3 100 72117 0.003650421
27 59 3 100 668 0.003664169
107 28 3 100 4945 0.003668850
9 109 3 100 2869 0.003675360
113 19 3 100 1027 0.003682189
65 75 3 100 482 0.003682669
4 107 3 100 340 0.003688841
53 74 3 100 6503533 0.003692987
5 87 3 100 17189 0.003702491
56 33 3 100 411 0.003711290
4 64 3 100 63125 0.003719922
73 79 3 100 44892 0.003723587
4 37 3 100 263841 0.003744294
15 23 3 100 917 0.003748962
17 34 3 100 40037 0.003754093
12 100 3 100 678 0.003758210
126 8 3 100 532 0.003758359
84 13 3 100 524 0.003759330
89 46 3 100 200 0.003766944
35 30 3 100 695 0.003775529
102 105 3 100 598740 0.003790729
89 28 3 100 1973 0.003798009
47 127 3 100 60278 0.003806041
103 14 3 100 485 0.003812665
74 11 3 100 47568 0.003813412
42 83 3 100 418 0.003815917
35 104 3 100 46758 0.003835195
6 100 3 100 218 0.003836108
127 94 3 100 1281 0.003849065
58 55 3 100 668 0.003853930
71 93 3 100 1791 0.003854120
14 124 3 100 2441 0.003858019
34 99 3 100 9775666 0.003860005
106 5 3 100 288140 0.003881467
71 53 3 100 374 0.003891622
117 70 3 100 83976 0.003892947
38 108 3 100 1887 0.003896168
38 23 3 100 534 0.003901170
46 21 3 100 364 0.003905085
115 85 3 100 956 0.003909080
100 40 3 100 109992 0.003915320
105 117 3 100 682 0.003926918
43 14 3 100 680 0.003940437
91 60 3 100 628 0.003948782
6 80 3 100 463 0.003957989
16 113 3 100 55045 0.003965344
73 48 3 100 314 0.003969054
13 17 3 100 1290 0.003973895
0 10 3 100 41913 0.003974352
5 35 3 100 287193 0.003989847
82 56 3 100 6270010 0.004013270
47 65 3 100 50615 0.004022315
76 47 3 100 1529 0.004026652
119 25 3 100 46663 0.004034233
84 45 3 100 60383 0.004035445
23 33 3 100 621 0.004046419
120 109 3 100 638633 0.004057547
113 81 3 100 639 0.004060292
97 15 3 100 1560184 0.004063213
62 37 3 100 590 0.004085929
98 12 3 100 683 0.004093601
61 20 3 100 47 0.004094851
18 82 3 100 320 0.004103786
68 0 3 100 82269 0.004103981
86 87 3 100 643 0.004130199
44 16 3 100 52146 0.004139539
17 110 3 100 31810 0.004141692
103 54 3 100 112809 0.004142769
95 14 3 100 420 0.004168429
71 54 3 100 36176 0.004179774
126 98 3 100 878 0.004182971
122 48 3 100 5109 0.004187946
59 31 3 100 351 0.004188579
91 44 3 100 750 0.004195989
31 12 3 100 10552 0.004205592
0 79 3 100 30427 0.004215443
82 91 3 100 329 0.004240815
48 56 3 100 356 0.004241874
83 14 3 100 501 0.004253807
34 125 3 100 1812378 0.004256031
64 53 3 100 676 0.004264047
60 1 3 100 718 0.004266541
94 119 3 100 966 0.004282736
99 21 3 100 263989 0.004295919
110 70 3 100 1676 0.004296223
93 76 3 100 35003 0.004320490
112 100 3 100 307 0.004325151
70 63 3 100 1828 0.004327965
29 96 3 100 170351 0.004336390
47 86 3 100 343 0.004339893
104 44 3 100 32341 0.004355105
81 18 3 100 301 0.004371438
88 55 3 100 497 0.004381703
32 17 3 100 65439 0.004411796
117 126 3 100 826 0.004425955
59 122 3 100 573227 0.004436834
27 104 3 100 317 0.004438487
25 23 3 100 2515 0.004443487
18 29 3 100 320 0.004443623
126 82 3 100 1714498 0.004444028
80 83 3 100 74065 0.004449439
104 112 3 100 309 0.004450264
48 108 3 100 830 0.004461667
37 10 3 100 394 0.004481413
23 95 3 100 424 0.004481934
94 30 3 100 545 0.004485321
19 21 3 100 677 0.004499964
124 52 3 100 478 0.004504739
31 54 3 100 534 0.004510395
115 121 3 100 244 0.004523585
47 84 3 100 347 0.004527464
75 25 3 100 642 0.004540302
15 58 3 100 340 0.004556570
67 40 3 100 429 0.004564739
75 58 3 100 546 0.004566579
72 65 3 100 879 0.004578675
59 72 3 100 506 0.004584490
72 78 3 100 57496 0.004604806
88 24 3 100 8546 0.004608417
78 62 3 100 43215 0.004615540
111 58 3 100 910 0.004615682
36 51 3 100 327 0.004616969
12 97 3 100 335 0.004623035
59 28 3 100 730 0.004628810
66 9 3 100 598 0.004639706
96 89 3 100 316 0.004639998
101 112 3 100 349 0.004651376
99 62 3 100 1088 0.004656606
18 126 3 100 208206 0.004659580
11 75 3 100 406 0.004661931
81 31 3 100 418 0.004667865
25 113 3 100 599 0.004669409
25 5 3 100 6011 0.004680100
120 97 3 100 1759 0.004689261
25 31 3 100 686574 0.004692598
111 83 3 100 563 0.004692959
44 120 3 100 603 0.004693813
77 74 3 100 478 0.004698228
25 3 3 100 651 0.004705389
116 101 3 100 283948 0.004711386
71 123 3 100 9287826 0.004712016
94 24 3 100 74264 0.004713167
64 81 3 100 353 0.004730566
54 94 3 100 1711 0.004738697
32 19 3 100 668 0.004741015
115 112 3 100 956 0.004741329
114 30 3 100 547 0.004742306
64 55 3 100 207 0.004743490
91 72 3 100 965 0.004745098
93 4 3 100 719 0.004748299
94 35 3 100 588 0.004759087
23 57 3 100 405 0.004759588
11 98 3 100 320 0.004761113
41 109 3 100 440 0.004794480
0 108 3 100 74725 0.004797171
88 79 3 100 40697 0.004797777
34 50 3 100 886545 0.004798963
117 56 3 100 399 0.004803078
77 67 3 100 148485 0.004817393
3 40 3 100 486 0.004824882
118 91 3 100 386 0.004832998
15 4 3 100 979 0.004888203
62 116 3 100 683 0.004895467
99 5 3 100 1646 0.004899048
52 40 3 100 823 0.004900139
46 80 3 100 427 0.004901929
17 36 3 100 669 0.004911810
73 89 3 100 82408 0.004914683
21 65 3 100 843 0.004914978
82 77 3 100 6947 0.004942928
12 113 3 100 3304 0.004949812
71 110 3 100 33640 0.004953176
2 60 3 100 5576 0.004954745
98 3 3 100 55537 0.004959495
99 20 3 100 2023 0.004965308
90 124 3 100 654 0.004968962
26 79 3 100 587 0.004972547
102 106 3 100 44984 0.004974702
99 78 3 100 325 0.004978188
6 64 3 100 306 0.004986565
98 96 3 100 74782 0.005019632
72 22 3 100 35361 0.005019802
104 50 3 100 592 0.005029579
17 32 3 100 309 0.005032268
50 76 3 100 470 0.005046253
84 20 3 100 581 0.005061416
43 58 3 100 328 0.005070175
125 13 3 100 557 0.005091911
63 57 3 100 132647 0.005092487
87 37 3 100 543 0.005101859
69 86 3 100 34478 0.005110788
4 63 3 100 577 0.005117092
1 35 3 100 468 0.005125204
87 37 3 100 687199 0.005133181
73 112 3 100 865 0.005144109
93 49 3 100 104445 0.005161080
2 121 3 100 466 0.005173149
33 85 3 100 586 0.005176271
117 0 3 100 41001 0.005180415
60 120 3 100 494 0.005182046
117 47 3 100 9476651 0.005210601
28 5 3 100 1467479 0.005211217
113 21 3 100 339 0.005215444
36 49 3 100 473053 0.005226416
77 107 3 100 318 0.005226698
82 126 3 100 56897 0.005231308
85 43 3 100 642 0.005232928
44 61 3 100 975 0.005256729
30 44 3 100 402 0.005258343
12 46 3 100 368 0.005260388
80 8 3 100 532 0.005262801
115 50 3 100 620 0.005263176
107 69 3 100 315 0.005272075
39 84 3 100 452 0.005275062
65 59 3 100 82 0.005280315
12 52 3 100 702 0.005281137
75 85 3 100 26 0.005282216
82 65 3 100 561 0.005287473
63 123 3 100 1532 0.005289933
3 51 3 100 38425 0.005293873
108 33 3 100 896 0.005301091
75 57 3 100 925 0.005307010
26 9 3 100 303 0.005307482
62 57 3 100 803 0.005318782
107 63 3 100 635 0.005320906
12 112 3 100 315 0.005333217
121 43 3 100 60710 0.005335429
90 94 3 100 104360 0.005357143
0 124 3 100 205 0.005361630
80 1 3 100 496 0.005373073
44 39 3 100 654202 0.005391453
29 117 3 100 870 0.005407411
100 79 3 100 1668 0.005409262
42 45 3 100 802 0.005423550
18 76 3 100 428 0.005426881
127 122 3 100 330 0.005429651
49 15 3 100 1485888 0.005438591
126 91 3 100 660 0.005455330
42 105 3 100 474 0.005457874
2 6 3 100 501 0.005471579
124 16 3 100 642147 0.005489423
121 113 3 100 593 0.005492113
7 2 3 100 108151 0.005506863
118 77 3 100 774 0.005521864
113 122 3 100 951 0.005526560
4 101 3 100 448 0.005530772
37 30 3 100 981 0.005538551
78 47 3 100 1768 0.005547923
30 113 3 100 451 0.005550233
23 19 3 100 636 0.005558339
116 67 3 100 654 0.005576562
3 64 3 100 327 0.005584707
1 61 3 100 5248 0.005590529
73 37 3 100 62413 0.005595229
101 108 3 100 577 0.005599748
108 54 3 100 616 0.005606546
74 51 3 100 45441 0.005608378
98 99 3 100 139704 0.005615147
77 17 3 100 259 0.005615724
68 87 3 100 1223 0.005627467
121 12 3 100 253 0.005632312
45 101 3 100 466 0.005632786
117 8 3 100 87381 0.005633117
22 109 3 100 409 0.005634844
101 105 3 100 681 0.005635624
81 24 3 100 43390 0.005635712
91 114 3 100 238538 0.005663067
111 94 3 100 600 0.005668294
53 108 3 100 11251 0.005677467
85 116 3 100 46645 0.005684957
21 125 3 100 48980 0.005696456
96 16 3 100 664 0.005704921
55 17 3 100 313 0.005717405
27 36 3 100 468 0.005726625
127 116 3 100 573 0.005730087
76 95 3 100 544 0.005736371
64 31 3 100 31412 0.005755629
96 65 3 100 40671 0.005764804
126 102 3 100 58545 0.005766811
111 12 3 100 708 0.005776105
112 104 3 100 285 0.005776376
17 123 3 100 836 0.005783016
36 40 3 100 620 0.005795326
18 67 3 100 521 0.005796168
42 41 3 100 111005 0.005799572
102 48 3 100 235473 0.005821361
70 3 3 100 413 0.005834751
102 98 3 100 1995 0.005843034
0 102 3 100 285 0.005851375
64 108 3 100 63954 0.005860126
10 109 3 100 675 0.005867164
39 84 3 100 56784 0.005878228
20 127 3 100 547 0.005889367
80 98 3 100 589 0.005896249
77 74 3 100 521 0.005916050
67 62 3 100 436 0.005926376
68 22 3 100 555 0.005931500
118 101 3 100 39284 0.005936479
78 53 3 100 237 0.005946594
61 12 3 100 664 0.005949716
50 74 3 100 387 0.005965956
67 37 3 100 165 0.005974020
4 11 3 100 743 0.005974782
102 122 3 100 92527 0.005980686
29 3 3 100 243 0.005984040
75 96 3 100 47326 0.005988286
84 88 3 100 14627 0.005989178
95 87 3 100 542 0.005989858
78 88 3 100 325 0.005998633
113 56 3 100 695 0.006002638
27 100 3 100 652 0.006002873
55 68 3 100 31763 0.006007323
127 104 3 100 70092 0.006011322
102 28 3 100 661 0.006015789
33 86 3 100 48937 0.006021520
85 39 3 100 187 0.006021542
98 102 3 100 338 0.006024282
100 48 3 100 401 0.006029287
121 95 3 100 542 0.006045053
102 67 3 100 505 0.006065837
72 108 3 100 429 0.006070397
11 25 3 100 414694 0.006071017
61 103 3 100 483 0.006071200
12 6 3 100 408 0.006095950
89 68 3 100 508 0.006096128
9 93 3 100 38325 0.006099887
9 8 3 100 969 0.006100142
71 40 3 100 292 0.006105059
92 68 3 100 956 0.006105616
115 41 3 100 1494 0.006122740
17 51 3 100 370 0.006131704
21 72 3 100 1948597 0.006143544
97 54 3 100 313 0.006149735
21 63 3 100 613 0.006164821
24 79 3 100 1428086 0.006168810
11 52 3 100 434 0.006176959
10 126 3 100 536 0.006182366
97 127 3 100 422 0.006203827
29 56 3 100 599 0.006215517
41 127 3 100 623 0.006222878
92 35 3 100 689235 0.006233042
119 106 3 100 313 0.006242081
116 93 3 100 132624 0.006243814
104 32 3 100 1944 0.006259958
31 0 3 100 628 0.006267336
80 88 3 100 1329 0.006267815
100 4 3 100 322 0.006277143
80 52 3 100 587 0.006290968
80 33 3 100 1238 0.006296724
69 49 3 100 78099 0.006298752
123 32 3 100 50528 0.006302236
47 39 3 100 419 0.006369980
122 14 3 100 60133 0.006374110
38 34 3 100 1528 0.006387434
55 46 3 100 539 0.006393427
11 94 3 100 591 0.006395868
44 79 3 100 6002 0.006407343
80 45 3 100 727 0.006415983
0 32 3 100 573 0.006440265
29 22 3 100 847 0.006444514
122 52 3 100 948 0.006452949
73 97 3 100 158670 0.006480760
123 85 3 100 630 0.006484913
115 42 3 100 71338 0.006496095
2 125 3 100 567 0.006496980
106 90 3 100 2632 0.006501852
59 22 3 100 539 0.006502529
0 109 3 100 528 0.006528757
90 123 3 100 1048 0.006531955
0 73 3 100 334 0.006538905
69 108 3 100 6506 0.006567227
74 108 3 100 316 0.006571245
44 51 3 100 149 0.006576892
70 89 3 100 725 0.006577917
10 97 3 100 636 0.006579261
104 102 3 100 421 0.006580331
31 41 3 100 482 0.006581479
80 82 3 100 693 0.006591125
101 36 3 100 81221 0.006596056
96 1 3 100 683 0.006596073
46 61 3 100 536 0.006606843
102 126 3 100 531 0.006617474
115 98 3 100 502 0.006620054
88 125 3 100 597 0.006629346
29 44 3 100 692 0.006631381
52 18 3 100 394 0.006646557
56 123 3 100 345 0.006657596
57 127 3 100 675 0.006690579
47 27 3 100 365 0.006727174
88 61 3 100 1218 0.006730494
31 40 3 100 430 0.006731148
56 83 3 100 220 0.006739781
59 57 3 100 336 0.006742573
112 93 3 100 500 0.006745578
13 39 3 100 302 0.006751489
34 69 3 100 41927 0.006759030
44 25 3 100 43025 0.006766022
112 121 3 100 846 0.006780230
19 16 3 100 973 0.006783606
59 104 3 100 31 0.006796766
35 48 3 100 103841 0.006802007
95 68 3 100 514 0.006816799
44 116 3 100 827 0.006823894
3 59 3 100 930 0.006831750
39 33 3 100 1461 0.006831773
1 47 3 100 496 0.006839149
51 25 3 100 461 0.006844495
74 70 3 100 427 0.006852875
85 88 3 100 544 0.006853446
28 122 3 100 407 0.006861980
81 34 3 100 594 0.006881677
119 68 3 100 81 0.006887241
27 8 3 100 45494 0.006894558
70 120 3 100 309 0.006899812
33 44 3 100 214262 0.006911597
37 60 3 100 1327 0.006911700
49 107 3 100 995 0.006925745
77 114 3 100 218522 0.006927550
59 48 3 100 538 0.006928631
119 78 3 100 302 0.006932829
30 45 3 100 48770 0.006947562
40 111 3 100 3241 0.006948212
113 117 3 100 580 0.006948520
86 67 3 100 809325 0.006962297
33 55 3 100 73650 0.006970422
99 54 3 100 4216 0.006974038
73 41 3 100 49416 0.006976637
72 113 3 100 522 0.006987713
50 71 3 100 300 0.006993751
107 96 3 100 548 0.006999643
52 68 3 100 285907 0.007012528
45 112 3 100 35660 0.007028897
79 68 3 100 708 0.007041841
32 47 3 100 535 0.007043360
48 2 3 100 238 0.007047777
95 10 3 100 612 0.007063039
121 35 3 100 30178 0.007065172
26 102 3 100 327 0.007083789
36 95 3 100 28610 0.007088890
59 54 3 100 854 0.007097424
71 124 3 100 696 0.007100912
72 105 3 100 665 0.007109495
27 63 3 100 503 0.007109937
92 41 3 100 446 0.007123883
100 125 3 100 5056016 0.007128797
76 46 3 100 388 0.007139436
27 117 3 100 286 0.007143022
103 62 3 100 81890 0.007151359
6 77 3 100 310 0.007154257
42 8 3 100 404 0.007160864
121 109 3 100 327 0.007167291
7 105 3 100 30525 0.007167740
92 97 3 100 47562 0.007172458
123 92 3 100 168390 0.007175571
119 39 3 100 119248 0.007182477
10 94 3 100 480 0.007185152
40 11 3 100 31154 0.007205857
96 50 3 100 522 0.007208786
92 69 3 100 619 0.007210538
10 117 3 100 456 0.007211071
102 31 3 100 548 0.007217174
43 75 3 100 38940 0.007223829
82 19 3 100 665 0.007240561
5 67 3 100 866 0.007245907
25 30 3 100 49184 0.007246012
123 91 3 100 427 0.007246952
79 29 3 100 708 0.007254722
33 28 3 100 33375 0.007260853
125 82 3 100 507 0.007277105
34 68 3 100 410 0.007286272
68 6 3 100 1131 0.007292336
21 39 3 100 843 0.007305695
33 34 3 100 231 0.007320560
6 82 3 100 842 0.007327438
111 69 3 100 1845 0.007328615
69 60 3 100 211407 0.007337444
84 66 3 100 483 0.007345271
106 85 3 100 485 0.007349913
0 50 3 100 540 0.007375213
115 101 3 100 676 0.007394217
59 78 3 100 345 0.007399425
70 102 3 100 332 0.007400238
17 47 3 100 411 0.007408866
28 13 3 100 50 0.007416572
12 99 3 100 1069 0.007416665
41 123 3 100 1178 0.007417307
127 16 3 100 352 0.007421207
30 87 3 100 581 0.007423951
46 126 3 100 207232 0.007424383
114 31 3 100 38205 0.007428294
4 124 3 100 631 0.007455785
76 124 3 100 11961 0.007458474
81 58 3 100 611364 0.007473513
59 117 3 100 46338 0.007475243
81 51 3 100 666 0.007480903
98 38 3 100 613 0.007491833
88 53 3 100 993 0.007493924
65 45 3 100 49511 0.007495378
75 28 3 100 36837 0.007504764
2 96 3 100 603 0.007511810
114 51 3 100 6171 0.007516930
13 19 3 100 1169 0.007518407
17 8 3 100 201 0.007539040
83 9 3 100 903 0.007540261
78 42 3 100 49931 0.007542906
11 120 3 100 354 0.007544325
34 5 3 100 75424 0.007564062
6 121 3 100 351 0.007576555
63 77 3 100 40790 0.007577800
105 20 3 100 658 0.007589597
28 77 3 100 61084 0.007611458
36 19 3 100 422 0.007618598
18 85 3 100 49454 0.007625179
52 49 3 100 1387 0.007627978
22 7 3 100 234 0.007638685
73 15 3 100 93221 0.007659928
24 8 3 100 504 0.007674797
54 47 3 100 382 0.007677922
9 99 3 100 1914 0.007688795
105 1 3 100 678 0.007728172
64 23 3 100 137820 0.007755489
35 114 3 100 58641 0.007770968
61 44 3 100 405 0.007777984
21 2 3 100 130353 0.007785167
18 47 3 100 524 0.007792923
43 111 3 100 31438 0.007795938
32 30 3 100 932 0.007806803
119 8 3 100 51160 0.007807745
125 25 3 100 605 0.007809704
50 43 3 100 402 0.007814380
102 39 3 100 651150 0.007818630
39 54 3 100 39833 0.007819707
106 43 3 100 16243 0.007829116
71 11 3 100 718 0.007862540
56 70 3 100 552 0.007873297
50 19 3 100 28785 0.007880237
89 51 3 100 1035 0.007880715
83 76 3 100 979 0.007886993
15 92 3 100 316 0.007887259
52 0 3 100 686 0.007905732
62 101 3 100 70173 0.007922449
4 55 3 100 247 0.007926378
117 120 3 100 483 0.007930479
4 91 3 100 440 0.007956604
110 123 3 100 209 0.007959676
58 89 3 100 673 0.007969621
4 111 3 100 604 0.007976896
49 98 3 100 1675 0.007989057
58 84 3 100 277092 0.008003424
10 108 3 100 377 0.008009005
21 46 3 100 1939 0.008038296
43 106 3 100 41391 0.008039599
106 119 3 100 714 0.008042158
83 76 3 100 180175 0.008051500
62 60 3 100 654 0.008095798
90 64 3 100 563 0.008096169
95 98 3 100 1023161 0.008096328
111 12 3 100 690 0.008109734
40 110 3 100 78006 0.008110341
121 126 3 100 569 0.008111890
92 66 3 100 308 0.008116870
79 29 3 100 48782 0.008117173
72 86 3 100 582 0.008123761
126 3 3 100 569 0.008141567
11 123 3 100 426 0.008146806
52 50 3 100 300 0.008147091
65 38 3 100 665 0.008150585
92 85 3 100 524 0.008154603
63 85 3 100 840 0.008155307
10 113 3 100 34363 0.008155597
7 122 3 100 279062 0.008156224
89 10 3 100 69126 0.008178001
39 125 3 100 572 0.008185529
23 19 3 100 731092 0.008196281
119 15 3 100 314 0.008212424
95 6 3 100 534 0.008213312
69 74 3 100 505 0.008214145
61 44 3 100 900 0.008228307
40 35 3 100 45810 0.008235136
74 116 3 100 947 0.008254811
35 56 3 100 477 0.008260508
99 57 3 100 61625 0.008272634
40 18 3 100 358 0.008276631
73 65 3 100 787 0.008293155
28 21 3 100 995 0.008296885
98 92 3 100 1199 0.008297070
24 97 3 100 61602 0.008299490
126 37 3 100 672 0.008300177
40 9 3 100 615 0.008302102
7 24 3 100 44792 0.008316235
4 41 3 100 707 0.008350552
101 87 3 100 474 0.008351267
94 49 3 100 290 0.008362975
110 65 3 100 961 0.008379922
11 80 3 100 98779 0.008383013
21 111 3 100 1185 0.008392976
57 116 3 100 639 0.008410948
38 1 3 100 41172 0.008419732
62 72 3 100 585 0.008430781
67 68 3 100 65730 0.008439131
90 17 3 100 57228 0.008442129
31 59 3 100 339 0.008446520
32 18 3 100 1796 0.008458335
56 25 3 100 1038 0.008458857
27 55 3 100 281 0.008462855
38 67 3 100 321 0.008464329
95 62 3 100 322 0.008471413
75 21 3 100 311 0.008473714
87 11 3 100 1726 0.008491012
36 26 3 100 502 0.008504792
57 58 3 100 60101 0.008509216
68 114 3 100 592 0.008517784
54 36 3 100 3069 0.008530050
54 24 3 100 507 0.008533817
51 75 3 100 78671 0.008539824
50 122 3 100 570 0.008540748
61 18 3 100 520 0.008542733
104 74 3 100 4567 0.008550100
0 38 3 100 49337 0.008560602
11 34 3 100 573 0.008570070
105 55 3 100 82 0.008571096
102 53 3 100 964 0.008597080
61 112 3 100 315 0.008603380
23 37 3 100 754 0.008605463
51 9 3 100 962 0.008648494
30 46 3 100 695 0.008650834
11 16 3 100 878994 0.008658677
118 111 3 100 224137 0.008695770
76 46 3 100 624093 0.008705234
113 98 3 100 184 0.008706992
32 60 3 100 38819 0.008709533
29 52 3 100 318 0.008721578
87 35 3 100 43404 0.008729886
88 28 3 100 797 0.008731998
7 55 3 100 22571 0.008744399
2 60 3 100 539 0.008750564
70 90 3 100 48585 0.008756046
45 42 3 100 555946 0.008771145
27 76 3 100 306 0.008772946
111 60 3 100 648 0.008806967
5 58 3 100 577 0.008818442
2 0 3 100 644 0.008826206
2 46 3 100 39876 0.008835962
45 82 3 100 899 0.008846729
77 116 3 100 453 0.008849296
72 0 3 100 932 0.008856426
115 66 3 100 613 0.008857382
123 109 3 100 429 0.008868823
43 89 3 100 485 0.008870261
28 1 3 100 3599101 0.008888194
19 14 3 100 415 0.008902336
13 70 3 100 317 0.008910868
7 115 3 100 3924 0.008918682
0 95 3 100 2331065 0.008927898
89 34 3 100 835 0.008930877
65 109 3 100 714 0.008931274
24 33 3 100 1770 0.008958781
114 38 3 100 94113 0.008971511
22 14 3 100 101764 0.008991825
76 42 3 100 5643 0.009010066
107 62 3 100 868 0.009012295
101 79 3 100 309 0.009048106
40 17 3 100 499 0.009053793
43 29 3 100 451 0.009058256
70 52 3 100 6146 0.009070536
126 63 3 100 306 0.009088897
114 25 3 100 337 0.009093458
107 124 3 100 3228 0.009100358
123 56 3 100 280 0.009113262
101 30 3 100 70035 0.009135504
12 38 3 100 912 0.009149312
102 80 3 100 496 0.009160253
36 99 3 100 41968 0.009174689
32 97 3 100 45567 0.009176355
24 4 3 100 692 0.009178071
77 3 3 100 38928 0.009203399
10 61 3 100 283122 0.009205115
77 70 3 100 305 0.009220836
40 2 3 100 620 0.009226562
4 25 3 100 91 0.009232388
65 1 3 100 698 0.009247734
52 41 3 100 16146 0.009250742
31 94 3 100 14 0.009265458
110 95 3 100 512 0.009289795
48 43 3 100 608 0.009319400
71 21 3 100 44128 0.009324685
68 100 3 100 548 0.009332891
38 119 3 100 617078 0.009342678
27 117 3 100 591 0.009343002
55 108 3 100 1171 0.009344447
78 127 3 100 30103 0.009360464
22 100 3 100 383 0.009374581
101 98 3 100 62162 0.009377518
127 116 3 100 57678 0.009424795
38 63 3 100 343 0.009440302
68 77 3 100 542 0.009445112
48 27 3 100 88500 0.009445195
104 15 3 100 2415 0.009472736
107 111 3 100 628 0.009474723
84 7 3 100 577 0.009487456
101 98 3 100 511 0.009487949
101 59 3 100 33588 0.009499686
21 2 3 100 87 0.009504403
122 9 3 100 444 0.009540745
89 75 3 100 637 0.009544081
40 36 3 100 128 0.009557477
87 55 3 100 549 0.009580535
87 123 3 100 443 0.009588787
76 57 3 100 361 0.009598929
114 32 3 100 513 0.009607370
65 113 3 100 1409 0.009652839
84 109 3 100 16939 0.009656268
65 34 3 100 254 0.009674252
28 110 3 100 37909 0.009699195
104 97 3 100 40015 0.009785306
30 62 3 100 348 0.009856239
2 49 3 100 494 0.009964014
