2528 
104 98 3 100 343 0.000006762
41 18 3 100 67604 0.000007278
127 33 3 100 583 0.000010316
41 50 3 100 505 0.000011977
9 84 3 100 671 0.000013500
112 107 3 100 181031 0.000016351
107 28 3 100 449 0.000018465
53 13 3 100 394 0.000023158
88 82 3 100 683367 0.000027991
70 22 3 100 630 0.000029590
68 58 3 100 610 0.000040077
105 17 3 100 1867 0.000046696
52 63 3 100 344 0.000050334
100 84 3 100 880 0.000053134
93 67 3 100 38320 0.000055167
48 94 3 100 662 0.000058354
124 119 3 100 109 0.000059978
29 24 3 100 792 0.000080361
44 110 3 100 519 0.000083350
100 60 3 100 685 0.000088062
20 110 3 100 83966 0.000091606
18 101 3 100 30843 0.000091777
45 70 3 100 1523 0.000092367
106 120 3 100 9197 0.000094558
31 122 3 100 1576 0.000094698
104 63 3 100 6433 0.000104682
29 28 3 100 45085 0.000108701
15 60 3 100 373 0.000109681
89 108 3 100 824 0.000112931
117 46 3 100 1368 0.000118236
3 117 3 100 943 0.000120805
126 25 3 100 992 0.000121176
83 25 3 100 970 0.000122386
90 34 3 100 158054 0.000122622
32 56 3 100 677 0.000123206
61 92 3 100 75163 0.000124204
99 61 3 100 45034 0.000124260
94 118 3 100 664 0.000125770
41 76 3 100 578 0.000126623
44 105 3 100 315 0.000128118
19 25 3 100 1172 0.000129051
78 106 3 100 222 0.000130486
75 117 3 100 1525620 0.000135120
13 57 3 100 22389 0.000135302
6 87 3 100 361 0.000144776
42 1 3 100 669 0.000145898
79 2 3 100 434 0.000148346
98 118 3 100 327 0.000149296
100 39 3 100 688755 0.000162726
11 20 3 100 637 0.000165805
88 68 3 100 463 0.000165881
80 21 3 100 945 0.000167213
41 125 3 100 1523 0.000169524
109 49 3 100 381 0.000173081
99 115 3 100 1758 0.000173239
35 72 3 100 35980 0.000175041
76 99 3 100 962 0.000177517
53 121 3 100 45760 0.000178402
62 111 3 100 37913 0.000184057
10 78 3 100 450 0.000186237
125 78 3 100 2413 0.000190646
12 109 3 100 34921 0.000193536
123 74 3 100 1131 0.000195235
39 77 3 100 310 0.000197650
101 13 3 100 939 0.000201660
122 115 3 100 644 0.000205234
27 107 3 100 232081 0.000206322
120 114 3 100 478 0.000210855
118 88 3 100 298327 0.000211224
105 47 3 100 58318 0.000211451
29 73 3 100 688 0.000214634
25 115 3 100 1978531 0.000215248
10 119 3 100 1812 0.000217232
62 60 3 100 613 0.000219549
12 105 3 100 823 0.000227417
2 38 3 100 316 0.000229722
12 78 3 100 562 0.000231074
25 33 3 100 593 0.000236863
102 94 3 100 337 0.000256614
11 28 3 100 1644 0.000259881
15 33 3 100 37307 0.000260219
90 81 3 100 602 0.000263267
85 105 3 100 58587 0.000278166
45 58 3 100 891 0.000280888
15 74 3 100 1586 0.000284204
91 90 3 100 832957 0.000286243
64 70 3 100 5316 0.000289703
75 60 3 100 363 0.000291216
71 87 3 100 1422 0.000292062
43 11 3 100 814 0.000295382
94 72 3 100 90710 0.000310053
6 35 3 100 345 0.000310691
113 29 3 100 422 0.000314935
82 53 3 100 70846 0.000316412
73 83 3 100 103831 0.000321706
20 76 3 100 930 0.000324897
124 71 3 100 5734 0.000328435
118 43 3 100 1493 0.000329661
30 4 3 100 347 0.000331446
122 11 3 100 528 0.000339032
82 81 3 100 685 0.000340123
95 88 3 100 44166 0.000342055
117 83 3 100 1997 0.000342892
52 126 3 100 47567 0.000343239
18 25 3 100 336 0.000345274
0 7 3 100 592 0.000345425
59 112 3 100 93392 0.000354622
73 41 3 100 1319648 0.000357580
72 78 3 100 518 0.000363002
85 122 3 100 1748 0.000365863
14 20 3 100 107358 0.000367805
67 36 3 100 145436 0.000368683
44 40 3 100 1034 0.000370876
81 50 3 100 645 0.000372817
115 59 3 100 317 0.000378556
15 106 3 100 39178 0.000379510
31 59 3 100 35180 0.000380660
32 78 3 100 878321 0.000381336
29 100 3 100 344 0.000387101
105 0 3 100 93642 0.000388414
31 54 3 100 30609 0.000393540
58 83 3 100 505 0.000393573
25 43 3 100 554 0.000394605
1 64 3 100 571 0.000399566
72 8 3 100 346 0.000402166
10 127 3 100 490 0.000406194
113 95 3 100 610 0.000411160
124 115 3 100 510 0.000415152
96 33 3 100 1682 0.000415184
57 95 3 100 736 0.000420142
40 5 3 100 1240 0.000421326
106 74 3 100 242 0.000424029
88 58 3 100 40942 0.000425921
65 85 3 100 45555 0.000429036
64 28 3 100 981 0.000431652
104 38 3 100 291314 0.000432937
106 11 3 100 462 0.000443372
22 117 3 100 74582 0.000450326
90 107 3 100 615 0.000453358
85 49 3 100 313 0.000459624
111 7 3 100 416 0.000460773
98 95 3 100 395 0.000463870
36 99 3 100 602 0.000472763
70 109 3 100 45943 0.000476148
61 86 3 100 72321 0.000476319
15 127 3 100 356683 0.000476668
20 37 3 100 433 0.000483864
64 34 3 100 5022140 0.000485775
79 41 3 100 1903 0.000490150
49 113 3 100 525 0.000490472
22 11 3 100 411 0.000500462
88 92 3 100 1910 0.000510800
8 32 3 100 607 0.000513851
46 111 3 100 239 0.000532929
119 85 3 100 83559 0.000538202
6 20 3 100 993 0.000550265
18 96 3 100 398 0.000550499
33 114 3 100 60554 0.000553850
34 58 3 100 59925 0.000555756
4 36 3 100 645 0.000556159
79 37 3 100 391 0.000560012
53 16 3 100 25767 0.000562170
24 89 3 100 552 0.000564584
62 46 3 100 90759 0.000566905
68 2 3 100 1169 0.000578199
91 68 3 100 1189 0.000578247
60 45 3 100 352 0.000580472
1 10 3 100 71183 0.000589261
53 23 3 100 429 0.000590185
6 75 3 100 219 0.000594854
15 104 3 100 145778 0.000595614
124 25 3 100 489650 0.000597902
11 50 3 100 694 0.000601874
26 71 3 100 54503 0.000609419
53 104 3 100 66236 0.000610119
13 61 3 100 346 0.000610547
127 121 3 100 628 0.000613830
121 107 3 100 41511 0.000619259
23 54 3 100 960 0.000633993
119 36 3 100 606 0.000642921
0 23 3 100 485 0.000648398
95 68 3 100 31868 0.000651092
52 27 3 100 3702 0.000660957
44 19 3 100 862 0.000673988
78 74 3 100 624 0.000676887
12 111 3 100 545 0.000678262
26 18 3 100 791 0.000681919
73 33 3 100 184659 0.000685021
77 122 3 100 688 0.000689776
126 17 3 100 1470 0.000691357
85 126 3 100 279 0.000700553
127 1 3 100 485 0.000703818
59 123 3 100 599 0.000704582
63 97 3 100 389 0.000710231
3 13 3 100 1322 0.000710838
82 5 3 100 463 0.000712123
13 24 3 100 886 0.000712834
9 91 3 100 142 0.000713659
118 68 3 100 1889 0.000713705
54 59 3 100 685 0.000725186
85 122 3 100 463 0.000731413
51 115 3 100 333 0.000734925
3 86 3 100 4 0.000739522
33 64 3 100 376 0.000743554
28 78 3 100 717 0.000744302
65 98 3 100 504 0.000750035
20 16 3 100 3272 0.000755558
127 19 3 100 110352 0.000758144
88 124 3 100 49823 0.000763275
5 120 3 100 80709 0.000763545
39 30 3 100 333 0.000763862
6 15 3 100 490 0.000764553
28 51 3 100 307 0.000766672
32 3 3 100 34697 0.000769806
115 0 3 100 46079 0.000776911
65 24 3 100 775 0.000781212
61 116 3 100 120 0.000782707
92 25 3 100 1658 0.000786399
102 66 3 100 651 0.000786852
35 67 3 100 387 0.000787199
63 0 3 100 531 0.000807011
53 110 3 100 1097 0.000827513
76 124 3 100 493 0.000832867
2 93 3 100 37271 0.000851089
76 3 3 100 45423 0.000859194
102 19 3 100 269 0.000867392
55 120 3 100 685 0.000884741
46 79 3 100 490703 0.000892192
33 96 3 100 545 0.000900262
80 49 3 100 474 0.000903161
65 53 3 100 722 0.000906226
78 22 3 100 1609 0.000907792
95 37 3 100 641 0.000909543
91 51 3 100 1631 0.000910229
21 88 3 100 572 0.000911754
14 91 3 100 952 0.000927201
80 59 3 100 308 0.000928146
49 65 3 100 61534 0.000930743
37 73 3 100 890 0.000937803
5 44 3 100 1890 0.000939366
72 98 3 100 1086 0.000941080
61 89 3 100 578 0.000946551
1 42 3 100 1571 0.000952382
23 40 3 100 1910836 0.000954248
32 110 3 100 33106 0.000955212
68 82 3 100 40111 0.000958787
95 56 3 100 145271 0.000963772
107 54 3 100 675 0.000965517
76 98 3 100 870 0.000966121
49 105 3 100 652 0.000966547
24 37 3 100 48178 0.000967034
106 17 3 100 209 0.000986495
74 114 3 100 629 0.000987171
98 59 3 100 345 0.000992651
86 44 3 100 5041 0.000993749
70 124 3 100 552 0.000994418
105 8 3 100 415 0.000997567
73 28 3 100 44804 0.000998747
5 113 3 100 685 0.001000459
98 38 3 100 428 0.001003648
104 29 3 100 650 0.001008808
52 37 3 100 5719 0.001011887
121 99 3 100 375 0.001022821
64 28 3 100 359 0.001023397
61 115 3 100 390 0.001027968
42 65 3 100 604 0.001035034
11 30 3 100 943 0.001036348
80 86 3 100 161768 0.001037860
62 106 3 100 330 0.001041602
72 18 3 100 327 0.001051517
100 113 3 100 40343 0.001051568
123 50 3 100 66014 0.001056079
71 57 3 100 362 0.001058096
118 8 3 100 1422 0.001062798
118 64 3 100 1600 0.001070869
99 34 3 100 29319 0.001076005
15 100 3 100 434 0.001080409
21 16 3 100 3 0.001080754
2 25 3 100 663 0.001082920
51 77 3 100 76526 0.001084882
18 21 3 100 977 0.001088008
65 55 3 100 341 0.001091058
38 20 3 100 645 0.001093922
48 31 3 100 532 0.001098650
47 45 3 100 1617 0.001104342
68 80 3 100 575 0.001119951
18 125 3 100 655 0.001122237
38 123 3 100 584 0.001124392
121 16 3 100 80793 0.001125968
47 79 3 100 165185 0.001129575
71 76 3 100 407 0.001130090
125 33 3 100 496 0.001134771
101 100 3 100 514169 0.001138933
121 60 3 100 105871 0.001140484
120 98 3 100 1200657 0.001142953
49 112 3 100 215855 0.001151512
123 39 3 100 36060 0.001161852
102 62 3 100 586 0.001162554
97 11 3 100 979792 0.001162738
57 12 3 100 1276 0.001164238
62 23 3 100 742 0.001165891
126 42 3 100 177266 0.001166631
30 92 3 100 1822791 0.001168035
23 73 3 100 974 0.001173816
121 74 3 100 6711 0.001175972
47 76 3 100 334 0.001178752
57 116 3 100 553 0.001187903
38 98 3 100 492 0.001210260
9 35 3 100 3519 0.001218246
78 80 3 100 114028 0.001220941
55 95 3 100 602 0.001221319
101 88 3 100 594 0.001226431
125 127 3 100 451 0.001234536
80 117 3 100 460 0.001237376
47 103 3 100 337 0.001239990
30 8 3 100 297423 0.001242684
5 35 3 100 6964 0.001245984
27 62 3 100 62449 0.001251217
85 60 3 100 703 0.001253084
15 32 3 100 1846 0.001255547
125 122 3 100 188664 0.001259660
58 60 3 100 1276 0.001267263
25 90 3 100 79166 0.001269606
78 107 3 100 518 0.001277567
74 71 3 100 386998 0.001288744
76 81 3 100 503 0.001292797
12 54 3 100 314 0.001293882
4 48 3 100 440 0.001295680
125 27 3 100 250 0.001312294
49 111 3 100 985 0.001314073
49 72 3 100 444 0.001322155
35 16 3 100 358 0.001326651
28 34 3 100 3023 0.001327023
59 102 3 100 384 0.001329404
25 82 3 100 38976 0.001329677
42 93 3 100 488 0.001335213
49 123 3 100 417 0.001350951
89 20 3 100 1650 0.001351158
89 111 3 100 849 0.001353134
31 24 3 100 495 0.001355360
106 22 3 100 760029 0.001355498
54 73 3 100 557 0.001356184
72 31 3 100 600 0.001360601
91 106 3 100 847 0.001362360
1 70 3 100 810 0.001373626
13 1 3 100 663 0.001377580
106 14 3 100 115668 0.001379551
37 45 3 100 1253037 0.001382411
25 3 3 100 142719 0.001383645
52 63 3 100 463 0.001388138
89 124 3 100 332 0.001388511
81 123 3 100 312 0.001394281
110 19 3 100 597 0.001398026
12 77 3 100 941 0.001411479
14 110 3 100 887 0.001414294
6 84 3 100 435 0.001416141
113 65 3 100 565 0.001419862
0 55 3 100 482 0.001420903
56 64 3 100 450 0.001429066
28 16 3 100 459048 0.001436215
105 39 3 100 880 0.001441346
42 77 3 100 1737 0.001445508
47 20 3 100 305 0.001456490
71 82 3 100 339 0.001456881
56 92 3 100 67188 0.001457802
13 89 3 100 62238 0.001464560
98 124 3 100 14332 0.001469487
13 52 3 100 394 0.001470801
125 116 3 100 722 0.001482323
54 30 3 100 6322 0.001485255
96 23 3 100 79346 0.001485444
96 36 3 100 360 0.001487736
84 95 3 100 644 0.001494925
88 123 3 100 33542 0.001499760
65 96 3 100 232 0.001504148
55 46 3 100 180 0.001507524
121 37 3 100 428 0.001511780
27 111 3 100 777 0.001513526
28 118 3 100 346 0.001514319
13 101 3 100 39778 0.001515425
70 48 3 100 244532 0.001515479
73 13 3 100 534 0.001516514
5 13 3 100 681 0.001517581
8 114 3 100 792 0.001522663
58 50 3 100 1829 0.001522763
46 78 3 100 303 0.001525272
66 117 3 100 882420 0.001527810
21 58 3 100 324 0.001533065
101 27 3 100 815 0.001538444
53 68 3 100 620 0.001546844
29 8 3 100 314319 0.001548208
53 56 3 100 1285 0.001548822
9 101 3 100 324 0.001549082
22 49 3 100 237247 0.001556074
84 116 3 100 990 0.001560435
1 48 3 100 322 0.001564004
33 80 3 100 649 0.001566499
17 56 3 100 638 0.001569023
17 118 3 100 333 0.001582437
110 34 3 100 312 0.001584648
28 39 3 100 864 0.001605736
3 100 3 100 927 0.001609132
122 127 3 100 614 0.001611601
103 71 3 100 392 0.001616720
86 54 3 100 106689 0.001616752
8 62 3 100 715868 0.001619435
58 8 3 100 262 0.001620225
71 126 3 100 44809 0.001620951
42 51 3 100 321 0.001623552
110 23 3 100 337 0.001625816
4 25 3 100 334 0.001628071
75 109 3 100 499 0.001631091
80 22 3 100 31074 0.001631572
78 11 3 100 638 0.001637787
113 67 3 100 877 0.001642915
67 112 3 100 709 0.001644372
0 82 3 100 50458 0.001647159
36 38 3 100 813 0.001648042
9 15 3 100 117792 0.001648659
84 2 3 100 1208900 0.001656380
38 114 3 100 542 0.001660966
2 23 3 100 103240 0.001661531
69 19 3 100 1511 0.001663423
59 31 3 100 42650 0.001665440
8 74 3 100 267 0.001666095
39 52 3 100 692 0.001667745
127 49 3 100 691 0.001673801
30 40 3 100 859 0.001674324
70 68 3 100 203 0.001677089
75 95 3 100 227 0.001679652
106 85 3 100 237 0.001681095
14 64 3 100 412 0.001694273
16 7 3 100 1137 0.001697857
8 2 3 100 226598 0.001701937
90 117 3 100 76365 0.001710044
21 34 3 100 696 0.001710177
90 47 3 100 2187 0.001714074
35 125 3 100 73493 0.001719849
84 123 3 100 436 0.001723569
23 85 3 100 555 0.001738461
103 50 3 100 14431 0.001738898
95 103 3 100 225998 0.001739261
114 49 3 100 303 0.001741778
6 103 3 100 48191 0.001744423
76 103 3 100 415 0.001746052
39 34 3 100 454 0.001747067
57 98 3 100 766 0.001747888
113 68 3 100 304 0.001750150
73 54 3 100 18616 0.001762756
39 19 3 100 676 0.001765429
84 24 3 100 347 0.001766569
9 112 3 100 360 0.001769368
23 29 3 100 1617 0.001770723
17 117 3 100 653 0.001772242
9 53 3 100 45930 0.001772870
16 41 3 100 524 0.001774577
120 46 3 100 276 0.001781753
87 73 3 100 713 0.001789550
30 16 3 100 38307 0.001793701
41 24 3 100 164801 0.001796066
56 89 3 100 670 0.001798857
41 45 3 100 225 0.001801233
113 95 3 100 1207 0.001806609
63 19 3 100 399 0.001810005
92 94 3 100 245361 0.001810214
63 82 3 100 300 0.001811031
40 122 3 100 4759 0.001812350
96 120 3 100 481 0.001817755
118 30 3 100 43641 0.001823913
20 111 3 100 742210 0.001825058
123 111 3 100 329 0.001826134
80 79 3 100 679 0.001826666
31 44 3 100 608044 0.001830170
40 82 3 100 103289 0.001845453
54 87 3 100 377 0.001851672
4 120 3 100 456 0.001862174
121 76 3 100 30073 0.001864238
49 91 3 100 421 0.001866264
83 28 3 100 37409 0.001867250
19 36 3 100 45391 0.001868325
117 87 3 100 607 0.001870522
15 53 3 100 767 0.001875160
98 67 3 100 931 0.001880250
20 101 3 100 537 0.001891552
10 100 3 100 687 0.001893708
73 108 3 100 31424 0.001893717
34 122 3 100 486 0.001894241
51 120 3 100 687 0.001898623
21 102 3 100 227273 0.001899137
60 33 3 100 629 0.001899542
113 50 3 100 30695 0.001909868
17 98 3 100 223 0.001914863
111 76 3 100 680 0.001919770
114 50 3 100 49410 0.001927000
116 110 3 100 353 0.001927452
89 83 3 100 639 0.001935157
126 19 3 100 346 0.001935238
25 70 3 100 320 0.001943456
40 15 3 100 158959 0.001949350
88 86 3 100 81 0.001954339
61 24 3 100 715 0.001955775
30 52 3 100 62830 0.001956356
24 109 3 100 1637878 0.001958841
0 25 3 100 331 0.001963865
95 46 3 100 346 0.001968228
106 86 3 100 376 0.001969239
56 1 3 100 1584 0.001971893
50 3 3 100 47888 0.001982433
120 121 3 100 832 0.001983397
17 76 3 100 3907 0.001984787
18 35 3 100 1864 0.001987356
100 88 3 100 30346 0.001989618
127 100 3 100 306 0.001999378
66 108 3 100 482 0.002001608
38 32 3 100 295466 0.002001728
22 69 3 100 300 0.002005042
70 78 3 100 558 0.002014582
62 106 3 100 918315 0.002041893
73 84 3 100 40759 0.002042291
66 61 3 100 303 0.002044981
64 125 3 100 87 0.002058280
40 90 3 100 673 0.002067538
16 99 3 100 782073 0.002070264
56 4 3 100 602 0.002078345
43 35 3 100 667 0.002087978
63 69 3 100 1893 0.002092777
82 83 3 100 370 0.002096386
41 83 3 100 685 0.002106941
29 33 3 100 617 0.002110102
4 117 3 100 580 0.002110189
95 27 3 100 211 0.002112477
51 101 3 100 658 0.002115918
122 44 3 100 498 0.002117231
34 101 3 100 628 0.002123308
98 50 3 100 259 0.002127623
64 44 3 100 628373 0.002130728
123 117 3 100 37780 0.002139385
60 34 3 100 66488 0.002148403
26 9 3 100 312 0.002155367
98 82 3 100 481 0.002162592
119 117 3 100 1965 0.002165064
71 61 3 100 500 0.002165627
45 28 3 100 308 0.002170522
124 82 3 100 567 0.002174929
73 28 3 100 24216 0.002187602
32 31 3 100 575 0.002189358
31 32 3 100 1231 0.002193339
98 13 3 100 60455 0.002203718
20 112 3 100 201594 0.002207192
99 7 3 100 699 0.002209304
83 94 3 100 432 0.002215749
83 19 3 100 45874 0.002232674
36 100 3 100 312 0.002232787
30 102 3 100 491 0.002236562
37 66 3 100 219884 0.002238971
16 8 3 100 203 0.002245868
73 106 3 100 39819 0.002246620
65 93 3 100 395 0.002248562
3 90 3 100 667 0.002250993
126 22 3 100 305 0.002251378
9 38 3 100 44182 0.002252031
75 16 3 100 174 0.002254324
56 62 3 100 52774 0.002261949
90 48 3 100 370 0.002264476
31 125 3 100 348 0.002270125
99 70 3 100 876 0.002271681
92 59 3 100 579 0.002277239
63 123 3 100 666 0.002285634
21 40 3 100 239760 0.002291853
94 66 3 100 951 0.002292504
95 58 3 100 450 0.002297645
19 22 3 100 49480 0.002299548
21 64 3 100 694 0.002300721
83 25 3 100 437 0.002302432
22 87 3 100 38624 0.002305846
56 60 3 100 154017 0.002308169
72 94 3 100 658 0.002315528
56 78 3 100 517 0.002323674
90 87 3 100 46345 0.002324113
44 73 3 100 678 0.002326659
60 83 3 100 266 0.002330360
13 11 3 100 347 0.002330994
104 52 3 100 559 0.002332925
47 20 3 100 526 0.002333714
35 21 3 100 295667 0.002341939
93 75 3 100 936063 0.002342350
22 26 3 100 846545 0.002345170
54 1 3 100 148385 0.002346928
53 116 3 100 1115247 0.002347936
67 5 3 100 40944 0.002348886
121 95 3 100 54081 0.002352505
110 88 3 100 687 0.002367439
111 112 3 100 4898 0.002372830
38 82 3 100 57853 0.002378048
84 115 3 100 338 0.002382375
92 22 3 100 97497 0.002384080
43 54 3 100 680319 0.002385536
69 86 3 100 506 0.002388780
104 87 3 100 436 0.002397058
101 86 3 100 39347 0.002397372
4 68 3 100 848 0.002398449
62 5 3 100 196 0.002402012
67 2 3 100 127682 0.002405782
116 14 3 100 94406 0.002407654
84 97 3 100 953 0.002409077
39 10 3 100 364 0.002412036
50 59 3 100 508 0.002415892
69 25 3 100 107362 0.002416068
47 23 3 100 525 0.002416077
73 44 3 100 901 0.002416933
0 98 3 100 471 0.002417217
104 0 3 100 1950079 0.002421666
23 119 3 100 486 0.002428764
96 27 3 100 560 0.002429687
45 34 3 100 359 0.002431167
0 95 3 100 38570 0.002432378
26 68 3 100 622 0.002437005
48 68 3 100 3990 0.002438814
104 45 3 100 23294 0.002441049
85 8 3 100 59095 0.002442559
70 40 3 100 32381 0.002442850
113 34 3 100 327 0.002448280
51 110 3 100 965 0.002450261
120 8 3 100 6443 0.002452054
124 102 3 100 406 0.002456170
33 25 3 100 59996 0.002456748
118 34 3 100 998 0.002458750
20 0 3 100 325 0.002461060
118 123 3 100 325 0.002475799
52 67 3 100 45960 0.002488062
90 38 3 100 11518 0.002493102
84 20 3 100 30308 0.002502079
20 59 3 100 1344 0.002509093
27 32 3 100 744 0.002511573
48 117 3 100 79626 0.002513794
17 7 3 100 39846 0.002517175
68 118 3 100 187803 0.002519570
3 25 3 100 301 0.002519864
28 119 3 100 682 0.002522158
17 14 3 100 39484 0.002525933
47 30 3 100 36760 0.002533051
84 113 3 100 332 0.002538915
113 77 3 100 597 0.002539937
87 113 3 100 859 0.002544148
112 64 3 100 1729 0.002546274
62 45 3 100 406 0.002553876
11 71 3 100 159 0.002561408
17 78 3 100 624 0.002564171
32 15 3 100 39499 0.002564636
78 85 3 100 2611 0.002565935
35 91 3 100 695 0.002566378
46 18 3 100 870057 0.002574907
112 67 3 100 1693 0.002576702
29 50 3 100 625 0.002576829
124 52 3 100 772 0.002584065
43 79 3 100 1525 0.002586788
86 109 3 100 982 0.002592299
98 84 3 100 73045 0.002597135
5 10 3 100 226 0.002597888
89 52 3 100 205938 0.002599285
32 76 3 100 646 0.002610991
62 43 3 100 517 0.002619740
40 16 3 100 305 0.002630471
58 44 3 100 41474 0.002634656
92 5 3 100 292 0.002634846
2 44 3 100 474 0.002635687
42 57 3 100 390 0.002637958
22 91 3 100 85974 0.002647567
5 37 3 100 452 0.002650324
112 80 3 100 572 0.002654470
70 20 3 100 37563 0.002661727
67 52 3 100 641 0.002663520
32 31 3 100 555819 0.002674809
24 127 3 100 752644 0.002686466
121 29 3 100 444 0.002690679
90 17 3 100 34163 0.002699975
34 12 3 100 54317 0.002700825
127 60 3 100 1511 0.002704319
63 92 3 100 47060 0.002711012
31 73 3 100 1754 0.002716893
48 5 3 100 747693 0.002725808
47 39 3 100 443 0.002732767
84 58 3 100 221 0.002736625
101 126 3 100 606 0.002739065
21 48 3 100 431 0.002748492
70 40 3 100 49508 0.002749301
44 78 3 100 219 0.002758979
50 53 3 100 413 0.002759008
117 124 3 100 61685 0.002759337
25 116 3 100 132 0.002762083
18 15 3 100 905740 0.002763985
81 110 3 100 693972 0.002771640
75 58 3 100 306 0.002773140
4 71 3 100 42660 0.002778843
29 111 3 100 347 0.002779570
2 78 3 100 321 0.002782396
31 58 3 100 699 0.002783711
57 64 3 100 515 0.002784477
70 88 3 100 561 0.002790503
23 87 3 100 871 0.002791409
113 40 3 100 54632 0.002794826
84 71 3 100 1590 0.002806517
83 78 3 100 35301 0.002815133
5 48 3 100 595 0.002816717
25 103 3 100 31 0.002821271
86 97 3 100 324 0.002821743
59 91 3 100 900 0.002822473
4 106 3 100 869 0.002822803
58 2 3 100 592 0.002825607
111 78 3 100 671 0.002827951
93 96 3 100 254 0.002829802
102 21 3 100 842 0.002834332
51 118 3 100 1829 0.002836661
8 117 3 100 1944978 0.002838937
111 39 3 100 311 0.002840720
122 116 3 100 1387121 0.002842965
0 83 3 100 344 0.002844791
56 38 3 100 341 0.002846682
111 93 3 100 51 0.002848164
123 125 3 100 272 0.002850027
15 27 3 100 432 0.002854307
44 112 3 100 44816 0.002854369
41 47 3 100 591 0.002858055
113 69 3 100 49287 0.002863537
84 74 3 100 153980 0.002870705
18 3 3 100 99150 0.002875691
32 8 3 100 457 0.002878071
109 28 3 100 5036 0.002879505
117 28 3 100 819 0.002882044
126 80 3 100 103788 0.002882243
85 74 3 100 131 0.002885319
38 103 3 100 951 0.002887071
117 105 3 100 627 0.002889503
56 85 3 100 731 0.002896842
78 102 3 100 908 0.002905633
95 87 3 100 632 0.002908463
80 55 3 100 2228 0.002910202
91 42 3 100 322 0.002910748
123 77 3 100 414 0.002911422
56 91 3 100 1276 0.002921854
16 87 3 100 612 0.002923510
40 75 3 100 521 0.002925580
22 96 3 100 1231 0.002930248
97 37 3 100 47480 0.002945713
65 71 3 100 150 0.002949596
24 115 3 100 334 0.002950358
67 25 3 100 581 0.002950643
72 11 3 100 306 0.002952368
23 18 3 100 95 0.002953521
4 86 3 100 614 0.002955257
52 44 3 100 39797 0.002960340
59 126 3 100 563 0.002960824
18 39 3 100 373 0.002961267
108 3 3 100 2911 0.002965483
47 73 3 100 3142 0.002977541
104 77 3 100 734845 0.002978408
46 115 3 100 486 0.002979191
6 58 3 100 1872 0.002980804
34 99 3 100 507 0.002983018
60 39 3 100 637 0.002989321
12 122 3 100 20308 0.002993304
87 38 3 100 532 0.002997324
12 120 3 100 758 0.002999761
111 91 3 100 489 0.003003234
70 53 3 100 347 0.003004409
33 6 3 100 906 0.003004537
53 64 3 100 791 0.003009731
73 9 3 100 39266 0.003013024
14 86 3 100 408 0.003024806
122 45 3 100 112605 0.003029583
34 23 3 100 451 0.003029770
38 58 3 100 5783 0.003032656
20 81 3 100 669 0.003033854
62 107 3 100 113929 0.003035766
90 24 3 100 311 0.003043474
97 119 3 100 242 0.003046968
92 78 3 100 924 0.003050211
43 35 3 100 410 0.003052443
113 123 3 100 335 0.003069608
107 99 3 100 407 0.003071304
101 87 3 100 4759 0.003071833
97 11 3 100 46851 0.003080718
73 23 3 100 22939 0.003093521
66 52 3 100 1066 0.003093559
14 74 3 100 1719 0.003096789
96 98 3 100 1189 0.003104302
35 75 3 100 43153 0.003104841
2 110 3 100 1421867 0.003112068
118 51 3 100 460 0.003113149
62 25 3 100 139478 0.003115566
78 50 3 100 166 0.003118024
111 52 3 100 599 0.003120705
56 116 3 100 106527 0.003120798
48 83 3 100 57670 0.003126417
77 73 3 100 300 0.003129174
48 111 3 100 40518 0.003130681
78 38 3 100 338 0.003137949
81 30 3 100 6774 0.003149183
114 76 3 100 1883 0.003157676
15 10 3 100 302 0.003169249
124 66 3 100 332 0.003172738
63 127 3 100 1351 0.003175453
21 0 3 100 821 0.003183083
22 75 3 100 260077 0.003186487
48 70 3 100 526 0.003187666
120 11 3 100 1465 0.003192346
53 14 3 100 504 0.003196415
86 6 3 100 619 0.003197252
86 124 3 100 61498 0.003203643
111 44 3 100 607 0.003208061
59 86 3 100 474 0.003208854
32 50 3 100 46421 0.003223173
121 115 3 100 4434626 0.003223455
88 95 3 100 308 0.003231046
127 15 3 100 100616 0.003233272
88 47 3 100 516 0.003238880
22 84 3 100 440 0.003241257
15 88 3 100 300 0.003250133
90 83 3 100 646 0.003257514
17 104 3 100 32277 0.003258557
52 98 3 100 696318 0.003264291
51 123 3 100 422 0.003264671
11 49 3 100 301 0.003267236
110 54 3 100 226549 0.003275828
55 95 3 100 592 0.003277695
115 63 3 100 538 0.003279655
64 41 3 100 33306 0.003281820
11 106 3 100 338 0.003283311
84 81 3 100 275 0.003284497
72 28 3 100 513 0.003284577
109 121 3 100 849 0.003295936
124 20 3 100 329 0.003300468
74 93 3 100 332 0.003303298
44 100 3 100 449 0.003303586
66 123 3 100 842 0.003316316
22 10 3 100 333 0.003317270
123 106 3 100 739 0.003328513
33 2 3 100 165887 0.003329004
60 102 3 100 561 0.003329216
69 26 3 100 32380 0.003335694
36 7 3 100 321 0.003339183
83 116 3 100 634 0.003343929
91 81 3 100 93582 0.003346806
4 25 3 100 303922 0.003347121
82 15 3 100 289519 0.003353550
16 45 3 100 1748 0.003364749
35 93 3 100 40557 0.003375804
104 96 3 100 869 0.003376571
38 53 3 100 61917 0.003381434
13 17 3 100 1010191 0.003381982
19 42 3 100 550 0.003382303
127 22 3 100 348 0.003393368
127 36 3 100 310 0.003403445
103 23 3 100 285646 0.003404240
62 106 3 100 49068 0.003406823
0 84 3 100 482 0.003413930
72 91 3 100 813 0.003417742
64 37 3 100 54379 0.003419563
11 5 3 100 212259 0.003420304
97 113 3 100 877 0.003421000
94 111 3 100 687 0.003424129
107 55 3 100 48535 0.003426004
120 12 3 100 543 0.003426871
76 4 3 100 383 0.003432249
26 64 3 100 352 0.003435849
45 49 3 100 374 0.003438083
59 58 3 100 267115 0.003438540
115 111 3 100 680113 0.003441554
50 1 3 100 341 0.003447251
6 9 3 100 608 0.003447504
120 34 3 100 386 0.003449189
34 105 3 100 612 0.003449939
32 103 3 100 111438 0.003452508
113 94 3 100 669 0.003453861
23 86 3 100 677 0.003454794
53 112 3 100 502599 0.003456300
81 50 3 100 332 0.003456638
9 60 3 100 444 0.003459190
122 83 3 100 646 0.003460211
115 121 3 100 442 0.003461546
45 62 3 100 34170 0.003466218
106 117 3 100 599 0.003467349
59 53 3 100 916 0.003471838
74 116 3 100 38485 0.003475682
65 102 3 100 47415 0.003476121
87 15 3 100 749 0.003477417
53 125 3 100 830 0.003477773
43 100 3 100 255273 0.003480807
38 127 3 100 268560 0.003483009
97 95 3 100 546200 0.003489319
12 117 3 100 370 0.003489861
38 97 3 100 425 0.003490233
45 121 3 100 304 0.003495986
15 103 3 100 1861 0.003498141
1 35 3 100 41741 0.003498752
13 107 3 100 438 0.003509485
14 125 3 100 474 0.003513114
25 99 3 100 815 0.003513726
63 81 3 100 30063 0.003516225
11 53 3 100 766 0.003519854
13 77 3 100 190865 0.003520569
36 66 3 100 659 0.003521489
30 121 3 100 34163 0.003529104
104 53 3 100 35255 0.003529502
29 71 3 100 947 0.003533271
69 19 3 100 2272 0.003537751
108 57 3 100 323 0.003541450
73 65 3 100 353336 0.003546109
62 55 3 100 400 0.003548633
2 115 3 100 378 0.003559192
91 1 3 100 7379 0.003559452
107 40 3 100 634 0.003560063
105 34 3 100 54634 0.003562089
55 58 3 100 647 0.003569427
57 112 3 100 9031 0.003572087
117 56 3 100 1255046 0.003578720
106 27 3 100 45429 0.003583677
34 108 3 100 35631 0.003586227
60 118 3 100 483 0.003590523
76 32 3 100 1210 0.003597586
42 112 3 100 626 0.003616323
90 106 3 100 789 0.003617186
65 13 3 100 3923 0.003621045
25 4 3 100 621 0.003622476
75 17 3 100 28 0.003623341
54 39 3 100 337 0.003624403
13 59 3 100 1686 0.003626709
51 23 3 100 673 0.003629708
71 77 3 100 236 0.003630066
106 51 3 100 40928 0.003630238
32 47 3 100 1638 0.003632413
60 45 3 100 1638708 0.003632888
89 29 3 100 338 0.003636564
81 107 3 100 436 0.003638024
120 26 3 100 565 0.003649825
119 68 3 100 217131 0.003653540
25 35 3 100 523 0.003654991
53 108 3 100 289040 0.003658605
117 33 3 100 329 0.003658671
82 7 3 100 618 0.003663134
107 21 3 100 285 0.003664687
59 69 3 100 245 0.003666840
70 0 3 100 287564 0.003675509
115 32 3 100 624 0.003681046
116 59 3 100 753 0.003684125
39 121 3 100 44924 0.003694587
75 92 3 100 263257 0.003706942
125 43 3 100 39555 0.003709114
100 104 3 100 869962 0.003711757
15 105 3 100 783 0.003716886
52 75 3 100 904 0.003717933
17 123 3 100 1189447 0.003721047
109 16 3 100 641 0.003723057
91 99 3 100 601 0.003727879
95 53 3 100 49067 0.003728833
24 48 3 100 318 0.003733765
93 44 3 100 81717 0.003735020
64 54 3 100 656 0.003739295
22 16 3 100 1435 0.003746123
98 17 3 100 793 0.003750400
98 24 3 100 1559 0.003753505
117 76 3 100 41773 0.003755466
17 122 3 100 471 0.003757374
125 8 3 100 825 0.003759598
46 54 3 100 20536 0.003759835
100 21 3 100 331 0.003769076
86 53 3 100 541 0.003770181
82 47 3 100 203780 0.003779528
123 62 3 100 1872 0.003784274
30 69 3 100 642946 0.003785240
57 5 3 100 73033 0.003786066
94 6 3 100 33719 0.003786340
71 2 3 100 749 0.003789136
114 33 3 100 39426 0.003790177
67 65 3 100 60094 0.003801448
31 81 3 100 1148 0.003810401
5 39 3 100 488 0.003811603
15 70 3 100 12515 0.003812018
30 110 3 100 31291 0.003819725
88 120 3 100 437 0.003831424
36 75 3 100 501 0.003833265
86 75 3 100 452 0.003837471
55 88 3 100 354 0.003842403
115 17 3 100 634 0.003845856
81 99 3 100 63101 0.003851947
18 44 3 100 1125 0.003856258
69 46 3 100 417 0.003859301
62 68 3 100 45108 0.003861135
20 62 3 100 562 0.003863373
118 122 3 100 5900 0.003866856
78 16 3 100 383 0.003867701
91 25 3 100 867 0.003869896
112 31 3 100 39915 0.003880978
75 44 3 100 26643 0.003881904
54 70 3 100 1152 0.003893231
121 97 3 100 1492 0.003894784
119 55 3 100 555 0.003899678
75 103 3 100 358 0.003900456
9 60 3 100 645 0.003912715
21 22 3 100 553 0.003915115
87 127 3 100 374 0.003918812
125 111 3 100 35484 0.003920845
109 94 3 100 791 0.003921980
118 2 3 100 657 0.003922198
38 17 3 100 666 0.003925710
17 119 3 100 413 0.003927102
37 81 3 100 927 0.003945839
95 0 3 100 529 0.003946611
3 69 3 100 560 0.003949295
44 96 3 100 638 0.003950446
121 86 3 100 569184 0.003952878
126 98 3 100 343 0.003956197
31 4 3 100 914 0.003956727
75 7 3 100 561 0.003961934
4 14 3 100 562 0.003963087
95 114 3 100 340 0.003963656
27 87 3 100 273 0.003969930
110 113 3 100 977 0.003974052
101 7 3 100 349 0.003984510
39 21 3 100 236456 0.003988383
104 60 3 100 411 0.003989891
24 23 3 100 496 0.003990865
122 46 3 100 93210 0.004000155
123 69 3 100 278512 0.004001353
91 105 3 100 36063 0.004005578
9 31 3 100 714 0.004007525
41 29 3 100 686 0.004008019
4 80 3 100 550 0.004008543
93 46 3 100 307 0.004009577
83 24 3 100 574 0.004012285
106 61 3 100 318 0.004020154
89 127 3 100 659 0.004022369
124 87 3 100 904 0.004030580
111 29 3 100 996 0.004040292
46 61 3 100 57425 0.004046187
35 80 3 100 312 0.004047680
95 20 3 100 69103 0.004060652
101 5 3 100 35482 0.004062030
80 117 3 100 30883 0.004062625
25 11 3 100 47854 0.004062716
64 60 3 100 45080 0.004063305
80 89 3 100 420 0.004065867
28 14 3 100 688 0.004073223
33 85 3 100 1242 0.004095307
124 105 3 100 598 0.004097840
71 70 3 100 520 0.004103941
16 77 3 100 1928 0.004105214
2 43 3 100 91140 0.004109241
38 15 3 100 311 0.004109281
23 6 3 100 80 0.004115585
34 61 3 100 327 0.004115814
7 0 3 100 699 0.004117547
118 70 3 100 336 0.004120796
70 76 3 100 403 0.004122171
97 18 3 100 477 0.004122884
23 121 3 100 49147 0.004125649
20 127 3 100 190 0.004126064
0 18 3 100 150545 0.004133989
3 115 3 100 5321089 0.004135608
41 98 3 100 658 0.004136424
31 44 3 100 477 0.004142960
28 121 3 100 200 0.004144619
0 127 3 100 647 0.004145589
27 32 3 100 746363 0.004152566
28 43 3 100 1138 0.004154066
73 33 3 100 333 0.004156902
49 4 3 100 488 0.004163853
111 92 3 100 261899 0.004165367
87 62 3 100 524 0.004167688
86 24 3 100 33338 0.004167886
50 55 3 100 293526 0.004173091
107 9 3 100 20834 0.004174800
104 37 3 100 66984 0.004176975
78 114 3 100 884758 0.004177016
60 107 3 100 851 0.004177046
65 95 3 100 47823 0.004183742
45 90 3 100 587 0.004198633
112 20 3 100 62947 0.004200013
43 52 3 100 39043 0.004202297
88 70 3 100 38934 0.004203288
98 45 3 100 674 0.004206732
72 22 3 100 772 0.004207069
92 26 3 100 51163 0.004208217
61 77 3 100 49291 0.004208462
91 6 3 100 1527 0.004210915
77 112 3 100 680 0.004217531
56 28 3 100 686 0.004219142
100 5 3 100 71281 0.004221336
36 67 3 100 72 0.004227659
24 19 3 100 34344 0.004230263
37 94 3 100 128503 0.004230897
38 55 3 100 852 0.004233285
52 11 3 100 39483 0.004242579
37 113 3 100 3988 0.004242954
124 18 3 100 197851 0.004244761
7 65 3 100 2763267 0.004247243
74 109 3 100 61107 0.004265684
40 49 3 100 1024 0.004267488
113 114 3 100 611 0.004275947
72 122 3 100 1140 0.004277007
14 100 3 100 32924 0.004280274
78 105 3 100 494 0.004281478
106 20 3 100 429 0.004297044
12 118 3 100 325 0.004312768
65 95 3 100 391 0.004315449
19 91 3 100 923687 0.004317895
95 57 3 100 45109 0.004323523
33 85 3 100 160313 0.004326759
115 42 3 100 31751 0.004326930
18 103 3 100 324 0.004333430
83 38 3 100 42833 0.004333461
55 86 3 100 620 0.004334359
35 34 3 100 611 0.004348495
43 125 3 100 604 0.004348616
118 53 3 100 963 0.004351977
90 41 3 100 419 0.004353244
119 102 3 100 836 0.004358730
102 4 3 100 341 0.004360220
71 2 3 100 153 0.004363850
87 45 3 100 37998 0.004376462
126 4 3 100 507 0.004379658
116 84 3 100 158 0.004381886
0 43 3 100 492 0.004381914
73 11 3 100 27436 0.004392644
119 11 3 100 597 0.004398990
88 19 3 100 198 0.004403171
37 42 3 100 108456 0.004403637
42 101 3 100 168401 0.004404859
45 90 3 100 3775364 0.004405580
43 53 3 100 996 0.004409037
29 40 3 100 5243 0.004410207
1 59 3 100 260088 0.004410772
63 48 3 100 338 0.004410782
0 97 3 100 309 0.004412083
63 77 3 100 545 0.004415827
68 12 3 100 302 0.004417287
52 30 3 100 397 0.004418970
81 96 3 100 81732 0.004423813
44 10 3 100 304 0.004426020
56 45 3 100 15087 0.004431655
116 75 3 100 467 0.004434716
60 47 3 100 737927 0.004434722
89 31 3 100 536 0.004437316
67 70 3 100 99829 0.004437781
54 68 3 100 335 0.004439511
2 34 3 100 516 0.004442343
3 93 3 100 67706 0.004442464
31 63 3 100 627 0.004443717
0 7 3 100 987 0.004451181
97 103 3 100 118115 0.004453772
115 117 3 100 33676 0.004454566
50 93 3 100 73742 0.004463815
53 113 3 100 43220 0.004473239
100 98 3 100 288 0.004475635
115 111 3 100 33568 0.004478669
5 33 3 100 768 0.004479757
90 55 3 100 332 0.004479760
17 11 3 100 208 0.004480266
113 74 3 100 446 0.004486476
20 110 3 100 401 0.004492570
82 45 3 100 43 0.004502554
73 84 3 100 297347 0.004503082
6 92 3 100 1126 0.004503375
26 38 3 100 551 0.004505708
74 97 3 100 615 0.004506859
36 102 3 100 862 0.004511832
34 47 3 100 445 0.004514932
74 107 3 100 701 0.004523339
78 84 3 100 1168 0.004523664
0 38 3 100 328 0.004525131
49 79 3 100 228915 0.004530205
95 79 3 100 60903 0.004535921
29 10 3 100 44122 0.004537100
81 6 3 100 400 0.004537718
119 112 3 100 46339 0.004546142
2 70 3 100 714 0.004548753
36 111 3 100 311 0.004549255
25 114 3 100 285847 0.004553501
50 113 3 100 836 0.004556580
108 110 3 100 31 0.004561772
76 86 3 100 681 0.004567491
13 45 3 100 136139 0.004573248
125 79 3 100 162619 0.004584424
62 52 3 100 509 0.004586594
20 6 3 100 48542 0.004588295
65 44 3 100 386 0.004595034
101 124 3 100 265984 0.004597331
35 91 3 100 762 0.004605879
97 83 3 100 366 0.004615686
42 116 3 100 997 0.004615875
104 114 3 100 92815 0.004616802
99 2 3 100 384 0.004617477
36 100 3 100 1747283 0.004617762
87 127 3 100 1550 0.004618201
15 80 3 100 617 0.004625758
111 45 3 100 37969 0.004625855
94 23 3 100 44057 0.004633688
110 105 3 100 355 0.004640418
45 24 3 100 491 0.004640651
25 57 3 100 155 0.004660405
66 65 3 100 63702 0.004660408
25 40 3 100 644 0.004663476
58 11 3 100 328 0.004665525
28 80 3 100 139807 0.004668416
42 68 3 100 58240 0.004676494
83 7 3 100 602 0.004679654
17 4 3 100 805 0.004681169
87 117 3 100 625 0.004684930
119 117 3 100 326 0.004685234
97 82 3 100 336 0.004687577
69 3 3 100 354 0.004687789
122 55 3 100 1287 0.004696336
99 74 3 100 759 0.004696535
5 10 3 100 311 0.004703566
45 102 3 100 45699 0.004715165
7 117 3 100 450 0.004740050
20 83 3 100 1291 0.004746173
6 62 3 100 524 0.004747199
4 107 3 100 33189 0.004748805
17 39 3 100 538 0.004756012
110 114 3 100 302 0.004758180
90 112 3 100 339 0.004763071
56 55 3 100 331 0.004766988
118 0 3 100 662 0.004768698
97 106 3 100 10596 0.004772681
84 49 3 100 8467 0.004778663
19 74 3 100 446 0.004783206
10 44 3 100 688 0.004788830
89 97 3 100 415 0.004790019
69 35 3 100 985 0.004792242
23 75 3 100 31731 0.004792832
102 48 3 100 496 0.004793455
11 55 3 100 1852 0.004801151
114 47 3 100 1356639 0.004805822
82 105 3 100 311 0.004805983
74 33 3 100 4957 0.004819398
59 88 3 100 306 0.004824370
8 114 3 100 8234 0.004831693
116 62 3 100 596 0.004836200
62 121 3 100 370 0.004836961
54 0 3 100 525 0.004840307
70 78 3 100 306 0.004840828
18 105 3 100 975 0.004845749
75 100 3 100 3267 0.004846107
86 84 3 100 657 0.004848145
33 56 3 100 267 0.004849655
115 26 3 100 64545 0.004849844
16 86 3 100 336 0.004850924
100 53 3 100 40577 0.004863983
66 59 3 100 135 0.004876966
46 1 3 100 597 0.004880618
17 88 3 100 552 0.004880739
114 73 3 100 394 0.004882692
114 55 3 100 48336 0.004884458
102 85 3 100 985 0.004885042
62 28 3 100 49831 0.004886701
16 105 3 100 1027 0.004890365
115 68 3 100 371 0.004898861
25 4 3 100 320 0.004899299
107 91 3 100 3894 0.004903637
75 67 3 100 541 0.004907345
105 35 3 100 340 0.004909178
93 2 3 100 46682 0.004917369
30 109 3 100 250 0.004928374
34 23 3 100 110658 0.004934612
114 111 3 100 513 0.004941049
76 101 3 100 1325 0.004947701
14 31 3 100 687 0.004959636
95 4 3 100 464 0.004961895
122 15 3 100 32478 0.004962742
73 63 3 100 942 0.004968929
24 4 3 100 1146 0.004973719
93 87 3 100 36305 0.004979620
99 26 3 100 263822 0.004983863
14 41 3 100 459 0.004984271
28 35 3 100 595 0.004985992
117 44 3 100 317 0.004985995
90 85 3 100 753 0.004993132
115 31 3 100 312 0.004997849
76 68 3 100 52157 0.005001732
43 7 3 100 370 0.005009588
58 110 3 100 307 0.005016144
48 65 3 100 706 0.005019040
13 74 3 100 324 0.005020283
56 97 3 100 63914 0.005020492
46 99 3 100 719140 0.005024245
1 14 3 100 3015 0.005024487
55 83 3 100 402 0.005025141
127 35 3 100 324 0.005030549
19 65 3 100 399 0.005030730
114 105 3 100 349 0.005040734
6 1 3 100 381 0.005047584
77 3 3 100 544 0.005048207
5 56 3 100 971 0.005049427
45 6 3 100 285 0.005051188
64 100 3 100 1068161 0.005051522
62 109 3 100 636 0.005055763
122 97 3 100 456 0.005056703
83 85 3 100 3107934 0.005060813
26 101 3 100 360 0.005061958
103 47 3 100 183896 0.005062970
97 40 3 100 543 0.005071240
105 24 3 100 330 0.005072374
12 14 3 100 82168 0.005074713
13 31 3 100 514 0.005075471
35 21 3 100 795 0.005076789
106 73 3 100 346 0.005077908
50 47 3 100 123863 0.005078830
111 74 3 100 1407 0.005086391
122 105 3 100 114770 0.005086807
119 77 3 100 32478 0.005087684
31 78 3 100 1942 0.005089852
102 22 3 100 414 0.005095178
8 77 3 100 296732 0.005100745
81 68 3 100 309 0.005109811
82 39 3 100 337 0.005113710
39 53 3 100 598 0.005114366
76 47 3 100 492 0.005114464
80 27 3 100 380 0.005116182
55 2 3 100 4631 0.005116659
43 17 3 100 632 0.005119976
60 95 3 100 317 0.005125693
55 104 3 100 661 0.005126503
95 68 3 100 5083 0.005129734
99 14 3 100 429 0.005130043
7 65 3 100 342 0.005130969
58 81 3 100 709 0.005131575
91 102 3 100 30038 0.005132496
99 49 3 100 215352 0.005141500
57 32 3 100 536 0.005149889
98 56 3 100 593 0.005155794
38 27 3 100 44339 0.005161666
52 12 3 100 349 0.005163646
52 104 3 100 2974 0.005166234
79 80 3 100 471 0.005167512
86 75 3 100 1374 0.005169735
31 5 3 100 777 0.005172344
77 69 3 100 703 0.005173230
125 82 3 100 23248 0.005175196
43 8 3 100 7091 0.005176132
23 96 3 100 35215 0.005176502
0 33 3 100 473 0.005180055
49 33 3 100 78328 0.005180148
94 74 3 100 36283 0.005181680
118 13 3 100 508 0.005182468
41 6 3 100 622 0.005183322
81 94 3 100 501 0.005183835
126 127 3 100 367 0.005185181
70 101 3 100 44148 0.005189936
37 96 3 100 238468 0.005192352
18 1 3 100 59346 0.005198374
56 26 3 100 906 0.005209783
34 112 3 100 1843 0.005210943
67 39 3 100 456 0.005220384
48 52 3 100 37094 0.005226586
26 54 3 100 532 0.005226879
8 106 3 100 376057 0.005228540
29 90 3 100 558 0.005230499
125 33 3 100 300 0.005233668
113 21 3 100 14791 0.005235351
25 21 3 100 539 0.005236203
10 23 3 100 484 0.005241339
34 101 3 100 1806 0.005252356
0 101 3 100 479 0.005252814
73 4 3 100 4799 0.005259318
100 90 3 100 427 0.005261350
101 44 3 100 1903 0.005264966
125 22 3 100 546 0.005273178
119 40 3 100 1497 0.005279090
123 108 3 100 922 0.005281701
123 64 3 100 108599 0.005288262
123 9 3 100 29881 0.005293813
87 59 3 100 36106 0.005296403
16 82 3 100 1375 0.005296456
40 22 3 100 297 0.005296586
26 88 3 100 1896644 0.005300140
103 49 3 100 252 0.005301624
37 94 3 100 304 0.005311570
102 42 3 100 625 0.005312470
84 26 3 100 402 0.005313599
99 75 3 100 339 0.005320366
57 20 3 100 695 0.005326640
95 88 3 100 17497 0.005334590
9 2 3 100 594 0.005334741
125 76 3 100 959 0.005337378
88 11 3 100 542 0.005342120
101 52 3 100 14017 0.005346277
26 10 3 100 930 0.005348046
92 118 3 100 122332 0.005361027
102 108 3 100 438168 0.005364269
62 114 3 100 1722 0.005370421
103 104 3 100 1667 0.005370886
37 47 3 100 637 0.005376669
9 62 3 100 309 0.005377400
76 92 3 100 461 0.005378324
114 1 3 100 734 0.005383500
125 77 3 100 448 0.005384991
25 55 3 100 110411 0.005393101
122 107 3 100 270830 0.005395230
15 108 3 100 325 0.005404701
48 92 3 100 411 0.005405613
50 45 3 100 339 0.005408613
84 52 3 100 300 0.005415214
114 1 3 100 325 0.005419168
123 80 3 100 430 0.005421337
97 29 3 100 699 0.005427152
104 114 3 100 891 0.005433091
122 71 3 100 5955 0.005445256
17 32 3 100 466 0.005445398
57 10 3 100 187 0.005445998
98 2 3 100 47344 0.005446390
1 80 3 100 610 0.005447544
6 123 3 100 670 0.005449140
37 35 3 100 4927 0.005455044
29 15 3 100 509 0.005457661
30 26 3 100 666 0.005459757
9 115 3 100 150611 0.005461360
35 121 3 100 512431 0.005463953
105 97 3 100 114455 0.005465634
19 122 3 100 1672 0.005467236
71 31 3 100 559 0.005468232
109 7 3 100 680 0.005468969
94 103 3 100 41024 0.005469827
57 103 3 100 693 0.005470855
57 49 3 100 288 0.005471052
75 5 3 100 485 0.005476904
115 78 3 100 51623 0.005477359
113 121 3 100 765 0.005477758
126 49 3 100 95537 0.005478042
55 74 3 100 974817 0.005480054
77 74 3 100 557 0.005482616
14 61 3 100 391 0.005485519
125 49 3 100 471962 0.005488753
54 50 3 100 322 0.005491161
118 110 3 100 39523 0.005493885
30 72 3 100 1923 0.005504165
119 109 3 100 703 0.005504574
89 86 3 100 493 0.005505559
86 63 3 100 67369 0.005527440
29 39 3 100 717 0.005532849
48 13 3 100 20970 0.005541120
73 0 3 100 110544 0.005543903
114 127 3 100 302 0.005544860
32 68 3 100 34226 0.005548536
5 49 3 100 442 0.005553163
30 68 3 100 627 0.005562534
111 33 3 100 366 0.005564935
111 92 3 100 319 0.005567967
29 42 3 100 592 0.005572451
97 33 3 100 37975 0.005573473
18 92 3 100 1251 0.005579979
46 33 3 100 18416 0.005581514
123 87 3 100 450 0.005593235
22 36 3 100 385 0.005593308
21 115 3 100 335 0.005594928
25 1 3 100 988525 0.005599221
57 80 3 100 34715 0.005599655
74 122 3 100 618 0.005600227
36 63 3 100 71211 0.005601318
45 37 3 100 45829 0.005602054
19 65 3 100 117134 0.005605643
1 30 3 100 286 0.005608086
89 120 3 100 713510 0.005608311
34 7 3 100 3461081 0.005608651
110 109 3 100 687 0.005618959
95 76 3 100 1110 0.005621022
95 25 3 100 842 0.005623174
117 23 3 100 1906 0.005631884
83 27 3 100 795 0.005632486
66 10 3 100 316 0.005636480
44 88 3 100 765 0.005641091
67 58 3 100 651 0.005642350
99 68 3 100 58911 0.005649470
113 86 3 100 287 0.005651035
91 68 3 100 971172 0.005661864
126 21 3 100 802 0.005662704
101 124 3 100 922 0.005677974
73 87 3 100 34646 0.005681242
118 0 3 100 300 0.005681935
124 63 3 100 887 0.005690910
107 69 3 100 542 0.005693549
78 42 3 100 271 0.005697785
116 92 3 100 661 0.005708972
118 0 3 100 103823 0.005713136
13 57 3 100 548 0.005714736
25 68 3 100 1092244 0.005717831
62 7 3 100 904 0.005721136
93 48 3 100 161668 0.005724865
32 22 3 100 876 0.005725824
115 55 3 100 458 0.005725982
41 119 3 100 629 0.005731651
76 6 3 100 313 0.005732229
83 108 3 100 290 0.005735765
109 7 3 100 442 0.005739848
48 64 3 100 195049 0.005742194
3 78 3 100 1665 0.005747059
118 90 3 100 3935100 0.005752925
51 54 3 100 538 0.005753834
92 69 3 100 301 0.005753841
73 95 3 100 458 0.005758636
47 34 3 100 6672 0.005759291
120 30 3 100 326 0.005764738
19 121 3 100 654 0.005767300
30 28 3 100 311 0.005774750
49 103 3 100 554505 0.005778420
45 42 3 100 632 0.005785684
60 121 3 100 489 0.005790755
114 115 3 100 291 0.005796880
18 117 3 100 108155 0.005797882
51 117 3 100 41522 0.005798133
13 102 3 100 30473 0.005801160
36 115 3 100 609 0.005802581
121 99 3 100 43164 0.005804467
17 23 3 100 256600 0.005809717
30 3 3 100 543 0.005811314
87 54 3 100 467 0.005812398
118 81 3 100 869 0.005820499
126 15 3 100 1493 0.005827043
110 119 3 100 321 0.005829978
123 63 3 100 449 0.005836627
91 80 3 100 696 0.005838604
99 88 3 100 200493 0.005848843
21 88 3 100 228 0.005850993
62 46 3 100 834 0.005851057
27 20 3 100 525 0.005856214
48 86 3 100 1644 0.005856465
34 21 3 100 188 0.005859395
34 43 3 100 371 0.005870042
112 55 3 100 981 0.005870293
98 62 3 100 1252168 0.005875187
52 59 3 100 663 0.005884580
83 12 3 100 45107 0.005885377
124 39 3 100 332 0.005885739
88 60 3 100 1676748 0.005887281
69 44 3 100 649 0.005887615
36 86 3 100 34341 0.005891856
13 77 3 100 550 0.005897646
93 111 3 100 366 0.005897653
43 105 3 100 359 0.005902152
26 99 3 100 613 0.005905305
73 4 3 100 203417 0.005908107
88 93 3 100 614 0.005912857
115 77 3 100 674 0.005916073
108 0 3 100 66879 0.005923293
19 121 3 100 42950 0.005926062
80 95 3 100 328 0.005932196
108 84 3 100 111877 0.005938290
103 43 3 100 329 0.005939819
124 35 3 100 44948 0.005940892
101 65 3 100 328 0.005943784
60 39 3 100 120794 0.005945470
23 67 3 100 429 0.005956593
69 21 3 100 35091 0.005957040
69 60 3 100 551 0.005957697
82 12 3 100 359 0.005961321
89 93 3 100 50287 0.005962332
92 94 3 100 623 0.005963768
16 83 3 100 4711 0.005965250
111 78 3 100 439 0.005965957
48 66 3 100 119 0.005967040
27 80 3 100 547 0.005968535
24 117 3 100 325 0.005970275
44 39 3 100 1736 0.005974612
63 118 3 100 357 0.005976828
75 73 3 100 349 0.005980003
122 86 3 100 37967 0.005986618
54 34 3 100 624 0.005988855
71 40 3 100 289 0.005993916
91 51 3 100 418033 0.006000842
99 124 3 100 444 0.006001080
114 105 3 100 37642 0.006001854
108 76 3 100 40855 0.006007254
123 8 3 100 383 0.006012528
23 71 3 100 49009 0.006016288
25 12 3 100 613 0.006025715
24 85 3 100 757 0.006025848
18 8 3 100 1090 0.006027370
81 121 3 100 211 0.006030833
72 93 3 100 1385 0.006035969
103 126 3 100 317 0.006038137
15 114 3 100 237 0.006041612
115 72 3 100 621 0.006041906
82 98 3 100 309 0.006042203
14 127 3 100 91099 0.006042828
83 8 3 100 262 0.006045120
69 43 3 100 306 0.006045558
55 65 3 100 674 0.006053898
102 112 3 100 444 0.006054833
30 15 3 100 352 0.006066572
2 94 3 100 327 0.006070431
113 104 3 100 1795 0.006073654
61 24 3 100 30028 0.006074902
117 56 3 100 998 0.006078317
121 60 3 100 391 0.006081859
41 127 3 100 34956 0.006082631
114 87 3 100 337 0.006085957
55 113 3 100 1522 0.006091819
4 76 3 100 307 0.006095061
47 76 3 100 519 0.006101674
108 115 3 100 503 0.006104812
18 97 3 100 693 0.006105492
116 57 3 100 342 0.006111843
19 115 3 100 976 0.006114148
43 110 3 100 412 0.006116717
110 76 3 100 620 0.006116846
15 19 3 100 499 0.006117013
62 93 3 100 7838529 0.006119274
70 25 3 100 678 0.006123511
27 26 3 100 462 0.006123794
61 14 3 100 71970 0.006139015
21 39 3 100 61902 0.006140000
98 71 3 100 693 0.006144769
90 77 3 100 635 0.006150265
102 72 3 100 263 0.006158203
9 54 3 100 871 0.006164183
0 124 3 100 946 0.006171770
94 18 3 100 683 0.006174762
97 114 3 100 1365 0.006177872
71 38 3 100 300 0.006181964
46 90 3 100 1092 0.006184837
93 38 3 100 269827 0.006186794
59 114 3 100 34451 0.006187027
104 116 3 100 645 0.006193511
116 94 3 100 572 0.006199128
55 43 3 100 732 0.006199384
118 72 3 100 706 0.006203857
28 18 3 100 601 0.006212849
44 83 3 100 505 0.006217973
75 126 3 100 478 0.006225952
79 7 3 100 1294 0.006230159
0 79 3 100 505 0.006233508
37 54 3 100 429 0.006238358
47 109 3 100 729 0.006240006
79 61 3 100 629 0.006244855
59 36 3 100 683630 0.006248492
54 89 3 100 46616 0.006255065
27 53 3 100 759 0.006256921
67 121 3 100 616 0.006256948
15 66 3 100 334 0.006261141
106 28 3 100 710 0.006261724
96 1 3 100 570 0.006262376
6 7 3 100 103082 0.006267839
23 56 3 100 383 0.006276353
38 94 3 100 623 0.006282489
36 54 3 100 1952 0.006285478
32 62 3 100 427076 0.006287090
44 37 3 100 510 0.006288136
51 106 3 100 60040 0.006289099
9 90 3 100 327 0.006290376
104 43 3 100 872 0.006291189
92 21 3 100 339 0.006292337
14 1 3 100 2661 0.006297836
97 74 3 100 1900 0.006299371
105 48 3 100 475 0.006300587
78 65 3 100 745 0.006303478
0 78 3 100 33908 0.006304371
8 57 3 100 515 0.006304416
113 83 3 100 242911 0.006306333
107 62 3 100 547 0.006310390
96 16 3 100 6776 0.006312662
90 27 3 100 450 0.006319895
22 2 3 100 32457 0.006320924
25 97 3 100 3833 0.006322499
82 88 3 100 346 0.006326807
17 58 3 100 348 0.006326981
42 0 3 100 562 0.006349150
30 109 3 100 301 0.006355840
125 95 3 100 472498 0.006359126
54 48 3 100 1960 0.006364871
85 83 3 100 57180 0.006370791
117 119 3 100 422 0.006375486
91 3 3 100 1151 0.006382734
20 55 3 100 38454 0.006402560
39 16 3 100 35590 0.006405496
58 74 3 100 447 0.006407199
5 108 3 100 469 0.006409430
50 67 3 100 597 0.006412970
127 98 3 100 667 0.006414391
116 96 3 100 189349 0.006429167
87 4 3 100 401 0.006434439
3 39 3 100 675 0.006438729
61 113 3 100 285 0.006454344
1 51 3 100 206 0.006457168
14 124 3 100 5167 0.006467305
33 3 3 100 1323 0.006468277
30 119 3 100 5333322 0.006469883
109 78 3 100 1844 0.006470659
85 114 3 100 34803 0.006471488
1 117 3 100 46275 0.006474277
30 127 3 100 415 0.006479810
106 72 3 100 1430 0.006487198
40 93 3 100 132428 0.006495320
118 117 3 100 486 0.006495999
99 72 3 100 304 0.006501383
56 71 3 100 652 0.006502081
126 41 3 100 319 0.006502938
77 1 3 100 76679 0.006503025
57 5 3 100 301 0.006506969
40 108 3 100 20231 0.006513089
39 34 3 100 74443 0.006515133
6 23 3 100 35367 0.006516684
13 41 3 100 1403601 0.006527583
127 69 3 100 468 0.006529221
63 80 3 100 106 0.006530534
93 8 3 100 418 0.006532104
2 32 3 100 736 0.006533846
114 39 3 100 332 0.006534739
74 89 3 100 440 0.006535631
48 109 3 100 201243 0.006547971
34 108 3 100 4259 0.006554291
125 17 3 100 45891 0.006561496
59 24 3 100 323 0.006566283
99 12 3 100 99338 0.006574772
69 66 3 100 388 0.006582656
26 31 3 100 702374 0.006585089
37 105 3 100 643 0.006586029
33 71 3 100 565 0.006590512
100 51 3 100 321 0.006595805
22 28 3 100 364 0.006596206
13 52 3 100 609 0.006596740
41 44 3 100 68645 0.006597084
80 121 3 100 1147 0.006603446
45 17 3 100 45005 0.006604006
104 50 3 100 304 0.006605601
67 37 3 100 346 0.006615027
97 54 3 100 473 0.006618796
64 9 3 100 479 0.006626132
44 98 3 100 77199 0.006629468
33 115 3 100 869 0.006640064
29 27 3 100 691 0.006645004
68 45 3 100 1774 0.006645055
116 29 3 100 1234540 0.006645294
105 3 3 100 1847 0.006649592
22 102 3 100 1318017 0.006650203
2 74 3 100 922 0.006653246
122 77 3 100 744 0.006656816
58 54 3 100 48879 0.006659454
40 71 3 100 15310 0.006662127
112 118 3 100 494 0.006668076
40 2 3 100 326 0.006672691
96 58 3 100 535 0.006676438
99 101 3 100 624 0.006677184
118 55 3 100 1457 0.006677720
6 0 3 100 381 0.006678563
85 42 3 100 488 0.006679880
121 110 3 100 21635 0.006681398
114 83 3 100 47639 0.006684698
68 20 3 100 6746 0.006686306
99 97 3 100 647 0.006690177
19 70 3 100 1707 0.006691976
42 20 3 100 557 0.006693529
66 14 3 100 300 0.006695352
105 32 3 100 46746 0.006696760
59 19 3 100 233 0.006705646
52 76 3 100 482 0.006711576
127 89 3 100 817 0.006717049
112 83 3 100 253 0.006717285
18 38 3 100 511 0.006719244
48 117 3 100 617 0.006719835
10 96 3 100 395 0.006720473
105 123 3 100 457198 0.006729226
126 98 3 100 436 0.006732204
26 94 3 100 743 0.006744782
7 55 3 100 471 0.006746383
119 22 3 100 603916 0.006748783
125 85 3 100 69877 0.006751828
24 25 3 100 348 0.006753187
125 122 3 100 4081850 0.006753734
99 50 3 100 628 0.006765383
35 66 3 100 1525522 0.006769422
104 112 3 100 634 0.006773780
3 21 3 100 193104 0.006775313
11 96 3 100 31670 0.006780756
117 26 3 100 206663 0.006796632
86 17 3 100 476 0.006803034
110 113 3 100 57565 0.006803280
83 7 3 100 300 0.006806377
125 74 3 100 312 0.006811049
88 112 3 100 59921 0.006816358
37 9 3 100 40806 0.006820594
21 82 3 100 518 0.006822844
118 60 3 100 842 0.006830059
59 89 3 100 610 0.006830067
103 1 3 100 61123 0.006833177
115 11 3 100 300 0.006834630
119 28 3 100 865 0.006835741
19 51 3 100 582 0.006841253
110 70 3 100 297 0.006841749
112 34 3 100 621 0.006843375
48 75 3 100 308 0.006846846
112 87 3 100 385 0.006849326
41 99 3 100 852 0.006850012
114 31 3 100 40565 0.006850208
64 53 3 100 70500 0.006859215
33 25 3 100 354 0.006864200
49 75 3 100 895 0.006864376
72 35 3 100 1427 0.006865431
33 19 3 100 602 0.006871408
65 100 3 100 502 0.006871604
51 71 3 100 956 0.006872808
121 49 3 100 95603 0.006877905
74 40 3 100 45301 0.006878651
15 19 3 100 6514 0.006883509
59 93 3 100 765 0.006901132
68 61 3 100 33205 0.006901175
32 7 3 100 535 0.006904060
92 28 3 100 113667 0.006904160
111 45 3 100 50865 0.006906989
44 2 3 100 870 0.006919035
16 112 3 100 576 0.006919124
53 61 3 100 684 0.006919748
19 14 3 100 991 0.006922458
8 19 3 100 47072 0.006922591
111 46 3 100 327 0.006932693
27 118 3 100 825 0.006932709
107 74 3 100 316 0.006944929
103 23 3 100 36267 0.006950149
123 32 3 100 419 0.006951889
42 36 3 100 41217 0.006952095
59 102 3 100 408 0.006955444
8 26 3 100 590 0.006963099
115 68 3 100 369 0.006963389
122 98 3 100 326 0.006965094
64 4 3 100 324 0.006968423
32 98 3 100 482 0.006974433
98 41 3 100 903 0.006975174
23 96 3 100 672363 0.006977965
39 97 3 100 341 0.006980942
48 12 3 100 108679 0.006982960
20 97 3 100 478 0.006986759
46 118 3 100 7322822 0.006988735
99 55 3 100 49981 0.006989217
112 15 3 100 464 0.006994492
108 88 3 100 34920 0.006996100
7 99 3 100 32746 0.006996623
24 15 3 100 732 0.006999687
120 97 3 100 44544 0.007000255
103 41 3 100 349 0.007001185
95 123 3 100 396 0.007001275
49 95 3 100 450 0.007004055
65 51 3 100 339 0.007006528
1 121 3 100 2565479 0.007013274
57 113 3 100 67156 0.007015054
25 124 3 100 187703 0.007017044
126 127 3 100 2 0.007023147
9 8 3 100 523 0.007023802
67 40 3 100 22378 0.007027409
12 23 3 100 90497 0.007030468
29 85 3 100 602 0.007032954
16 77 3 100 346 0.007033351
108 114 3 100 15797 0.007034448
122 117 3 100 423 0.007039440
40 108 3 100 69472 0.007043516
77 52 3 100 510 0.007051698
121 82 3 100 46571 0.007064174
127 45 3 100 365 0.007064949
13 60 3 100 99852 0.007073904
61 114 3 100 11411 0.007074144
80 87 3 100 1313 0.007078344
26 57 3 100 572 0.007085712
96 48 3 100 807 0.007087816
82 9 3 100 1878 0.007088266
117 53 3 100 39262 0.007097003
68 111 3 100 452 0.007097223
36 85 3 100 147241 0.007107794
108 16 3 100 40782 0.007111574
58 97 3 100 39371 0.007115093
57 38 3 100 71739 0.007117505
8 27 3 100 18886 0.007122643
112 55 3 100 278 0.007126298
11 99 3 100 625 0.007136030
101 87 3 100 578 0.007144316
56 118 3 100 434 0.007151468
109 84 3 100 535 0.007157107
110 111 3 100 495 0.007157301
27 82 3 100 32767 0.007162807
39 10 3 100 654 0.007163943
7 120 3 100 710 0.007180426
82 127 3 100 30536 0.007182596
92 42 3 100 46246 0.007184280
99 85 3 100 605 0.007198446
108 90 3 100 92722 0.007203595
1 58 3 100 643 0.007204742
109 95 3 100 559 0.007214014
14 93 3 100 1842582 0.007215130
79 115 3 100 378 0.007219328
66 109 3 100 423 0.007223364
102 28 3 100 221 0.007223616
18 41 3 100 590 0.007227191
102 67 3 100 208 0.007239828
123 77 3 100 45345 0.007242013
78 14 3 100 554 0.007243114
18 51 3 100 396 0.007247587
37 55 3 100 584 0.007256187
35 119 3 100 204886 0.007266492
88 14 3 100 174115 0.007272091
114 103 3 100 472 0.007272436
107 31 3 100 33583 0.007280485
69 87 3 100 637 0.007283537
26 110 3 100 70426 0.007288215
63 11 3 100 484 0.007290049
41 88 3 100 658 0.007290374
119 106 3 100 368 0.007299546
49 22 3 100 414 0.007304589
123 63 3 100 681 0.007306363
25 124 3 100 691 0.007306630
74 16 3 100 418 0.007310118
97 53 3 100 1445 0.007312342
53 62 3 100 491 0.007313962
94 125 3 100 550 0.007315979
52 24 3 100 348 0.007320097
107 18 3 100 334 0.007320346
34 69 3 100 1832 0.007321042
83 101 3 100 3398 0.007321602
32 90 3 100 884 0.007322456
28 127 3 100 238765 0.007322560
4 92 3 100 620 0.007325620
58 109 3 100 224 0.007325832
119 82 3 100 1290 0.007327299
27 12 3 100 63374 0.007331100
95 107 3 100 282660 0.007334877
14 105 3 100 518 0.007335139
104 68 3 100 329 0.007336788
6 111 3 100 38201 0.007337280
112 110 3 100 769 0.007347067
23 108 3 100 2291 0.007347620
122 117 3 100 1820 0.007350557
14 24 3 100 500 0.007354649
88 16 3 100 227 0.007358552
44 115 3 100 9486724 0.007367438
22 77 3 100 344 0.007371700
97 102 3 100 509 0.007376507
4 57 3 100 775 0.007377757
62 36 3 100 314 0.007384205
118 22 3 100 71446 0.007385878
32 95 3 100 1274 0.007389024
79 47 3 100 558 0.007392283
75 78 3 100 656 0.007393133
125 85 3 100 1532 0.007393868
71 116 3 100 468 0.007393896
54 108 3 100 44720 0.007398200
89 68 3 100 461 0.007398239
115 56 3 100 913 0.007398551
57 114 3 100 686 0.007403083
124 45 3 100 834500 0.007404012
64 108 3 100 54058 0.007409005
118 113 3 100 493 0.007409011
56 73 3 100 1620 0.007411365
7 80 3 100 643 0.007412450
80 40 3 100 382 0.007415901
12 95 3 100 564 0.007420515
101 9 3 100 897 0.007421845
81 4 3 100 406 0.007423656
81 23 3 100 441 0.007429533
122 24 3 100 423 0.007434510
76 74 3 100 771 0.007444491
72 45 3 100 119354 0.007451860
37 80 3 100 41902 0.007452671
60 55 3 100 57254 0.007459174
117 105 3 100 63669 0.007460003
47 93 3 100 579 0.007471026
98 71 3 100 79632 0.007472668
85 48 3 100 1345 0.007472943
11 66 3 100 38588 0.007476058
49 82 3 100 6417 0.007482175
116 53 3 100 980 0.007484208
2 81 3 100 659 0.007484406
39 63 3 100 534 0.007487799
104 3 3 100 84998 0.007488063
90 25 3 100 865 0.007494453
2 102 3 100 930 0.007501116
79 81 3 100 470 0.007501281
46 55 3 100 1781 0.007503717
28 6 3 100 468 0.007510518
64 94 3 100 39228 0.007510716
11 73 3 100 322 0.007516941
67 119 3 100 622 0.007517954
2 15 3 100 486 0.007520278
20 64 3 100 938 0.007531924
33 127 3 100 1662 0.007538592
0 31 3 100 549 0.007539481
48 106 3 100 249385 0.007543894
39 9 3 100 47208 0.007546100
57 15 3 100 570 0.007549068
31 65 3 100 978 0.007549726
78 113 3 100 177 0.007550332
19 18 3 100 573 0.007552880
90 50 3 100 74704 0.007555811
44 36 3 100 41293 0.007557638
70 82 3 100 36805 0.007560521
17 91 3 100 76434 0.007561069
56 65 3 100 1298 0.007567994
52 88 3 100 720 0.007570239
17 45 3 100 309 0.007571288
19 108 3 100 683 0.007571340
110 22 3 100 17839 0.007591433
10 119 3 100 110186 0.007591622
105 98 3 100 425 0.007602338
105 44 3 100 513 0.007602617
4 116 3 100 382 0.007604724
36 95 3 100 618 0.007611099
11 15 3 100 1444 0.007613244
19 30 3 100 273423 0.007618287
55 34 3 100 22162 0.007627559
105 93 3 100 338 0.007633644
71 12 3 100 51116 0.007637989
98 94 3 100 344 0.007639338
40 71 3 100 231988 0.007639342
39 84 3 100 576 0.007640316
117 106 3 100 348 0.007645272
49 12 3 100 642 0.007647582
98 24 3 100 111526 0.007651744
11 92 3 100 257 0.007653246
68 100 3 100 488 0.007655040
44 28 3 100 1024272 0.007658742
29 22 3 100 754 0.007662655
106 116 3 100 419 0.007663358
56 80 3 100 772525 0.007672068
31 88 3 100 581 0.007672918
87 2 3 100 51098 0.007681778
90 44 3 100 313 0.007682226
85 89 3 100 328 0.007683793
30 76 3 100 580 0.007684278
118 32 3 100 250 0.007689433
92 46 3 100 49248 0.007692971
106 110 3 100 190555 0.007693077
103 126 3 100 6736 0.007699886
73 57 3 100 438 0.007703840
89 86 3 100 769 0.007713347
125 84 3 100 1249 0.007715463
20 53 3 100 333 0.007725249
48 26 3 100 616 0.007725974
70 10 3 100 855 0.007726587
84 90 3 100 913 0.007728025
29 14 3 100 245754 0.007737972
50 75 3 100 359 0.007739101
93 81 3 100 175460 0.007749537
30 32 3 100 500 0.007750655
113 31 3 100 344 0.007751505
127 62 3 100 24935 0.007767051
59 9 3 100 1681 0.007773811
62 52 3 100 338 0.007774088
55 27 3 100 77806 0.007778754
102 29 3 100 590 0.007780129
5 85 3 100 913360 0.007783024
34 127 3 100 646 0.007787058
26 15 3 100 513 0.007790621
50 80 3 100 9491516 0.007790903
118 42 3 100 73324 0.007791883
75 12 3 100 335 0.007795997
65 127 3 100 666 0.007798077
26 43 3 100 783 0.007800348
90 44 3 100 1796432 0.007800699
110 4 3 100 31772 0.007805435
9 65 3 100 444 0.007806357
35 12 3 100 18 0.007808920
121 22 3 100 378 0.007812402
116 125 3 100 226 0.007812554
74 86 3 100 222 0.007818149
113 118 3 100 325 0.007826474
16 24 3 100 329 0.007843312
74 0 3 100 846 0.007843623
125 49 3 100 846 0.007847231
120 31 3 100 429 0.007849401
38 90 3 100 343 0.007851819
83 30 3 100 474 0.007856458
100 23 3 100 259 0.007856842
124 26 3 100 695 0.007857356
33 127 3 100 911 0.007858204
18 25 3 100 419 0.007859228
36 97 3 100 342 0.007864905
88 123 3 100 567 0.007865411
60 120 3 100 30534 0.007871473
91 28 3 100 34155 0.007871565
38 113 3 100 964 0.007875931
61 92 3 100 464 0.007880744
92 36 3 100 389 0.007884585
54 70 3 100 43904 0.007893520
45 29 3 100 330 0.007909252
96 122 3 100 493 0.007914749
104 0 3 100 629 0.007919006
16 60 3 100 710 0.007923658
99 33 3 100 662 0.007924636
5 65 3 100 602 0.007925690
102 50 3 100 144 0.007933297
40 68 3 100 555 0.007938024
38 67 3 100 396 0.007939587
71 18 3 100 339 0.007944008
121 80 3 100 155 0.007945045
8 2 3 100 610 0.007945690
45 52 3 100 492 0.007946365
22 94 3 100 729 0.007950015
75 51 3 100 281288 0.007957895
71 84 3 100 594 0.007958239
34 3 3 100 279628 0.007965693
35 25 3 100 39410 0.007973902
36 35 3 100 215277 0.007983782
87 110 3 100 530 0.007985013
27 113 3 100 529 0.007987042
39 32 3 100 527 0.007995946
110 127 3 100 798782 0.007996667
46 5 3 100 2590 0.007997518
98 87 3 100 174725 0.007998421
67 38 3 100 36692 0.008011071
105 0 3 100 296 0.008019157
18 83 3 100 576 0.008023545
9 54 3 100 38310 0.008023707
69 31 3 100 123 0.008024838
73 101 3 100 42801 0.008026824
97 42 3 100 242188 0.008028440
27 39 3 100 119522 0.008028690
86 72 3 100 6975 0.008031729
64 30 3 100 752 0.008038110
31 79 3 100 365 0.008038389
19 89 3 100 481 0.008044145
95 9 3 100 76199 0.008049029
69 67 3 100 740 0.008051989
61 101 3 100 3298 0.008056610
2 88 3 100 775 0.008057364
73 29 3 100 115210 0.008063482
60 33 3 100 17375 0.008063704
11 44 3 100 522 0.008069131
123 21 3 100 467 0.008071762
36 121 3 100 320 0.008072402
101 46 3 100 66124 0.008077200
110 49 3 100 348 0.008082947
8 119 3 100 371 0.008087570
13 71 3 100 769 0.008090409
76 38 3 100 150 0.008109378
114 107 3 100 2988 0.008113027
7 90 3 100 32007 0.008116526
120 15 3 100 325285 0.008116787
42 12 3 100 342 0.008118251
1 15 3 100 469 0.008122153
105 44 3 100 1816 0.008129086
52 29 3 100 1419 0.008132739
37 61 3 100 61447 0.008133384
15 55 3 100 574 0.008134140
40 48 3 100 1509 0.008134153
38 24 3 100 62 0.008140385
69 71 3 100 262367 0.008141724
85 6 3 100 46211 0.008143457
115 46 3 100 1323 0.008146331
122 35 3 100 678 0.008147039
75 55 3 100 345 0.008153213
78 14 3 100 47143 0.008158797
21 11 3 100 730610 0.008161454
22 92 3 100 976 0.008161691
75 27 3 100 46500 0.008163507
91 25 3 100 62301 0.008166413
43 22 3 100 884 0.008168130
121 28 3 100 1240 0.008170543
35 48 3 100 487 0.008174226
89 112 3 100 1106978 0.008176675
46 11 3 100 318570 0.008177856
100 38 3 100 682 0.008181471
73 39 3 100 797 0.008183330
45 59 3 100 233 0.008184104
89 21 3 100 456 0.008184312
43 86 3 100 28473 0.008184761
69 68 3 100 925 0.008186091
92 17 3 100 108648 0.008190955
53 23 3 100 1557 0.008191051
19 76 3 100 37751 0.008193106
105 20 3 100 281 0.008195000
49 35 3 100 457 0.008202083
64 112 3 100 540 0.008202531
17 79 3 100 739 0.008203497
60 29 3 100 247453 0.008216001
103 115 3 100 8873862 0.008218297
28 123 3 100 32330 0.008219633
64 41 3 100 48597 0.008228359
102 6 3 100 1384 0.008234766
2 96 3 100 320 0.008234980
84 103 3 100 761 0.008241895
1 83 3 100 633 0.008243209
118 73 3 100 573 0.008248828
90 32 3 100 758 0.008249298
7 99 3 100 1265998 0.008252175
85 89 3 100 85913 0.008253468
27 123 3 100 7251 0.008256062
15 82 3 100 854 0.008265460
47 35 3 100 281579 0.008267789
56 35 3 100 627 0.008269206
102 24 3 100 479 0.008272776
125 77 3 100 577 0.008273495
73 21 3 100 613 0.008274609
62 6 3 100 53888 0.008274802
90 49 3 100 614 0.008275157
77 90 3 100 559 0.008278223
113 37 3 100 420 0.008278777
52 49 3 100 666 0.008282863
67 83 3 100 471 0.008288157
62 49 3 100 5454 0.008288542
55 120 3 100 344 0.008294382
10 31 3 100 714 0.008296241
75 60 3 100 639 0.008298034
90 78 3 100 396 0.008298389
90 32 3 100 41294 0.008300722
79 93 3 100 870 0.008301593
0 91 3 100 6636812 0.008306353
10 50 3 100 656 0.008314341
43 21 3 100 38028 0.008317516
23 88 3 100 486 0.008318867
50 43 3 100 380 0.008319855
74 65 3 100 63318 0.008326542
69 48 3 100 623 0.008327113
102 17 3 100 49316 0.008328741
6 51 3 100 44036 0.008329646
106 1 3 100 336 0.008330930
32 78 3 100 100681 0.008335733
2 68 3 100 533 0.008336926
3 102 3 100 327 0.008342224
18 60 3 100 1144 0.008349449
47 62 3 100 323 0.008351113
5 30 3 100 272 0.008363977
66 42 3 100 1497 0.008365959
0 85 3 100 288 0.008368004
63 32 3 100 570 0.008370313
72 47 3 100 341 0.008370365
58 92 3 100 69877 0.008374995
61 4 3 100 611 0.008375110
51 12 3 100 39861 0.008390844
38 101 3 100 370 0.008392115
14 3 3 100 276701 0.008392976
118 40 3 100 850998 0.008393238
48 126 3 100 334 0.008394423
124 103 3 100 287011 0.008394984
93 80 3 100 765 0.008406130
40 76 3 100 402 0.008409258
35 86 3 100 726 0.008412129
95 106 3 100 512 0.008419767
50 54 3 100 565 0.008425528
127 47 3 100 81104 0.008425807
118 78 3 100 987398 0.008428698
11 108 3 100 93199 0.008430547
38 113 3 100 593 0.008432168
107 83 3 100 382 0.008442055
116 43 3 100 1105 0.008442721
101 34 3 100 100330 0.008455264
125 32 3 100 479 0.008460872
0 121 3 100 100561 0.008472488
36 103 3 100 458 0.008472692
41 108 3 100 447 0.008472792
116 48 3 100 192 0.008476777
82 58 3 100 39748 0.008492160
118 18 3 100 39737 0.008493147
4 24 3 100 31946 0.008502297
13 47 3 100 42202 0.008503166
30 42 3 100 303 0.008510949
20 43 3 100 63657 0.008511267
42 82 3 100 281 0.008518025
83 40 3 100 336 0.008520736
59 127 3 100 29372 0.008522754
53 73 3 100 1037 0.008529969
102 33 3 100 344 0.008535070
82 54 3 100 986 0.008539952
8 34 3 100 386 0.008543924
2 52 3 100 45457 0.008547585
103 109 3 100 1419 0.008553221
16 94 3 100 385 0.008557206
75 78 3 100 419 0.008561106
86 90 3 100 48570 0.008565309
40 10 3 100 84667 0.008569163
56 28 3 100 301 0.008570922
8 42 3 100 1332399 0.008573080
87 53 3 100 1271 0.008575657
38 88 3 100 54571 0.008581849
113 115 3 100 338 0.008582386
87 111 3 100 27594 0.008583048
115 100 3 100 298 0.008584176
58 64 3 100 215 0.008585076
58 111 3 100 35966 0.008595574
37 30 3 100 1762 0.008599110
10 110 3 100 686 0.008600621
79 45 3 100 475 0.008610294
49 75 3 100 92049 0.008611528
105 88 3 100 547 0.008613562
125 21 3 100 519 0.008618379
106 28 3 100 372 0.008620482
38 52 3 100 588 0.008623187
44 102 3 100 92895 0.008625807
66 62 3 100 604 0.008634856
7 46 3 100 1891 0.008641595
100 43 3 100 596 0.008647667
18 55 3 100 32144 0.008648394
31 58 3 100 613 0.008652167
27 65 3 100 114069 0.008655412
125 8 3 100 959 0.008656713
73 48 3 100 1566 0.008657193
107 101 3 100 64433 0.008659467
81 87 3 100 336 0.008660527
22 36 3 100 1915 0.008666941
121 99 3 100 570 0.008674277
94 98 3 100 7339176 0.008675077
117 120 3 100 44847 0.008676487
33 2 3 100 491 0.008682677
119 7 3 100 402 0.008684957
10 94 3 100 758 0.008695451
110 116 3 100 730 0.008699524
34 14 3 100 866 0.008700393
41 51 3 100 202 0.008701963
80 29 3 100 47887 0.008705241
3 2 3 100 2868709 0.008712095
71 42 3 100 299133 0.008712599
111 25 3 100 23667 0.008714243
51 62 3 100 502 0.008714374
101 68 3 100 39644 0.008717320
42 84 3 100 45999 0.008718905
13 31 3 100 34611 0.008732362
95 22 3 100 4356 0.008733323
42 72 3 100 665 0.008733487
7 79 3 100 895 0.008736614
113 39 3 100 650 0.008741831
106 107 3 100 1680 0.008741896
65 10 3 100 1575 0.008743441
113 60 3 100 696 0.008744471
13 6 3 100 421 0.008744699
57 121 3 100 1533 0.008755079
73 17 3 100 339 0.008757751
84 78 3 100 42832 0.008760079
101 17 3 100 624 0.008769235
118 67 3 100 833 0.008771655
35 21 3 100 664 0.008773755
24 62 3 100 282 0.008774586
1 112 3 100 45121 0.008778605
91 119 3 100 4871 0.008783584
62 85 3 100 2173 0.008785035
42 13 3 100 752 0.008786901
96 62 3 100 575 0.008787280
36 35 3 100 527 0.008789300
81 30 3 100 522 0.008794179
40 52 3 100 833707 0.008794731
40 85 3 100 539 0.008798653
0 87 3 100 670 0.008806477
41 67 3 100 692 0.008807032
10 108 3 100 38350 0.008816162
0 66 3 100 681 0.008816727
20 53 3 100 720 0.008817292
115 10 3 100 265 0.008823679
72 37 3 100 1128901 0.008831756
24 76 3 100 101 0.008831924
105 7 3 100 659 0.008838929
47 8 3 100 1784 0.008842994
40 118 3 100 493 0.008855929
78 69 3 100 690109 0.008856416
8 68 3 100 1251 0.008858408
39 41 3 100 669 0.008858841
104 120 3 100 47011 0.008863353
41 112 3 100 1839 0.008865821
24 121 3 100 419 0.008867753
85 32 3 100 417 0.008873485
123 12 3 100 401 0.008883256
84 126 3 100 47562 0.008889025
126 124 3 100 39203 0.008891657
21 2 3 100 557 0.008894191
96 66 3 100 642 0.008895066
103 61 3 100 104539 0.008899036
14 110 3 100 940959 0.008908717
2 6 3 100 400 0.008909473
111 36 3 100 31554 0.008916144
84 111 3 100 486 0.008919464
21 53 3 100 525 0.008924903
99 32 3 100 73864 0.008925666
52 70 3 100 450 0.008928401
29 33 3 100 957 0.008937738
61 47 3 100 436 0.008940198
115 91 3 100 531 0.008947340
64 37 3 100 781 0.008948531
89 56 3 100 567 0.008949320
113 8 3 100 681 0.008957345
22 0 3 100 606 0.008959390
69 96 3 100 703 0.008960218
119 24 3 100 520 0.008961749
68 58 3 100 8712315 0.008968691
65 93 3 100 622 0.008972696
127 13 3 100 594 0.008974707
79 114 3 100 595 0.008976729
40 6 3 100 76450 0.008980538
115 123 3 100 80491 0.008981223
126 28 3 100 319 0.008984717
90 55 3 100 307 0.008986703
34 38 3 100 569 0.008993051
99 58 3 100 3222 0.008994415
116 56 3 100 496 0.008998782
56 20 3 100 314 0.008999797
46 93 3 100 601 0.009001013
43 5 3 100 446 0.009001754
110 41 3 100 840 0.009002408
78 71 3 100 320 0.009004699
14 115 3 100 437 0.009011888
115 48 3 100 736 0.009035342
90 58 3 100 317 0.009036184
74 59 3 100 801 0.009038691
88 10 3 100 479 0.009041056
90 33 3 100 37753 0.009041124
46 62 3 100 30543 0.009044196
114 8 3 100 390 0.009047865
3 27 3 100 936 0.009065594
65 112 3 100 1206303 0.009068659
14 87 3 100 675 0.009069756
43 92 3 100 609 0.009076748
107 122 3 100 354865 0.009082312
10 102 3 100 32650 0.009096197
18 45 3 100 523 0.009102399
100 42 3 100 478 0.009105058
3 56 3 100 1763 0.009105521
56 84 3 100 532 0.009114472
111 8 3 100 3789 0.009118670
30 57 3 100 363 0.009123150
54 80 3 100 1356715 0.009124283
107 57 3 100 9067821 0.009129720
110 30 3 100 763 0.009129838
3 10 3 100 408 0.009142043
59 26 3 100 289 0.009150725
53 107 3 100 407 0.009151823
111 63 3 100 900 0.009152638
65 67 3 100 520 0.009158316
84 89 3 100 534 0.009159178
41 89 3 100 174 0.009165349
11 87 3 100 92182 0.009172339
59 107 3 100 6741 0.009173287
116 85 3 100 672 0.009178253
86 92 3 100 496 0.009178676
27 73 3 100 770 0.009180884
13 109 3 100 2571667 0.009189115
38 3 3 100 301 0.009194241
100 58 3 100 790 0.009196414
69 113 3 100 271898 0.009202928
73 76 3 100 397 0.009210741
122 20 3 100 146579 0.009213931
1 71 3 100 602 0.009223029
62 118 3 100 275 0.009235109
121 37 3 100 474 0.009250231
31 6 3 100 687 0.009252799
66 9 3 100 573 0.009256586
95 111 3 100 666 0.009256587
23 20 3 100 1968 0.009257166
0 24 3 100 935 0.009291093
100 39 3 100 477 0.009300346
70 121 3 100 401092 0.009301973
96 63 3 100 347 0.009306917
60 95 3 100 2175 0.009313072
78 27 3 100 242 0.009319136
73 20 3 100 74621 0.009320449
99 55 3 100 656 0.009329315
102 57 3 100 458 0.009336608
15 90 3 100 107946 0.009357096
85 18 3 100 436 0.009357396
62 56 3 100 542 0.009357720
20 101 3 100 717 0.009365911
0 37 3 100 496 0.009372327
102 54 3 100 658 0.009376030
105 8 3 100 683 0.009381347
90 43 3 100 751 0.009393161
38 101 3 100 656 0.009405488
20 107 3 100 954 0.009407556
70 53 3 100 507 0.009407635
16 51 3 100 903967 0.009409380
68 89 3 100 654 0.009410483
34 92 3 100 680 0.009413774
37 45 3 100 333 0.009417175
15 119 3 100 41140 0.009421661
18 97 3 100 925 0.009425737
71 45 3 100 540 0.009431579
75 63 3 100 32679 0.009435520
20 48 3 100 56913 0.009441131
115 34 3 100 967 0.009444123
11 112 3 100 1103 0.009445665
28 98 3 100 329 0.009446764
0 20 3 100 746 0.009451589
121 96 3 100 585 0.009457053
15 88 3 100 134 0.009458634
78 34 3 100 96 0.009460597
110 9 3 100 1616 0.009464023
115 85 3 100 850 0.009467451
99 18 3 100 336 0.009473525
115 93 3 100 537 0.009476321
43 40 3 100 59696 0.009477006
97 118 3 100 472 0.009500857
68 106 3 100 4758 0.009513987
36 5 3 100 610 0.009514254
48 85 3 100 349 0.009532503
114 84 3 100 337 0.009537294
2 50 3 100 659 0.009540106
4 81 3 100 637 0.009540858
107 25 3 100 30494 0.009546300
18 123 3 100 1989 0.009548649
16 107 3 100 623 0.009549944
54 88 3 100 406 0.009557704
121 79 3 100 839 0.009563084
103 121 3 100 647 0.009572061
90 41 3 100 457 0.009582644
85 33 3 100 11388 0.009592281
96 98 3 100 311 0.009595145
41 55 3 100 64564 0.009597749
114 31 3 100 46019 0.009603858
2 7 3 100 5577 0.009626065
28 108 3 100 739 0.009633862
114 53 3 100 256 0.009638249
4 51 3 100 453 0.009651380
62 2 3 100 265849 0.009654749
19 55 3 100 337 0.009654905
127 41 3 100 829 0.009657138
37 70 3 100 673 0.009659835
44 73 3 100 552 0.009665846
61 0 3 100 587493 0.009671516
38 91 3 100 6356 0.009671751
0 83 3 100 45237 0.009677161
62 112 3 100 91285 0.009684401
56 23 3 100 1767 0.009699492
62 126 3 100 150 0.009711732
80 50 3 100 334 0.009711994
80 2 3 100 34675 0.009722420
103 58 3 100 1907 0.009746284
105 69 3 100 30779 0.009752741
84 109 3 100 470 0.009756291
28 37 3 100 624 0.009763203
84 37 3 100 410 0.009764684
99 12 3 100 577 0.009766186
94 97 3 100 420 0.009787191
26 97 3 100 656 0.009789390
88 67 3 100 682 0.009794089
24 25 3 100 881 0.009798259
78 86 3 100 559 0.009818752
24 122 3 100 988 0.009868055
89 12 3 100 364 0.009882819
20 47 3 100 71262 0.009893346
