24
2 1 3 5000 6000000 0.0
3 1 3 5001 6000000 0.0
4 1 3 5002 6000000 0.0
5 1 3 5003 6000000 0.0
6 1 3 5004 6000000 0.0
7 1 3 5005 6000000 0.0
8 1 3 5006 6000000 0.0
9 1 3 5007 6000000 0.0
10 1 3 5008 6000000 0.0
11 1 3 5009 6000000 0.0
12 1 3 5010 40000 0.005
13 1 3 5011 40000 0.005
14 1 3 5012 40000 0.005
15 1 3 5013 40000 0.005
16 1 3 5014 40000 0.005
17 1 3 5015 40000 0.005
18 1 3 5016 40000 0.005
12 1 3 5017 40000 0.008
13 1 3 5018 40000 0.008
14 1 3 5019 40000 0.008
15 1 3 5020 40000 0.008
16 1 3 5021 40000 0.008
17 1 3 5022 40000 0.008
18 1 3 5023 40000 0.008
