0b007501 0b003c01 10000 100 505 58622 81960 83642
0b001601 0b006b01 10000 100 951 214071 83388 83999
0b000f01 0b006901 10000 100 1404 359718 83905 84400
0b000001 0b002501 10000 100 1124 504571 83681 84176
0b003601 0b003401 10000 100 1348 631116 42088 42755
0b004d01 0b002201 10000 100 1020 643113 83598 84092
0b000a01 0b005d01 10000 100 1348 943947 83860 84355
0b004101 0b007701 10000 100 178 987425 80912 83380
0b000801 0b006b01 10000 100 761 1058408 82780 83847
0b005101 0b006301 10000 100 91175 1897762 159142 159672
0b004401 0b000901 10000 100 803 2104835 82912 83880
0b002401 0b001301 10000 100 800 2165198 82904 83878
0b000f01 0b007801 10000 100 185666 2091116 238307 238875
0b006101 0b000001 10000 100 957 2358333 83408 84004
0b006001 0b006401 10000 100 318 2432074 40680 41892
0b002401 0b000a01 10000 100 243 2472036 81120 83432
0b001a01 0b004e01 10000 100 987 2826113 83504 84028
0b005301 0b002701 10000 100 509959 2615377 510053 510751
0b001701 0b000701 10000 100 142 3081003 80800 83352
0b001a01 0b006501 10000 100 249 3221287 81140 83437
0b004c01 0b005601 10000 100 581 3419401 82204 83703
0b006e01 0b000001 10000 100 336 3643889 82746 83507
0b004901 0b001201 10000 100 299 3688431 81300 83477
0b006701 0b007701 10000 100 117 3723680 80720 83332
0b006101 0b003b01 10000 100 984 3838709 83492 84025
0b002401 0b001101 10000 100 1068 3974821 83636 84131
0b003901 0b003c01 10000 100 427 4138423 40856 41980
0b004801 0b002a01 10000 100 1863 4135504 84272 84767
0b005e01 0b003a01 10000 100 1376 4209564 83883 84377
0b001a01 0b006b01 10000 100 3613 4232040 85748 86244
0b003b01 0b001f01 10000 100 566 4278733 82156 83691
0b007801 0b006401 10000 100 790 4720740 83573 83870
0b007c01 0b006301 10000 100 5147 4890117 87052 87548
0b007801 0b007b01 10000 100 1548 5290150 42248 42915
0b002f01 0b004501 10000 100 1589 5266696 84053 84548
0b003f01 0b001e01 10000 100 2714 5343540 84991 85486
0b007801 0b001a01 10000 100 185 5523838 80936 83386
0b002a01 0b005601 10000 100 183 5616194 80928 83384
0b004901 0b001b01 10000 100 581 5884873 82204 83703
0b000e01 0b004c01 10000 100 23093 6287006 102092 102596
0b000001 0b007301 10000 100 8946 6523039 98436 90702
0b002201 0b006901 10000 100 2961 6580467 85189 85684
0b002101 0b001b01 10000 100 272 6694300 81225 83456
0b006b01 0b006901 10000 100 818 6832840 41480 42292
0b000901 0b004d01 10000 100 840 6834503 83032 83910
0b002e01 0b004b01 10000 100 1167698 6055373 1061248 1062209
0b002201 0b004701 10000 100 718 7045114 82640 83812
0b004601 0b002a01 10000 100 401 7075706 81628 83559
0b003b01 0b006f01 10000 100 1288 7351888 84679 84307
0b006501 0b003d01 10000 100 561 7501319 82140 83687
0b006601 0b007001 10000 100 4466 7815257 89053 86964
0b000401 0b005701 10000 100 2007126 6373962 1787100 1766008
0b004f01 0b003c01 10000 100 155 8242026 80840 83362
0b000601 0b002601 10000 100 243 8276463 81333 83432
0b002201 0b005201 10000 100 862 8318540 83104 83928
0b000e01 0b007a01 10000 100 296 8410292 81292 83475
0b004c01 0b002b01 10000 100 234 8856642 81092 83425
0b000a01 0b006a01 10000 100 7449 9129711 89401 89466
0b001001 0b003701 10000 100 424 9255188 81700 83577
0b004701 0b006101 10000 100 102 9325504 80672 83320
0b001f01 0b000f01 10000 100 828 9538563 83557 83900
0b007101 0b001c01 10000 100 91888 9524790 159712 160243
0b003a01 0b001101 10000 100 4860 9691843 86784 87280
0b004101 0b000201 10000 100 883561 8334565 1809721 823994
0b000a01 0b007201 10000 100 481 10313853 81884 83623
0b003301 0b005a01 10000 100 617115 10194613 599882 600623
0b005301 0b007201 10000 100 8957 10909736 90214 90711
0b001501 0b000101 10000 100 52927 10890912 170970 127576
0b003901 0b006401 10000 100 11922 11124737 92700 93198
0b004301 0b004201 10000 100 1627 11247162 42626 42978
0b004f01 0b005301 10000 100 3966 11347204 86031 86526
0b003501 0b007601 10000 100 95088 11358597 162424 162956
0b000201 0b003c01 10000 100 1453 11480605 83944 84439
0b005101 0b004c01 10000 100 967 11739772 83440 84012
0b006201 0b000101 10000 100 188461 11613865 240657 241226
0b007f01 0b001b01 10000 100 552676 11390323 545861 546576
0b002901 0b002001 10000 100 682 11905072 41264 42184
0b005001 0b005a01 10000 100 788 12109233 41432 42268
0b000801 0b006901 10000 100 3450 12137646 88043 86113
0b006e01 0b003101 10000 100 338 12346455 81424 83508
0b004e01 0b004301 10000 100 291506 12301903 285235 286017
0b000d01 0b007301 10000 100 6694 12635715 88327 88824
0b003a01 0b002801 10000 100 202 12810202 80992 83400
0b002001 0b003001 10000 100 165 12932862 81094 83370
0b004901 0b006001 10000 100 1577232 11739507 1407368 1405580
0b007401 0b003301 10000 100 380 13279512 81560 83542
0b002301 0b003c01 10000 100 473 13337113 81856 83616
0b002f01 0b003501 10000 100 2274 13498098 84639 85134
0b002001 0b000101 10000 100 694319 12128296 1479815 665343
0b002301 0b005701 10000 100 1009 13802635 83592 84084
0b002201 0b003e01 10000 100 3979 13843030 86041 86536
0b006601 0b003a01 10000 100 5969 13895238 92014 88205
0b003901 0b004601 10000 100 93537 14285176 161108 161639
0b005e01 0b000501 10000 100 555 14822004 82120 83682
0b003a01 0b007201 10000 100 6599 14898931 88251 88748
0b002c01 0b003601 10000 100 1022 15073520 83600 84094
0b000701 0b007001 10000 100 229 15479685 81076 83421
0b005501 0b003a01 10000 100 500 15480201 81944 83638
0b001f01 0b003101 10000 100 115 15488036 80712 83330
0b000401 0b007901 10000 100 7871 15527539 89307 89804
0b007201 0b007a01 10000 100 89627 15556426 116056 116757
0b000001 0b003201 10000 100 925 15690054 84367 83978
0b004f01 0b002301 10000 100 462 16124943 81824 83608
0b005301 0b002001 10000 100 1577 16133450 84044 84538
0b002001 0b002401 10000 100 1745 16197765 42406 43072
0b006b01 0b007901 10000 100 214 16170904 81028 83409
0b001e01 0b004c01 10000 100 2441 16305538 84773 85268
0b004f01 0b005a01 10000 100 1859 16442323 84269 84764
0b005101 0b000201 10000 100 9154 16684328 90409 90907
0b002801 0b005701 10000 100 372823 16443104 395138 395781
0b004401 0b000601 10000 100 41490 17094339 117494 118004
0b004b01 0b005101 10000 100 2448 17636575 84778 85273
0b007d01 0b000501 10000 100 424 17672870 81700 83577
0b003701 0b000601 10000 100 209 17774811 81012 83405
0b002601 0b006701 10000 100 344 18098615 81444 83513
0b005801 0b005901 10000 100 3794 18162808 44121 44788
0b001401 0b001201 10000 100 558 18281468 41064 42084
0b007801 0b006201 10000 100 1522 18406596 84000 84494
0b002201 0b006a01 10000 100 676 18715335 82508 83779
0b003a01 0b005801 10000 100 741 19322081 82716 83831
0b000f01 0b006301 10000 100 130 19561382 80897 83342
0b000501 0b007c01 10000 100 127 19834421 80752 83340
0b004801 0b002601 10000 100 788 19960722 82864 83868
0b004501 0b004201 10000 100 1521953 18981552 1388954 1317607
0b001a01 0b005001 10000 100 1945 20506196 84640 84832
0b004601 0b000301 10000 100 392 20486377 106330 83552
0b005501 0b003201 10000 100 1360 20742520 83870 84364
0b006b01 0b007f01 10000 100 1777 20798374 84204 84698
0b005301 0b006701 10000 100 700 20881839 82584 83798
0b005401 0b001901 10000 100 1038608 20338636 1014138 953984
0b001501 0b006101 10000 100 510 21322803 83514 83646
0b004b01 0b007d01 10000 100 1401 21441309 83903 84397
0b005701 0b000501 10000 100 986 21543822 83537 84027
0b000e01 0b001d01 10000 100 943 21611609 83360 83992
0b006e01 0b000401 10000 100 1856 21636353 84267 84761
0b001801 0b001d01 10000 100 123 21818046 40368 41736
0b002301 0b003e01 10000 100 1769 21903771 85044 84692
0b007101 0b006101 10000 100 326 21949290 81388 83499
0b002901 0b006301 10000 100 558 22129903 82682 83684
0b007001 0b003f01 10000 100 5613 22274228 87424 87920
0b007a01 0b005501 10000 100 1809353 21070730 1611352 1600186
0b007f01 0b003f01 10000 100 2055 22669263 84478 84959
0b001801 0b006d01 10000 100 512 22735042 81984 83648
0b000b01 0b005501 10000 100 664 22795972 82797 83769
0b001801 0b002801 10000 100 2591 22920951 86489 85388
0b000f01 0b002001 10000 100 340 22999176 81465 83510
0b000c01 0b001501 10000 100 2417 23101678 84802 85248
0b004101 0b003a01 10000 100 1651 23151065 84103 84597
0b001a01 0b007801 10000 100 405 23417987 82433 83562
0b002c01 0b004401 10000 100 1362 23635952 84754 84366
0b007f01 0b007e01 10000 100 3540 23738926 43918 44585
0b006901 0b005701 10000 100 846 23766657 83052 83915
0b006601 0b006701 10000 100 325 23929902 41243 41898
0b004a01 0b004b01 10000 100 1777936 22662882 1530847 1532224
0b003601 0b000201 10000 100 280863 23988673 332328 318680
0b002201 0b005c01 10000 100 74832 24297804 153239 145945
0b002801 0b002e01 10000 100 251208 24377895 251476 252243
0b001501 0b001201 10000 100 752 24677628 41376 42240
0b002e01 0b004c01 10000 100 699 24662369 84887 83797
0b002401 0b006801 10000 100 541 24686982 85462 83671
0b003701 0b005b01 10000 100 1460102 23495162 1306306 1307384
0b000201 0b003201 10000 100 163 25057339 80864 83368
0b000901 0b007e01 10000 100 51606 25236118 171043 126481
0b005e01 0b002f01 10000 100 712 25608642 82624 83808
0b001c01 0b001001 10000 100 110 25817475 40348 41726
0b001001 0b002801 10000 100 921 25911618 83292 83975
0b000901 0b003201 10000 100 245 26046058 84345 83434
0b001e01 0b001901 10000 100 1285 26179425 42164 42704
0b003301 0b002401 10000 100 794 26233158 82884 83873
0b005401 0b004a01 10000 100 373 26273404 81536 83536
0b005b01 0b002701 10000 100 167 26898460 80880 83372
0b004201 0b001a01 10000 100 21893343 8515976 18502648 18438604
0b003701 0b004601 10000 100 655974 26476644 632413 633169
0b003801 0b005401 10000 100 931 27089280 83324 83983
0b004301 0b005501 10000 100 975 27258003 83464 84018
0b004b01 0b007f01 10000 100 386 27604276 81580 83547
0b002201 0b005901 10000 100 1189 27961040 88471 84228
0b002701 0b004b01 10000 100 9680 28085263 90830 91328
0b004801 0b006901 10000 100 7678 28396728 89191 89649
0b002401 0b001101 10001 100 279 28509982 81628 83461
0b005401 0b003601 10000 100 224 28695356 81060 83417
0b005601 0b003201 10000 100 20861 28700682 100193 100695
0b003b01 0b001701 10000 100 309 28775180 81332 83485
0b003001 0b000a01 10000 100 523 28934327 84656 83656
0b007001 0b000401 10000 100 8178 29091329 89590 90088
0b007901 0b001c01 10000 100 323 29148529 81376 83496
0b007201 0b006d01 10000 100 3477 29529916 85939 86135
0b002801 0b003101 10000 100 7401 29879190 89075 89428
0b003101 0b000001 10000 100 4740929 20553113 9582967 4057997
0b003f01 0b000001 10000 100 655 30007967 185659 83762
0b004e01 0b001e01 10000 100 2548 30174968 84858 85353
0b000901 0b002c01 10000 100 13966323 18481099 11830101 11792591
0b005201 0b004901 10000 100 2860 30528363 85108 85603
0b005c01 0b004a01 10000 100 149 30678833 80820 83357
0b007201 0b004b01 10000 100 303373 30503580 336956 337572
0b002001 0b004e01 10000 100 447 30822854 81918 83596
0b003701 0b006201 10000 100 1018 31201161 83596 84091
0b005701 0b004301 10000 100 207 31304431 81008 83404
0b003101 0b003401 10000 100 83877 31345654 111228 111927
0b006701 0b005201 10000 100 8628 31457386 90046 90448
0b002001 0b001d01 10000 100 158 31483440 80848 83364
0b001701 0b006e01 10000 100 208 31499835 81453 83404
0b005801 0b007501 10000 100 630 31573385 82360 83742
0b002f01 0b006e01 10000 100 1765092 30332324 1562488 1563088
0b001201 0b004201 10000 100 6659 31988205 88299 88796
0b002f01 0b003301 10000 100 28978 32209421 107626 107496
0b007601 0b004601 10000 100 491 32438147 81916 83631
0b004501 0b007301 10000 100 4613 32441296 86586 87082
0b001001 0b003a01 10000 100 654 32696106 82436 83761
0b007901 0b005701 10000 100 745 32844887 82728 83834
0b006e01 0b005801 10000 100 253 32913251 82012 83440
0b006801 0b002101 10000 100 928 33008572 83312 83980
0b004501 0b004f01 10000 100 772614 32467404 688399 689374
0b005401 0b006a01 10000 100 85965 33165772 154746 155274
0b003a01 0b000901 10000 100 127 33289843 80752 83340
0b005101 0b003e01 10000 100 2943 33285866 85174 85669
0b001001 0b000401 10000 100 422 33347106 81696 83576
0b000f01 0b003601 10000 100 674 33407591 82584 83777
0b005e01 0b001401 10000 100 1529 33602240 84845 84500
0b005801 0b001301 10000 100 277 33745170 81658 83460
0b007b01 0b006a01 10000 100 751 33965494 82748 83839
0b004f01 0b006201 10000 100 175 34020572 80904 83378
0b002301 0b004d01 10000 100 3883 34050078 85964 86460
0b000801 0b000001 10000 100 179 34237775 40804 41781
0b002701 0b007101 10000 100 522 34681525 82016 83656
0b001e01 0b003d01 10000 100 566 34808071 82156 83691
0b002301 0b004d01 10001 100 42302 34787749 118182 118692
0b003101 0b000b01 10000 100 2914 34881360 85151 85646
0b003001 0b001001 10000 100 1334 34919456 83849 84344
0b004e01 0b000a01 10000 100 126 34970195 80748 83339
0b005701 0b001701 10000 100 1737 35124383 84245 84666
0b001301 0b003101 10000 100 1013 35595992 83592 84087
0b007601 0b006201 10000 100 503 35927356 81952 83640
0b007e01 0b006501 10000 100 1255 36108518 83786 84280
0b005f01 0b002201 10000 100 1490 36275812 84812 84468
0b005b01 0b002b01 10000 100 1320 36324629 83838 84332
0b001301 0b000501 10000 100 1382185 33507976 2934980 1242055
0b005101 0b002701 10000 100 575 36361188 82184 83698
0b005101 0b000f01 10000 100 2032 36988249 99845 84940
0b001d01 0b004d01 10000 100 1492 37033060 83976 84470
0b003b01 0b006a01 10000 100 761 37094547 82780 83847
0b001201 0b004301 10000 100 960 37130631 83416 84006
0b006401 0b004b01 10000 100 221649 37156145 278847 269044
0b007b01 0b000901 10000 100 243 37445829 81120 83432
0b003f01 0b006b01 10000 100 8904 37810967 90171 90668
0b007d01 0b007701 10000 100 386 38023201 40790 41947
0b004b01 0b007f01 10001 100 213 38012521 81024 83408
0b001901 0b004301 10000 100 1500 38297344 84693 84476
0b000c01 0b003a01 10000 100 398 38766578 81616 83556
0b001e01 0b006501 10000 100 947 39210050 83376 83996
0b004401 0b006201 10000 100 1030 39312579 83606 84100
0b002b01 0b004301 10000 100 4645 39441173 86660 87108
0b001501 0b003c01 10000 100 1806 39496306 85110 84721
0b007701 0b000801 10000 100 2725 40142922 86361 85495
0b000b01 0b003a01 10000 100 2474 40267311 85164 85294
0b006b01 0b005a01 10000 100 129 40411361 81073 83341
0b006501 0b007e01 10000 100 8229 40754939 96763 90128
0b007f01 0b003c01 10000 100 7834 40809867 89340 89774
0b006401 0b000901 10000 100 1620970 39494989 1516889 1442222
0b005f01 0b004b01 10000 100 305 41019388 81320 83482
0b001b01 0b004a01 10000 100 514 41692579 81988 83649
0b000901 0b002901 10000 100 344 41696860 90866 83513
0b007701 0b001401 10000 100 261 41707858 81180 83447
0b002701 0b003c01 10000 100 111 41928716 80700 83327
0b005701 0b000001 10000 100 1093 42146457 84454 84151
0b003801 0b006701 10000 100 835 42167884 83016 83906
0b007801 0b000801 10000 100 232 42231499 81088 83424
0b003601 0b003501 10000 100 198 42274540 40488 41796
0b002101 0b002401 10000 100 809 42832142 41466 42285
0b004d01 0b004701 10000 100 158 42885123 40424 41764
0b003b01 0b001b01 10000 100 152 43302878 80832 83360
0b003201 0b004d01 10000 100 783 43382009 82848 83864
0b005e01 0b004b01 10000 100 567 43458144 82160 83692
0b003e01 0b007601 10000 100 385257 43207920 405580 406228
0b003401 0b002601 10000 100 374 43884405 81540 83537
0b007c01 0b002e01 10000 100 490 43925906 81912 83630
0b000801 0b005801 10000 100 7388 43920839 89064 89417
0b006901 0b006a01 10000 100 127 43986019 40376 41740
0b000e01 0b007e01 10000 100 820 44231604 82968 83894
0b001801 0b003e01 10000 100 242 44267849 81120 83432
0b006301 0b002601 10000 100 325 44356670 88605 83498
0b004101 0b001201 10000 100 662 44370142 82464 83768
0b003501 0b007d01 10000 100 67120 44936634 138986 139507
0b005201 0b002e01 10000 100 7172071 31125372 14265923 6096300
0b000601 0b000d01 10000 100 576 45449074 41094 42099
0b001101 0b005a01 10000 100 1186 45481929 83731 84225
0b004f01 0b007d01 10000 100 813 45586903 82944 83888
0b007a01 0b003a01 10000 100 878 45936249 83623 83940
0b003801 0b007701 10000 100 205 46021801 81000 83402
0b003401 0b005301 10000 100 4145 46150918 86356 86708
0b007901 0b005c01 10000 100 386093 45854222 406286 406935
0b002e01 0b004e01 10000 100 633 46277474 82643 83744
0b006501 0b001501 10000 100 447 46363472 81853 83596
0b007a01 0b003601 10000 100 1685885 45420512 1496222 1496650
0b004101 0b003c01 10000 100 1649003 45530577 1464664 1465762
0b002f01 0b006001 10000 100 840 47471610 83032 83910
0b002201 0b001e01 10000 100 168 48031455 81199 83372
0b001a01 0b001b01 10000 100 321 48214481 40686 41895
0b006901 0b003101 10000 100 728 48893186 90285 83820
0b004e01 0b000a01 10001 100 1017 48958476 83596 84090
0b004001 0b005601 10000 100 156 49285646 80844 83363
0b002701 0b002f01 10000 100 55140 49550768 87174 87862
0b000201 0b005501 10000 100 373 49608619 81536 83536
0b001c01 0b006f01 10000 100 273 50003240 81273 83456
0b005801 0b001601 10000 100 313 50185619 81344 83488
0b000a01 0b006c01 10000 100 1059 50248310 83629 84124
0b006901 0b007c01 10000 100 7684 50259501 102995 89654
0b004501 0b001701 10000 100 253 50555060 82197 83440
0b004b01 0b004201 10000 100 1581856 49774872 1366535 1367833
0b004a01 0b006801 10000 100 926 51381842 99115 83979
0b005b01 0b003201 10000 100 253360 51289792 295046 295641
0b007301 0b002c01 10000 100 136 51590479 80780 83347
0b003b01 0b007601 10000 100 430 51722641 81720 83582
0b007001 0b007801 10000 100 2066 51835838 42701 43368
0b007b01 0b001201 10000 100 695 51948513 82568 83794
0b006b01 0b000101 10000 100 393 52332730 81625 83552
0b002601 0b004001 10000 100 3020 52518112 87261 85769
0b003901 0b004701 10000 100 152 52669951 80832 83360
0b001301 0b004c01 10000 100 2394 52780173 84735 85230
0b004c01 0b005401 10000 100 511 52815222 81980 83647
0b001a01 0b007b01 10000 100 1032 52961492 83608 84102
0b005701 0b006e01 10000 100 465 52950687 101324 83610
0b002d01 0b007601 10000 100 7801 53381538 89251 89748
0b003901 0b003001 10000 100 1131 53518686 41915 42581
0b006a01 0b000301 10000 100 1413 53604845 143586 84407
0b001f01 0b005701 10000 100 679239 53123210 651937 652703
0b004601 0b001b01 10000 100 1528 53941300 84004 84499
0b000501 0b006d01 10000 100 1212 53994586 83752 84246
0b005401 0b006001 10000 100 1080 54035033 83646 84140
0b001b01 0b002201 10000 100 248 54548824 81466 83436
0b002a01 0b001901 10000 100 507 55055474 82729 83644
0b000601 0b006501 10000 100 685 55180184 83335 83786
0b006501 0b006a01 10000 100 6019721 50238903 5085567 5088544
0b002101 0b003601 10000 100 6952 55262279 94255 89030
0b003601 0b002c01 10000 100 871 55687671 83132 83935
0b007f01 0b005901 10000 100 191 55766346 80956 83391
0b007701 0b002001 10000 100 1419 56364982 83979 84412
0b005401 0b003001 10000 100 296 56466291 81292 83475
0b007e01 0b004101 10000 100 697142 55906658 668155 667716
0b003e01 0b002c01 10000 100 511 56678282 81980 83647
0b007601 0b005f01 10000 100 294 56869865 81284 83473
0b005501 0b001a01 10000 100 694 56991494 82564 83793
0b002201 0b007b01 10000 100 951 57122352 83414 83999
0b006f01 0b005801 10000 100 300 57113954 96342 83478
0b001b01 0b003701 10000 100 543 57143996 82080 83672
0b006e01 0b007a01 10000 100 5908 57264544 91821 88156
0b006501 0b005601 10000 100 1869 57308163 84277 84772
0b007401 0b002201 10000 100 1138 57584678 84530 84187
0b006801 0b003201 10000 100 944 57631160 98843 83993
0b001a01 0b000c01 10000 100 686 57964321 82540 83787
0b004801 0b002c01 10000 100 274 58196323 81220 83457
0b006301 0b003e01 10000 100 225 58289854 81064 83418
0b004b01 0b000101 10000 100 486 58457654 82248 83627
0b002801 0b003301 10000 100 62513 58538509 158246 135629
0b007301 0b006101 10000 100 61353 58929385 134144 134663
0b000e01 0b002101 10000 100 175 59084387 130422 83378
0b006201 0b002901 10000 100 164 59344787 80868 83369
0b001501 0b003301 10000 100 701 59526768 83243 83799
0b001501 0b005401 10000 100 7236 59581810 94509 89296
0b000001 0b005001 10000 100 159221 59581010 240453 216720
0b006001 0b007401 10000 100 2647 59810119 84938 85432
0b006801 0b006901 10000 100 1776 60069477 43404 43097
0b000501 0b003801 10000 100 168 60248030 80880 83372
0b004001 0b000001 10000 100 5289 60234102 98778 87661
0b001d01 0b003c01 10000 100 331 60759094 82000 83503
0b007101 0b004b01 10000 100 242 60802837 81264 83432
0b007801 0b001701 10000 100 325319 60548854 483593 355973
0b001301 0b000b01 10000 100 258 61378931 81978 83444
0b003d01 0b004901 10000 100 8781 61409510 90409 90570
0b006301 0b001a01 10000 100 1496 61491387 84308 84473
0b004501 0b001f01 10000 100 1858 61515910 84880 84763
0b003701 0b004a01 10000 100 1561 61580645 84033 84525
0b005501 0b001101 10000 100 246 61922147 81132 83435
0b006a01 0b006d01 10000 100 524 62201631 41010 42057
0b002801 0b006001 10000 100 595 62160855 82248 83714
0b003701 0b006601 10000 100 8542 62592928 90332 90379
0b001a01 0b003601 10000 100 1171644 61730747 1064557 1065520
0b000101 0b003701 10000 100 1086 62745911 83780 84145
0b002601 0b001a01 10000 100 1633 62975552 256688 84583
0b006901 0b006b01 10000 100 1036 63198511 41839 42505
0b006001 0b004001 10000 100 3080 63194574 85370 85817
0b007801 0b005c01 10000 100 562087 62739849 553770 554488
0b001a01 0b000101 10000 100 179 63362728 82362 83381
0b006001 0b005001 10000 100 221 63472970 81052 83415
0b002901 0b002101 10000 100 534 63603771 41026 42065
0b007201 0b001901 10000 100 917 63819238 83491 83972
0b006701 0b007501 10000 100 830 63921890 83000 83902
0b007501 0b000701 10000 100 436 63946638 81896 83587
0b005101 0b005501 10000 100 1400 64166546 42130 42796
0b002201 0b000f01 10000 100 1250226 61380525 3425211 1131419
0b007201 0b000101 10000 100 4141 65152607 86614 86704
0b004001 0b001501 10000 100 23472 65226976 104281 102899
0b000c01 0b003d01 10000 100 2340 65500665 85614 85187
0b007401 0b006701 10000 100 320 65509588 81368 83494
0b007c01 0b004101 10000 100 2451 65431277 165845 85276
0b000901 0b000801 10000 100 913 65939925 41632 42368
0b002601 0b007901 10000 100 17998781 47528971 18796917 15173386
0b004f01 0b007f01 10000 100 291 66280836 81813 83471
0b001601 0b002e01 10000 100 156 66382006 80844 83363
0b005001 0b001701 10000 100 5556 66434130 200819 87875
0b006901 0b006a01 10001 100 194 66743523 41045 41793
0b004201 0b001101 10000 100 600 66913175 82264 83718
0b004101 0b000701 10000 100 761 67425584 82780 83847
0b000201 0b003401 10000 100 100 67509511 81510 83318
0b003e01 0b006401 10000 100 2728 67747485 85520 85497
0b000101 0b007401 10000 100 8005 67767947 91420 89949
0b006901 0b000e01 10000 100 758 68004335 84216 83844
0b006601 0b006c01 10000 100 328 68047754 41297 41900
0b006d01 0b004c01 10000 100 380 68019429 82350 83542
0b002f01 0b006601 10000 100 226 68097006 82297 83419
0b005701 0b007301 10000 100 572 68112834 82176 83696
0b000901 0b003b01 10000 100 467 68123512 82320 83612
0b000201 0b001e01 10000 100 1448 68132685 84363 84435
0b004001 0b004401 10000 100 720 68255707 41324 42214
0b003001 0b005b01 10000 100 178 68483918 80912 83380
0b001a01 0b003d01 10000 100 1950 68744323 84342 84836
0b006a01 0b000301 10001 100 916 68799311 84961 83971
0b000101 0b001b01 10000 100 1052 68999579 85724 84118
0b006e01 0b004c01 10000 100 189 69420536 80948 83389
0b007701 0b006b01 10000 100 28717 69635240 109086 107287
0b001901 0b003901 10000 100 171 69719232 80892 83375
0b007d01 0b001901 10000 100 498 69878398 82419 83636
0b005301 0b000001 10000 100 4294 70040249 89395 86827
0b005e01 0b004901 10000 100 101 70389730 80848 83319
0b006d01 0b004b01 10000 100 1082 70415184 84256 84142
0b002b01 0b006d01 10000 100 461 70487673 81820 83607
0b002601 0b006f01 10000 100 935 70561628 197479 83986
0b002701 0b005c01 10000 100 30088 70735339 107954 108460
0b000c01 0b004601 10000 100 641 70971587 82396 83751
0b000e01 0b004a01 10000 100 118 71092192 80998 83332
0b000901 0b006d01 10000 100 817853 70490080 779640 768893
0b001701 0b004601 10000 100 7425 71297474 89738 89447
0b006d01 0b001401 10000 100 852 71391237 83219 83920
0b007c01 0b001101 10000 100 1481 71596119 86235 84461
0b005101 0b001901 10000 100 6995 71738121 88712 89064
0b004c01 0b000001 10000 100 2250 72289103 89971 85115
0b007501 0b000501 10000 100 1547518 71000106 1379544 1380657
0b007501 0b001b01 10000 100 169 72464435 81563 83373
0b000001 0b001f01 10000 100 117 72505721 169247 83332
0b004001 0b001f01 10000 100 11388 72499202 256617 92771
0b000001 0b000b01 10000 100 421 72827474 46986 41975
0b004501 0b007401 10000 100 171 73367059 80892 83375
0b007801 0b004301 10000 100 1485 73380431 83970 84464
0b000401 0b003101 10000 100 653 73390898 82432 83760
0b005e01 0b002301 10000 100 58454 73535671 155576 132228
0b006f01 0b007a01 10000 100 1310 73780244 83830 84324
0b004301 0b003101 10000 100 295 73956204 81288 83474
0b003601 0b000201 10001 100 6407 74059694 93337 88594
0b000801 0b000a01 10000 100 382963 73817004 443355 362677
0b007801 0b002f01 10000 100 2737 74270079 85010 85504
0b007901 0b006101 10000 100 1084 74730435 83649 84144
0b001b01 0b000201 10000 100 691 74754366 84782 83791
0b005501 0b004801 10000 100 697 75153068 82576 83796
0b001901 0b006401 10001 100 515 75354627 81993 83650
0b007e01 0b003d01 10000 100 146 75390939 80812 83355
0b007701 0b004701 10000 100 2754 75494461 85575 85518
0b004701 0b005701 10000 100 2166 75529144 84553 85048
0b000c01 0b003601 10000 100 2522 75461044 263905 85332
0b000801 0b002401 10000 100 1096 75934171 83793 84153
0b004c01 0b004501 10000 100 476818 75613292 451266 441371
0b001301 0b005701 10000 100 641 76281165 83791 83751
0b007d01 0b004501 10000 100 44526 76279611 123825 120548
0b000501 0b007a01 10000 100 545 76561724 86438 83674
0b007f01 0b007401 10000 100 6247 76696906 46198 46866
0b005c01 0b005d01 10000 100 608271 76377409 550693 551602
0b002201 0b003501 10000 100 209 76898674 81012 83405
0b001701 0b007701 10000 100 469 77036267 169609 83613
0b005301 0b001801 10000 100 1230 77810257 226447 84260
0b001e01 0b006401 10000 100 779 77913808 237993 83861
0b002801 0b004401 10000 100 397 78177763 81616 83556
0b003301 0b000801 10000 100 1362 79237231 84697 84366
0b000801 0b003601 10000 100 438 79594492 81876 83588
0b007b01 0b006001 10000 100 19160 79513400 218727 99296
0b004501 0b001d01 10000 100 11604027 57290969 22495843 9812053
0b004201 0b002201 10000 100 1776631 78101432 2859352 1572741
0b002801 0b004a01 10000 100 129 80960191 80756 83341
0b000f01 0b003901 10000 100 1423381 79840067 1413006 1276586
0b002901 0b003801 10000 100 142265 81248312 201952 202503
0b002a01 0b004b01 10000 100 119 81609526 80724 83333
0b007c01 0b007101 10000 100 1740 81700670 43862 43068
0b000901 0b000a01 10000 100 1254 81730049 42013 42680
0b003d01 0b004d01 10000 100 3095 82107688 85334 85829
0b000601 0b003a01 10000 100 1004 82462513 146407 84080
0b003701 0b002a01 10000 100 580 82507046 163736 83702
0b006501 0b005a01 10000 100 585 82706743 82584 83706
0b002a01 0b003901 10000 100 844 83653547 83044 83913
0b007c01 0b005001 10000 100 445 83730438 82326 83594
0b000701 0b005801 10000 100 407 84158569 82437 83564
0b004101 0b007101 10000 100 710 84423428 83897 83806
0b004001 0b001801 10000 100 523 84471599 86021 83656
0b002501 0b007b01 10000 100 1403 84809507 83904 84399
0b000101 0b005601 10000 100 862 85080286 84244 83928
0b001601 0b000e01 10000 100 861 85717327 83100 83927
0b005101 0b002601 10000 100 2556 85772133 84865 85360
0b004f01 0b004c01 10000 100 151 85991922 40414 41759
0b002801 0b005401 10000 100 6595 86032945 88718 88744
0b002901 0b001601 10000 100 2222 86100519 84646 85092
0b007901 0b000901 10000 100 9331 86114299 105496 91048
0b000801 0b004601 10000 100 8898 86352636 97084 90664
0b005801 0b001d01 10000 100 313 86487262 81344 83488
0b007501 0b004d01 10000 100 872509 85905615 866035 814730
0b007101 0b000a01 10000 100 995 86767424 85543 84034
0b000f01 0b002d01 10000 100 1017 86808468 84369 84090
0b006501 0b004601 10000 100 630 86826014 82733 83742
0b002601 0b000701 10000 100 915 86995367 83931 83970
0b004d01 0b001501 10000 100 386 87296958 82127 83547
0b001c01 0b000101 10000 100 628 87740029 82352 83740
0b007501 0b007101 10000 100 965 87782702 43139 42410
0b002501 0b006401 10000 100 14400 88377211 101500 95296
0b006901 0b007401 10000 100 200 88447523 81478 83398
0b006701 0b001101 10000 100 8943112 70490279 18083822 7581139
0b001601 0b004e01 10000 100 163 88735728 80864 83368
0b000501 0b003e01 10000 100 468 88629630 217243 83612
0b005c01 0b004301 10000 100 355 89234521 81480 83522
0b006501 0b000c01 10000 100 9032 89221658 98228 90809
0b000401 0b007801 10000 100 2093 89708694 86147 84989
0b005301 0b007901 10000 100 118 90034264 80720 83332
0b004801 0b003101 10000 100 773 90413147 83635 83856
0b006901 0b002801 10000 100 680 90758959 83461 83782
0b002c01 0b007d01 10000 100 1821 90949663 84239 84733
0b005301 0b007101 10000 100 210 91221904 81635 83406
0b002f01 0b000a01 10000 100 577 93213351 82192 83700
0b001c01 0b001101 10000 100 122 93348043 40368 41736
0b002c01 0b000a01 10000 100 823 94592923 84305 83896
0b003001 0b007c01 10000 100 3048 95892260 87330 85792
0b006901 0b007001 10000 100 25818765 59932679 36527056 21729661
0b007e01 0b002801 10000 100 9825111 80616259 16251393 8320607
