0b007601 0b006f01 10000 100 956 104441 83404 84003
0b003501 0b002b01 10000 100 1171 242784 83719 84213
0b004b01 0b006e01 10000 100 767 256821 82800 83852
0b007e01 0b003401 10000 100 17128 287222 97092 97593
0b007b01 0b002e01 10000 100 389403 23577 409048 409698
0b000701 0b003e01 10000 100 998 513545 83536 84036
0b003c01 0b006201 10000 100 2909 615824 85147 85642
0b007301 0b007c01 10000 100 7106 885170 46923 47592
0b003001 0b003a01 10000 100 288 910429 40632 41868
0b001d01 0b003301 10000 100 282 885500 81248 83464
0b007101 0b004901 10000 100 1868 940057 84919 84771
0b007201 0b003d01 10000 100 50663 934208 126744 125688
0b006501 0b005901 10000 100 439237 622191 450816 451485
0b007801 0b003901 10000 100 164 1012971 80868 83369
0b007b01 0b004401 10000 100 1095 1016975 83658 84152
0b007501 0b004401 10000 100 369 1047678 81524 83533
0b002e01 0b004201 10000 100 489 1236333 81908 83629
0b005c01 0b002001 10000 100 208 1463259 81008 83404
0b004301 0b001701 10000 100 815 1477200 82952 83890
0b005d01 0b003f01 10000 100 23195 1474551 102174 102677
0b001801 0b001a01 10000 100 804 1661619 41458 42281
0b005001 0b001e01 10000 100 1452 1741908 83944 84438
0b003c01 0b007801 10000 100 7979 1825120 89393 89890
0b004c01 0b005501 10000 100 392 2234750 81600 83552
0b004c01 0b005601 10000 100 658 2266855 82448 83764
0b007601 0b003e01 10000 100 6420 2331119 88108 88604
0b004f01 0b001f01 10000 100 49673 2368648 124344 124858
0b003401 0b003f01 10000 100 57367 2519612 89032 89720
0b000801 0b002c01 10000 100 221 2553428 81760 83415
0b006b01 0b003501 10000 100 1037 2581277 83612 84106
0b001601 0b002d01 10000 100 419 2647183 82699 83573
0b004201 0b003801 10000 100 944861 1898236 882950 875376
0b007f01 0b006101 10000 100 1289 2772802 83813 84308
0b003001 0b001f01 10000 100 165 2784813 80872 83370
0b006e01 0b002801 10000 100 363 2876937 81504 83528
0b001f01 0b000f01 10000 100 1447 3014444 84082 84434
0b001001 0b003201 10000 100 1198 3040964 83740 84235
0b001401 0b002b01 10000 100 703 3078000 82592 83800
0b002f01 0b006401 10000 100 379 3085862 83234 83541
0b005201 0b007901 10000 100 651 3086785 82428 83759
0b006b01 0b003f01 10000 100 370 3112393 81528 83534
0b005b01 0b000801 10000 100 1062 3173044 83632 84126
0b001501 0b000101 10000 100 415 3178835 81672 83570
0b000f01 0b006201 10000 100 1552419 1885086 1383751 1384770
0b006401 0b000d01 10000 100 156268 3087890 213734 214243
0b000601 0b000201 10000 100 1365 3318205 42102 42768
0b002601 0b005501 10000 100 675 3379013 82504 83778
0b005f01 0b007901 10000 100 530 3386252 82040 83662
0b001101 0b003101 10000 100 928935 2626135 861156 862021
0b005d01 0b003101 10000 100 2321 3406922 84677 85172
0b003501 0b004c01 10000 100 1045 3410489 83618 84112
0b001501 0b007101 10000 100 369 3429024 81524 83533
0b001401 0b006001 10000 100 592 3479466 82240 83712
0b006901 0b002f01 10000 100 57805 3449153 131154 131671
0b000501 0b007301 10000 100 207 3502060 81008 83404
0b004901 0b005601 10000 100 4923 3513205 86834 87330
0b003101 0b007501 10000 100 604 3588068 82276 83721
0b004a01 0b002201 10000 100 942 3651828 83360 83992
0b004601 0b006801 10000 100 265 3735268 81192 83450
0b004901 0b005d01 10000 100 687 3734892 82544 83788
0b004e01 0b002e01 10000 100 858 3747170 83854 83924
0b000101 0b006301 10000 100 967 3780006 83440 84012
0b002c01 0b004001 10000 100 1445134 2594158 1301633 1294833
0b001701 0b005601 10000 100 442 3820821 81760 83592
0b003f01 0b007801 10000 100 4112 3940036 86186 86681
0b004501 0b001c01 10000 100 582 3956279 82551 83704
0b000801 0b004b01 10000 100 499 4008717 82697 83637
0b004001 0b007001 10000 100 331 4025032 81404 83503
0b000e01 0b001101 10000 100 369 4149342 81524 83533
0b004601 0b005901 10000 100 948 4150001 83376 83996
0b007801 0b006201 10000 100 1029 4191223 83605 84100
0b004501 0b000c01 10000 100 437 4216009 81744 83588
0b000901 0b007401 10000 100 4609 4231382 87370 87079
0b003801 0b000e01 10000 100 6322 4234997 88030 88526
0b003101 0b002901 10000 100 745 4248169 82728 83834
0b006e01 0b006b01 10000 100 475 4322816 40932 42018
0b001801 0b005d01 10000 100 7452 4276974 94326 89468
0b002f01 0b006901 10000 100 866 4323040 83116 83931
0b002e01 0b000f01 10000 100 937 4432525 83344 83988
0b001c01 0b000701 10000 100 2001 4477989 84663 84916
0b006601 0b004801 10000 100 1043 4616944 84235 84111
0b004a01 0b001301 10000 100 1458 4659311 83948 84443
0b002801 0b002501 10000 100 45055 4681791 78726 79410
0b006f01 0b000801 10000 100 1677807 3307222 1488956 1489880
0b004901 0b006601 10000 100 533 4734764 82048 83664
0b005e01 0b005601 10000 100 542 4977482 41040 42072
0b003301 0b003b01 10000 100 102 4994983 40336 41720
0b001801 0b001c01 10000 100 3845065 1811066 3269544 3265338
0b001701 0b001a01 10000 100 323 5040981 40688 41896
0b003901 0b006d01 10000 100 243 5022071 81120 83432
0b001c01 0b001d01 10000 100 237 5106884 40552 41828
0b002701 0b002401 10000 100 9166 5429531 48647 49316
0b002201 0b003c01 10000 100 147 5484319 80816 83356
0b001301 0b005f01 10000 100 729 5658274 94404 83821
0b003401 0b005f01 10000 100 458 5670479 82471 83604
0b007601 0b003801 10000 100 6013 5699790 87812 88279
0b000201 0b007201 10000 100 3114 5720239 85349 85844
0b006401 0b003301 10000 100 2050 5749345 84460 84955
0b003401 0b004101 10000 100 846 5782429 83407 83915
0b000401 0b004001 10000 100 922 5786531 83296 83976
0b005a01 0b000101 10000 100 619895 5247880 624396 602924
0b002701 0b004601 10000 100 2275 5793867 84640 85135
0b003a01 0b001601 10000 100 1826 5819243 84243 84737
0b001201 0b005f01 10000 100 294646 5574525 345105 330244
0b005201 0b000501 10000 100 249 5883809 81658 83437
0b002101 0b007101 10000 100 608 5898713 82531 83724
0b002101 0b003401 10000 100 1097 5911992 83660 84154
0b006701 0b001a01 10000 100 276 5989692 82044 83459
0b003001 0b000e01 10000 100 8007 6076854 89458 89951
0b006701 0b007501 10000 100 375634 5804472 398025 398145
0b000101 0b006c01 10000 100 327 6181884 81924 83500
0b002701 0b005901 10000 100 5085 6234434 91158 87498
0b005601 0b006901 10000 100 1091 6309522 83655 84149
0b007901 0b003901 10000 100 32533 6301044 109986 110493
0b005801 0b002e01 10000 100 1832 6395782 84248 84742
0b004e01 0b003a01 10000 100 1383 6399066 84575 84383
0b003d01 0b001c01 10000 100 209 6487166 81012 83405
0b002801 0b001401 10000 100 578 6491753 82192 83700
0b002c01 0b004101 10000 100 217 6553649 82911 83412
0b001a01 0b007901 10000 100 2497 6551677 86117 85312
0b006701 0b003001 10000 100 137 6600208 80784 83348
0b003401 0b004101 10001 100 461 6655421 83392 83607
0b007e01 0b001301 10000 100 1458531 5428776 1319181 1306050
0b004001 0b004601 10000 100 53420 6687707 85722 86409
0b000d01 0b003301 10000 100 540 6743152 82521 83670
0b004001 0b002001 10000 100 2006 6864989 84430 84920
0b003001 0b002201 10000 100 983 6890741 84507 84024
0b007e01 0b003601 10000 100 75744 6944557 146189 146713
0b001301 0b000f01 10000 100 159 7134706 81448 83365
0b006f01 0b006701 10000 100 184 7207466 40466 41785
0b002401 0b003701 10000 100 164 7183391 81660 83369
0b007701 0b005901 10000 100 8357 7181937 92411 90231
0b005d01 0b002701 10000 100 1490 7247561 83974 84468
0b001a01 0b005701 10000 100 330 7283027 81400 83502
0b006401 0b002801 10000 100 305 7377224 82081 83482
0b000a01 0b002901 10000 100 64967 7327971 137150 137669
0b005801 0b006101 10000 100 1499 7396447 89113 84476
0b000701 0b007d01 10000 100 522 7459538 106558 83656
0b007501 0b002c01 10000 100 56360 7437669 176388 130476
0b004a01 0b003501 10000 100 1082 7559417 83648 84142
0b001801 0b007801 10000 100 9378 7576202 100148 91086
0b002b01 0b000301 10000 100 911015 6903622 846391 847032
0b000c01 0b003001 10000 100 21215 7694912 101138 101016
0b002701 0b004f01 10000 100 295 7726175 81288 83474
0b001001 0b000101 10000 100 4794 7733478 87688 87227
0b005201 0b002301 10000 100 826 7989011 84065 83899
0b004101 0b007901 10000 100 159 8004901 82334 83365
0b001b01 0b001301 10000 100 408 8049108 40824 41964
0b007101 0b000301 10000 100 949 8007048 83380 83997
0b006601 0b005a01 10000 100 592 8053583 82240 83712
0b007001 0b002101 10000 100 805 8165111 83345 83882
0b006201 0b003101 10000 100 1182 8251739 83728 84222
0b007b01 0b007401 10000 100 1103095 6686049 1689149 966469
0b005301 0b003e01 10000 100 694 8322486 82564 83793
0b005d01 0b000f01 10000 100 986267 7053811 1421160 910114
0b002701 0b001501 10000 100 1017 8500260 83596 84090
0b001401 0b001801 10000 100 311 8675367 40670 41887
0b006201 0b000d01 10000 100 8568 8647380 89902 90400
0b005401 0b007d01 10000 100 653875 8118575 630658 631413
0b000701 0b003701 10000 100 437968 8119540 648217 450393
0b003501 0b006f01 10000 100 845 8687666 83048 83914
0b007801 0b002901 10000 100 356 8793026 81484 83523
0b000a01 0b002d01 10000 100 277 8981653 81550 83460
0b001d01 0b002701 10000 100 1032 9142527 84251 84102
0b000901 0b002401 10000 100 159 9150961 81955 83365
0b006401 0b007401 10000 100 2345 9181455 86055 85191
0b005901 0b004101 10000 100 31960 9171728 139500 109996
0b003701 0b000301 10000 100 203 9259386 80992 83400
0b006501 0b007b01 10000 100 20661 9233874 161705 100535
0b002501 0b000601 10000 100 1548 9318483 84020 84515
0b001f01 0b001901 10000 100 294 9363776 40642 41873
0b002001 0b003901 10000 100 450 9339339 81784 83598
0b005d01 0b003b01 10000 100 296 9533077 81602 83475
0b006501 0b006301 10000 100 5534 9582588 45589 46257
0b007901 0b001c01 10000 100 1761945 8095826 1559900 1560416
0b002e01 0b003f01 10000 100 441 9629379 81756 83591
0b004f01 0b007c01 10000 100 301 9637566 81308 83479
0b006501 0b000401 10000 100 219 9713945 84689 83413
0b001101 0b000001 10000 100 389 9756630 81588 83549
0b007501 0b002c01 10001 100 32250 9717605 136317 110267
0b000201 0b000b01 10000 100 482 9870288 40944 42024
0b002d01 0b007a01 10000 100 14919 9830612 107466 95711
0b003201 0b002301 10000 100 1291 9920530 84516 84309
0b003d01 0b002b01 10000 100 142 9946890 80800 83352
0b002101 0b006201 10000 100 214 10133216 81028 83409
0b004b01 0b002401 10000 100 904 10167328 83300 83961
0b000101 0b007001 10000 100 572 10268445 82775 83696
0b000c01 0b001001 10000 100 732900 9660964 724528 697667
0b006701 0b007e01 10000 100 253226 10114915 294939 295534
0b001f01 0b002201 10000 100 207 10333842 81008 83404
0b007901 0b006101 10000 100 50309 10260210 166169 125405
0b007401 0b004501 10000 100 383 10400949 81665 83544
0b006f01 0b001901 10000 100 283928 9869148 632430 321248
0b006401 0b002e01 10000 100 91510 10524664 164464 159940
0b001c01 0b005801 10000 100 1233 10606460 83768 84263
0b005f01 0b007601 10000 100 806 10627159 83478 83883
0b007401 0b001b01 10000 100 1211 10662262 84418 84245
0b004d01 0b002601 10000 100 1832 10807542 84248 84742
0b007001 0b000d01 10000 100 1548 10816269 84020 84515
0b000201 0b007101 10000 100 906 10840565 84600 83963
0b007001 0b000201 10000 100 749 10935986 82740 83837
0b002d01 0b006701 10000 100 1327 10962087 83949 84338
0b000301 0b000401 10000 100 235 11260950 40548 41826
0b001201 0b000e01 10000 100 232 11203807 144608 83424
0b002901 0b005901 10000 100 478 11284050 81872 83620
0b002301 0b006301 10000 100 3051 11370027 85299 85794
0b002f01 0b003501 10000 100 1211 11394473 83751 84245
0b005901 0b006501 10000 100 580 11432583 82200 83702
0b006601 0b002801 10000 100 574 11467155 82180 83697
0b002d01 0b005d01 10000 100 386 11509719 82374 83547
0b002501 0b007e01 10000 100 459 11525242 81812 83605
0b003601 0b003001 10000 100 1399 11570598 42129 42796
0b006101 0b003d01 10000 100 246 11549568 81132 83435
0b006f01 0b007901 10000 100 3295 11642004 86722 85989
0b005101 0b004f01 10000 100 696 11807857 83069 83795
0b006901 0b000d01 10000 100 8641 11818270 103557 90458
0b006301 0b007801 10000 100 463 11925321 81824 83608
0b007f01 0b001901 10000 100 7111 11919641 88699 89196
0b007d01 0b002901 10000 100 512 11942305 82031 83648
0b002b01 0b002f01 10000 100 315 11986026 40676 41890
0b001701 0b006e01 10000 100 1115 11949143 83674 84168
0b006601 0b001c01 10000 100 287 11954818 81264 83468
0b007201 0b005a01 10000 100 145 11956601 80808 83354
0b000d01 0b004e01 10000 100 1017 11993701 83879 84090
0b005e01 0b000201 10000 100 705 12005660 82600 83802
0b005501 0b003801 10000 100 1414 12010881 201754 84408
0b005f01 0b003901 10000 100 346 12058276 244805 83515
0b002601 0b003601 10000 100 2438 12288965 84770 85265
0b005e01 0b004501 10000 100 134 12440936 80772 83345
0b007201 0b000d01 10000 100 1312 12479678 83832 84326
0b000901 0b005201 10000 100 511 12600056 82703 83647
0b003d01 0b003001 10000 100 300 12703356 40652 41878
0b005c01 0b004c01 10000 100 722 12701730 83004 83816
0b006c01 0b003f01 10000 100 9495 12720664 91348 91180
0b004201 0b002b01 10000 100 1695 12860775 84138 84632
0b004e01 0b002c01 10000 100 2502 12861425 84870 85316
0b006001 0b002b01 10000 100 2819 12892741 85075 85570
0b001801 0b001201 10000 100 980 12945009 41836 42422
0b000601 0b007f01 10000 100 331 12955146 81404 83503
0b001801 0b006301 10000 100 387445 12678621 443871 408055
0b002d01 0b000301 10000 100 5528 13129568 91016 87852
0b000d01 0b001101 10000 100 799 13188841 82900 83877
0b007d01 0b001601 10000 100 1792398 11653242 1631718 1585969
0b002701 0b000301 10000 100 438 13231763 82165 83588
0b003e01 0b000701 10000 100 3750930 6938029 6385873 3227982
0b001201 0b007301 10000 100 2259 13244550 84627 85122
0b004801 0b002a01 10000 100 1128 13296543 84859 84179
0b001501 0b001901 10000 100 1007 13411105 41820 42482
0b003001 0b003c01 10000 100 1577 13492520 42272 42938
0b001401 0b003a01 10000 100 1459582 12301565 1305852 1306929
0b007201 0b006c01 10000 100 871 13546580 83132 83935
0b000901 0b003401 10000 100 506 13677248 81964 83643
0b004001 0b003101 10000 100 144 13766870 80804 83353
0b004901 0b000901 10000 100 1010 13960255 83592 84084
0b007b01 0b003c01 10000 100 146 13967555 82279 83355
0b007601 0b006701 10000 100 6679 13993127 88555 88812
0b006601 0b000f01 10000 100 8259 14053828 89655 90152
0b007801 0b001201 10000 100 344 14151809 81595 83513
0b007801 0b004901 10000 100 1070 14200360 86258 84132
0b004801 0b005101 10000 100 9794499 5682996 8615171 8294927
0b005301 0b000701 10000 100 557 14245381 89165 83684
0b007001 0b004e01 10000 100 1831 14265674 85778 84741
0b007b01 0b000e01 10000 100 4212 14339081 88093 86761
0b000a01 0b001a01 10000 100 266 14374602 81196 83451
0b007901 0b000301 10000 100 239 14422737 81620 83429
0b004b01 0b000901 10000 100 1243 14508036 83776 84271
0b002101 0b002e01 10000 100 150 14588309 40412 41758
0b001a01 0b001f01 10000 100 853 14739686 41536 42320
0b004e01 0b000701 10000 100 4625247 6331037 8504315 3961036
0b002201 0b000001 10000 100 541 14766671 82076 83671
0b000b01 0b007201 10000 100 4065 14772175 86420 86644
0b002e01 0b007201 10000 100 189 14796922 80948 83389
0b003101 0b005d01 10000 100 213 14812317 81024 83408
0b005101 0b001a01 10000 100 402 14890178 81632 83560
0b000901 0b002601 10000 100 578 14950624 82730 83700
0b003501 0b006501 10000 100 571 14965195 82172 83695
0b004a01 0b005d01 10000 100 144 14992096 80804 83353
0b001801 0b002801 10000 100 1055 15051334 83626 84120
0b006801 0b003201 10000 100 310 15070547 81336 83486
0b001301 0b005301 10000 100 8159 15098490 90894 90072
0b005e01 0b007401 10000 100 965 15119589 84353 84010
0b002e01 0b007901 10000 100 946 15125512 83978 83995
0b002f01 0b006f01 10000 100 482 15187333 81888 83624
0b001c01 0b003301 10000 100 1777 15222181 85013 84698
0b004001 0b005a01 10000 100 9837 15256433 99793 91453
0b006501 0b001101 10000 100 271842 15110403 310516 311118
0b000a01 0b001501 10000 100 550 15387032 82104 83678
0b006401 0b001c01 10000 100 109 15418131 80692 83325
0b000e01 0b002b01 10000 100 149 15419357 80820 83357
0b003f01 0b004801 10000 100 71655 15409060 146150 143288
0b002c01 0b004001 10001 100 7760 15484421 89218 89715
0b007101 0b000201 10000 100 4974 15518703 87814 87371
0b002301 0b005301 10000 100 116 15594984 81721 83331
0b005301 0b002b01 10000 100 979 15738744 83611 84021
0b005c01 0b005801 10000 100 288 15803783 40632 41868
0b007b01 0b004201 10000 100 37473 15759173 117889 114637
0b000a01 0b005201 10000 100 349 15541080 340450 83517
0b001e01 0b007101 10000 100 367 15883996 81520 83532
0b006001 0b005601 10000 100 2414 15925397 84751 85246
0b002a01 0b002401 10000 100 550 15996794 41052 42078
0b005f01 0b006f01 10000 100 859 15976738 83483 83925
0b000301 0b002301 10000 100 911 16039597 84514 83967
0b003801 0b007e01 10000 100 138 16048562 81342 83348
0b006401 0b003501 10000 100 316 16156624 81356 83491
0b003601 0b002701 10000 100 6507 16181058 89520 88674
0b000a01 0b004601 10000 100 6257 16245741 87978 88474
0b003301 0b003101 10000 100 533 16375554 41222 42064
0b002301 0b003101 10000 100 304 16572066 81316 83481
0b000601 0b001d01 10000 100 5086 16612021 87003 87499
0b004001 0b005f01 10000 100 536 16646858 82060 83667
0b002e01 0b002f01 10000 100 738 16713367 41352 42228
0b004d01 0b003d01 10000 100 134 16678172 80802 83345
0b004a01 0b001301 10001 100 25178 16673298 143630 104340
0b005801 0b007a01 10000 100 380 16761233 81809 83542
0b000e01 0b007601 10000 100 711 16820727 82699 83807
0b002e01 0b003d01 10000 100 350 16866958 81464 83518
0b000801 0b007901 10000 100 914 16869329 84087 83969
0b004601 0b005d01 10000 100 111 16931091 81082 83327
0b001601 0b001b01 10000 100 78270 16948020 106552 107249
0b006301 0b003701 10000 100 2753 17027149 85022 85517
0b005401 0b004301 10000 100 727 17047523 82672 83820
0b004301 0b007401 10000 100 422 17163706 82818 83576
0b004701 0b003d01 10000 100 193 17484799 80960 83392
0b007f01 0b000a01 10000 100 441 17492216 81756 83591
0b003f01 0b006901 10000 100 992 17493319 83811 84032
0b003201 0b002801 10000 100 336 17543570 81420 83507
0b005c01 0b007c01 10000 100 2601 17561110 85589 85396
0b001701 0b002901 10000 100 480 17556788 91970 83622
0b007801 0b006001 10000 100 801 17620224 82908 83879
0b001c01 0b003f01 10000 100 444 17695280 82493 83593
0b002f01 0b002401 10000 100 5344 17765282 45437 46105
0b000301 0b005d01 10000 100 963 17774102 83451 84008
0b001a01 0b005101 10000 100 885 17826579 83176 83946
0b001401 0b002701 10000 100 1185 17838710 83730 84224
0b003901 0b002e01 10000 100 713 17916991 82624 83808
0b004901 0b006e01 10000 100 434 17960232 81732 83585
0b000001 0b001b01 10000 100 845 18088171 83870 83914
0b001c01 0b002401 10000 100 470 18140868 81848 83614
0b004801 0b005401 10000 100 9232 18242980 90472 90969
0b002e01 0b005701 10000 100 1649 18264406 84101 84596
0b007c01 0b005d01 10000 100 1300 18276066 84430 84316
0b003401 0b006b01 10000 100 2175 18310162 84560 85055
0b003001 0b002201 10001 100 498 18331542 82688 83636
0b007901 0b001501 10000 100 476 18403313 82805 83619
0b007601 0b004801 10000 100 1095 18437299 83658 84152
0b007101 0b003801 10000 100 36046 18513065 112949 113457
0b007801 0b004701 10000 100 396 18625876 112296 83555
0b003501 0b007501 10000 100 140 18756011 81495 83350
0b006501 0b005301 10000 100 462 18766517 82713 83608
0b004e01 0b002e01 10001 100 431 18844992 81724 83583
0b002301 0b007701 10000 100 2858 18900407 89089 85601
0b005801 0b007f01 10000 100 350 18946303 82339 83518
0b005801 0b002901 10000 100 12049 18750490 315036 93338
0b000c01 0b003201 10000 100 1456104 17062894 2015800 1304032
0b001601 0b006601 10000 100 438 19007430 81744 83588
0b005901 0b006b01 10000 100 1605 19056659 84066 84560
0b007801 0b006701 10000 100 9672 19051531 136809 91321
0b003a01 0b003301 10000 100 1004 19223752 42524 42480
0b005c01 0b000201 10000 100 129 19270241 102841 83341
0b005401 0b002001 10000 100 597 19351158 82256 83716
0b001e01 0b001601 10000 100 82508 19324552 110094 110793
0b005701 0b007501 10000 100 618 19370794 82897 83732
0b004801 0b003001 10000 100 907 19563367 83443 83964
0b007201 0b003001 10000 100 5264 19581758 87241 87641
0b004f01 0b002c01 10000 100 971 19599569 83830 84015
0b003c01 0b003d01 10000 100 930 19643815 41660 42382
0b004601 0b001901 10000 100 774 19605598 82820 83857
0b001701 0b001c01 10000 100 214 19664839 40514 41809
0b002801 0b000501 10000 100 784 19699879 86745 83865
0b004e01 0b005a01 10000 100 599 19672886 117430 83717
0b005e01 0b003c01 10000 100 175 19617419 208554 83378
0b000f01 0b000501 10000 100 714 19793158 42460 42209
0b005e01 0b002d01 10000 100 3890 19716436 120526 86465
0b007601 0b007501 10000 100 1528 19822154 42232 42899
0b002001 0b005301 10000 100 1473 19800219 84484 84455
0b002701 0b005701 10000 100 198502 19742921 261079 249643
0b005401 0b002c01 10000 100 686802 19388702 667864 659022
0b001b01 0b005f01 10000 100 1269 19974862 83797 84292
0b004701 0b002e01 10000 100 117 20020864 81374 83332
0b007301 0b007901 10000 100 9166 20101152 49328 49316
0b005a01 0b005901 10000 100 294 20172455 40642 41873
0b001a01 0b004801 10000 100 895 20435874 83208 83954
0b007701 0b006301 10000 100 736 20569382 84744 83827
0b002101 0b005b01 10000 100 6903852 14804660 5871685 5871395
0b001e01 0b003f01 10000 100 147 20611580 81517 83356
0b006d01 0b001a01 10000 100 281 20617817 81244 83463
0b005701 0b002201 10000 100 811 20713665 82940 83887
0b006f01 0b004d01 10000 100 212 20743238 81024 83408
0b006a01 0b004b01 10000 100 548 20799696 82096 83676
0b004801 0b005701 10000 100 612 20908558 82304 83728
0b002001 0b002801 10000 100 576 20980906 41683 42099
0b004d01 0b005a01 10000 100 93317 20869300 160932 161463
0b002801 0b004701 10000 100 61083 20877759 159068 134447
0b007101 0b004801 10000 100 805 21008787 83089 83882
0b002801 0b004e01 10000 100 161701 20963107 218435 218781
0b007001 0b006a01 10000 100 9578 21116714 90748 91246
0b002101 0b005201 10000 100 427 21169249 81712 83580
0b004b01 0b002401 10001 100 49952 21159601 127105 125081
0b005f01 0b007801 10000 100 574 21308333 82596 83697
0b002c01 0b004201 10000 100 135 21340881 81909 83346
0b003001 0b006201 10000 100 133 21365757 80901 83344
0b006a01 0b000f01 10000 100 472 21485445 82231 83616
0b001b01 0b007801 10000 100 2217 21531800 84594 85088
0b006201 0b003801 10000 100 731 21549121 82723 83823
0b005301 0b002b01 10001 100 1849 21564944 85694 84756
0b005d01 0b002201 10000 100 7241 21596450 93831 89300
0b004401 0b001c01 10000 100 599 21699853 83356 83717
0b003f01 0b004201 10000 100 21475 21737989 102458 101224
0b007801 0b003701 10000 100 268 21832090 81200 83452
0b002b01 0b007501 10000 100 2518 21849472 85336 85329
0b004f01 0b007201 10000 100 649 21872318 82651 83757
0b004201 0b002b01 10001 100 195 22027814 81364 83394
0b003101 0b006e01 10000 100 304 22044876 81316 83481
0b005301 0b003101 10000 100 1428 22047348 83924 84419
0b004c01 0b002b01 10000 100 1707807 19192373 2944487 1515032
0b002101 0b004501 10000 100 1065 22096252 83634 84128
0b001101 0b000d01 10000 100 527 22194252 82032 83660
0b002a01 0b007901 10000 100 292 22223302 81570 83472
0b006b01 0b003e01 10000 100 6897 22208180 111491 88986
0b002501 0b000f01 10000 100 3082 22360163 90780 85819
0b001201 0b003901 10000 100 1588 22373554 84898 84547
0b000201 0b006a01 10000 100 506 22384448 82572 83643
0b001a01 0b006e01 10000 100 1955 22398971 84346 84840
0b007401 0b003101 10000 100 1106850 19866049 2667875 1011188
0b006101 0b002901 10000 100 202 22467412 81362 83400
0b005b01 0b002501 10000 100 212 22596070 81024 83408
0b003101 0b002601 10000 100 840 22667197 83032 83910
0b007a01 0b007b01 10000 100 1167 22775381 42359 42610
0b006001 0b001c01 10000 100 42195 22704079 153375 118607
0b004001 0b005e01 10000 100 1680 22797838 84126 84620
0b006401 0b000701 10000 100 435 22787311 137717 83586
0b007601 0b002701 10000 100 369044 21958331 972852 392643
0b006301 0b001301 10000 100 1093 22869807 84334 84151
0b001301 0b001a01 10000 100 31625 22885801 72217 68128
0b001b01 0b006e01 10000 100 949 22842628 143600 83997
0b003d01 0b000201 10000 100 435 22917748 82271 83586
0b000001 0b001101 10000 100 805 22955279 82920 83882
0b007a01 0b002501 10000 100 234 22972949 81233 83425
0b007601 0b007201 10000 100 149 23014574 41143 41757
0b002401 0b002001 10000 100 422 23026108 41214 41976
0b005601 0b007601 10000 100 50077 22956877 136582 125220
0b007301 0b006001 10000 100 179 23046591 81149 83381
0b000d01 0b004201 10000 100 802 23057935 83002 83880
0b005301 0b004301 10000 100 2340 23057905 85530 85187
0b001501 0b001301 10000 100 179 23115994 43309 41781
0b001301 0b001f01 10000 100 239 23149030 43857 41829
0b004001 0b004701 10000 100 671 23159454 41246 42175
0b004a01 0b002101 10000 100 8969 23136644 90223 90720
0b003201 0b005a01 10000 100 225 23191515 81064 83418
0b001401 0b004701 10000 100 5326 23217595 87195 87691
0b004601 0b007b01 10000 100 261805 22997054 422864 302704
0b007301 0b004701 10000 100 102 23348149 81367 83320
0b001201 0b000501 10000 100 1207 23331108 110431 84242
0b004001 0b005801 10000 100 145 23375882 80914 83354
0b001c01 0b004601 10000 100 148 23422588 117126 83356
0b003001 0b002701 10000 100 501 23487112 82396 83639
0b006b01 0b001a01 10000 100 1067 23482495 87508 84130
0b003301 0b001c01 10000 100 1765 23534154 84483 84688
0b005301 0b004f01 10000 100 1496 23557578 84369 84473
0b007301 0b002c01 10000 100 336 23633703 81523 83507
0b003e01 0b007901 10000 100 5293 23676801 87383 87664
0b001901 0b001501 10000 100 174 23758972 40450 41777
0b004701 0b006401 10000 100 1118 23830975 83676 84171
0b001d01 0b007501 10000 100 1445 23847768 83938 84432
0b003801 0b005501 10000 100 238583 23710058 282654 283244
0b000b01 0b006e01 10000 100 305 23900264 110427 83482
0b002701 0b003c01 10000 100 359221 23339928 758461 384400
0b004501 0b004301 10000 100 2907 24059261 43374 44040
0b003d01 0b004b01 10000 100 957 24020424 83408 84004
0b002b01 0b003601 10000 100 164 24177917 80868 83369
0b003a01 0b006601 10000 100 1054 24150571 126086 84120
0b001901 0b001e01 10000 100 903 24283690 41616 42360
0b006301 0b002701 10000 100 1364 24248467 83873 84368
0b004801 0b001d01 10000 100 1773 24338261 84200 84695
0b007c01 0b007901 10000 100 650 24417653 41734 42158
0b001401 0b004401 10000 100 800 24509895 83479 83878
0b004201 0b002701 10000 100 4531 24564237 86761 87016
0b000701 0b003301 10000 100 1516 24569922 84821 84489
0b006701 0b007a01 10000 100 3935 24568662 88421 86501
0b002401 0b000f01 10000 100 4632323 20267054 4409027 3966965
0b001301 0b000401 10000 100 774 24762880 86781 83857
0b003401 0b002901 10000 100 789 24774025 82868 83869
0b005d01 0b006201 10000 100 437034 24592404 549675 449646
0b003801 0b006701 10000 100 525 25181685 82187 83658
0b006d01 0b005f01 10000 100 1234599 24158395 1117315 1118303
0b003701 0b000701 10000 100 831313 24597887 781914 780199
0b005301 0b000301 10000 100 1077 25304829 84027 84138
0b002401 0b005b01 10000 100 141 25388584 81029 83351
0b004601 0b005401 10000 100 7593 25485827 90132 89581
0b003601 0b007601 10000 100 119 25522849 81449 83333
0b003601 0b005301 10000 100 64606 25415632 190361 137380
0b007701 0b007501 10000 100 116852 25472971 141454 139574
0b001001 0b002c01 10000 100 1283 25507004 119426 84303
0b000401 0b007b01 10000 100 1925 25712532 86234 84816
0b004f01 0b004e01 10000 100 518 25802430 41000 42052
0b002e01 0b007001 10000 100 174 25936171 80900 83377
0b007201 0b006e01 10000 100 2846 25984362 86735 85592
0b004801 0b004001 10000 100 6564 26037792 46451 47120
0b004601 0b002501 10000 100 825 26033639 84554 83898
0b006c01 0b003f01 10001 100 365 26290271 82244 83530
0b003d01 0b007101 10000 100 1548 26258295 142558 84515
0b003b01 0b003e01 10000 100 310 26383296 41369 41886
0b002901 0b004b01 10000 100 559 26345947 82132 83685
0b004a01 0b007701 10000 100 8543 26400718 93246 90380
0b001f01 0b001501 10000 100 133 26465159 40384 41744
0b000201 0b005501 10000 100 52828 26381693 172701 127497
0b000201 0b000101 10000 100 1727006 25067388 1570478 1489560
0b005c01 0b002501 10000 100 60780 26435266 220934 134166
0b006c01 0b004001 10000 100 5177 26578736 87939 87572
0b001e01 0b006801 10000 100 893 26723459 83954 83952
0b004301 0b004d01 10000 100 1206 26907623 41975 42641
0b005901 0b005701 10000 100 1352 26933732 42092 42758
0b004201 0b006901 10000 100 791 27032337 103287 83871
0b001501 0b001201 10000 100 1170 27110529 41946 42612
0b002101 0b000601 10000 100 343 27164493 82368 83512
0b001301 0b005a01 10000 100 958629 25774814 1611882 886928
0b004801 0b007c01 10000 100 1013 27309878 86815 84087
0b002a01 0b001c01 10000 100 492 27414076 81920 83632
0b005401 0b005901 10000 100 356 27533500 40742 41923
0b000601 0b004701 10000 100 1066 27601236 83635 84129
0b002201 0b005e01 10000 100 118 27607271 80720 83332
0b001601 0b006801 10000 100 678186 27025278 715005 651822
0b001e01 0b002b01 10000 100 873 27894527 83604 83936
0b001701 0b004601 10000 100 2909538 25456803 2521348 2522574
0b000c01 0b002401 10000 100 700 27940847 90473 83798
0b007301 0b005301 10000 100 5482 28038647 87859 87816
0b001301 0b000401 10001 100 152 28054312 82991 83360
0b005501 0b006401 10000 100 177 28074949 80912 83380
0b007c01 0b000b01 10000 100 2045 28189403 84760 84951
0b000b01 0b007301 10000 100 467 28235976 83364 83612
0b000701 0b007c01 10000 100 478 28245185 91605 83620
0b001801 0b001701 10000 100 1286 28295807 42039 42705
0b003f01 0b005301 10000 100 2654 28367187 85420 85438
0b000a01 0b001901 10000 100 4659 28389371 86719 87119
0b000b01 0b007e01 10000 100 1031 28489806 84627 84101
0b007c01 0b005c01 10000 100 504 28510391 86948 83641
0b001e01 0b003401 10000 100 8504 28603857 89995 90348
0b005301 0b000701 10001 100 415 28715749 90922 83570
0b001a01 0b004701 10000 100 917 28754176 83410 83972
0b005e01 0b006301 10000 100 740 28754912 82712 83830
0b001101 0b003301 10000 100 2921 28772108 87724 85652
0b004401 0b003301 10000 100 881 28781708 83970 83943
0b006601 0b007d01 10000 100 430 28896000 87604 83582
0b007101 0b004a01 10000 100 2253 28918345 90223 85117
0b005f01 0b004901 10000 100 491 28804146 376320 83631
0b006d01 0b006701 10000 100 847 29147491 41846 42316
0b005f01 0b004801 10000 100 221 29115143 81052 83415
0b002f01 0b003b01 10000 100 1043 29122384 84029 84111
0b002901 0b007a01 10000 100 126 29128915 80748 83339
0b003501 0b003901 10000 100 678 29205612 41256 42180
0b007601 0b002f01 10000 100 898 29192737 83379 83956
0b000e01 0b002901 10000 100 617 29276019 83645 83732
0b007601 0b001d01 10000 100 1024 29297689 84777 84096
0b004501 0b004101 10000 100 329 29316808 67612 41901
0b000401 0b004f01 10000 100 313 29344711 81993 83488
0b003e01 0b002101 10000 100 592 29346158 84100 83712
0b006e01 0b001901 10000 100 315 29349769 81895 83490
0b003101 0b000901 10000 100 1424 29392483 84830 84416
0b005c01 0b006501 10000 100 5123 29267233 212030 87528
0b006a01 0b002a01 10000 100 2411 29343101 140011 85244
0b005201 0b001701 10000 100 516 29432189 81996 83651
0b007301 0b003301 10000 100 39216 29407791 156319 116108
0b002701 0b000501 10000 100 233 29392702 193217 83424
0b007c01 0b007801 10000 100 956 29556401 42023 42403
0b003c01 0b004d01 10000 100 960 29572348 83416 84006
0b002d01 0b000a01 10000 100 5852 29569719 100527 88112
0b000001 0b007c01 10000 100 671 29591936 100068 83775
0b006601 0b007101 10000 100 891 29676907 88608 83951
0b001101 0b000801 10000 100 1091842 28771058 1004621 998606
0b003a01 0b006c01 10000 100 95299 29685949 162593 163125
0b003a01 0b004701 10000 100 4041 29873457 86177 86624
0b006a01 0b007601 10000 100 1610 29884489 86221 84564
0b001c01 0b005c01 10000 100 9424 30011764 101311 91123
0b006001 0b007801 10000 100 1828 30100149 84688 84739
0b006201 0b002101 10000 100 2077 30184043 97727 84976
0b006c01 0b004101 10000 100 230 30244509 108845 83422
0b004301 0b007901 10000 100 1614569 26991701 3375242 1436871
0b003e01 0b007b01 10000 100 2908 30310160 122252 85641
0b002b01 0b003601 10001 100 1074 30394501 87574 84136
0b002f01 0b000201 10000 100 2297 30472599 91438 85152
0b000701 0b000001 10000 100 1768928 27242481 3352347 1524672
0b003201 0b006601 10000 100 719 30476727 119981 83813
0b001201 0b007001 10000 100 148 30570846 162563 83356
0b002e01 0b003601 10000 100 865801 29931176 891553 809095
0b006601 0b002201 10000 100 6246463 25187514 5662738 5320255
0b002201 0b002001 10000 100 46319 30790568 99887 80460
0b000601 0b000401 10000 100 423 30867190 41292 41976
0b002901 0b003a01 10000 100 926 30998615 83308 83979
0b004a01 0b007901 10000 100 465 31008326 82745 83610
0b005301 0b005b01 10000 100 1517 31057256 42224 42890
0b001c01 0b002d01 10000 100 1155364 28992699 2143031 1051881
0b005c01 0b001401 10000 100 232 31067534 81319 83424
0b007601 0b001601 10000 100 1650983 29083122 2088468 1467384
0b000c01 0b004801 10000 100 322 31126018 81899 83496
0b005701 0b007201 10000 100 4597 31161880 88350 87069
0b004c01 0b002001 10000 100 340813 30569862 686214 368944
0b007901 0b007c01 10000 100 330 31239780 41771 41902
0b006601 0b002201 10001 100 302524 31073948 376567 336854
0b005401 0b001e01 10000 100 790361 30094247 1387156 745863
0b005901 0b001601 10000 100 4524 31391012 90680 87011
0b005901 0b006201 10000 100 65441 31350763 146676 138087
0b004601 0b007c01 10000 100 332 31516389 81629 83504
0b001d01 0b002301 10000 100 364 31529064 81508 83529
0b002701 0b005401 10000 100 376 31764173 81548 83539
0b003f01 0b001801 10000 100 109 31845660 81000 83325
0b006e01 0b001d01 10000 100 1223 31859770 102424 84255
0b003e01 0b000001 10000 100 6307943 24700077 7297795 5371781
0b004201 0b001a01 10000 100 989793 31064916 943445 913050
0b004301 0b006e01 10000 100 45174 31837538 184922 121105
0b002c01 0b001801 10000 100 473 31966151 82171 83616
0b005e01 0b001701 10000 100 1105 31847235 231313 84160
0b007101 0b006501 10000 100 206 32056513 81851 83403
0b005f01 0b003601 10000 100 1552 32058545 84024 84518
0b003901 0b006001 10000 100 8980 32065793 90328 90729
0b007101 0b006a01 10000 100 3311 32093672 87948 86002
0b002b01 0b003601 10002 100 647 32232099 82416 83756
0b005f01 0b000801 10000 100 1528 32292508 84430 84499
0b004a01 0b005e01 10000 100 1883 32391275 84288 84783
0b003301 0b001c01 10001 100 377 32402196 81552 83540
0b005f01 0b006701 10000 100 27099 32447585 128336 105954
0b002501 0b004301 10000 100 178 32618366 81645 83380
0b003601 0b006601 10000 100 455 32664013 81800 83602
0b003101 0b001d01 10000 100 446 32814172 81772 83595
0b004c01 0b002801 10000 100 248 32907405 81552 83436
0b005601 0b000d01 10000 100 60310 32962089 188946 133790
0b001c01 0b006e01 10000 100 65999 33128176 141478 138533
0b002a01 0b004301 10000 100 142 33242398 81209 83352
0b002301 0b004901 10000 100 846 33353189 83052 83915
0b005601 0b006f01 10000 100 6199 33386219 87931 88428
0b002f01 0b000501 10000 100 2727 33417459 98834 85496
0b006301 0b003801 10000 100 564 33762126 82148 83689
0b000201 0b007501 10000 100 7168 33621827 261349 89241
0b004f01 0b004001 10000 100 485 33842285 40948 42026
0b005901 0b000901 10000 100 568 33830948 152831 83692
0b006001 0b002c01 10000 100 423 33913774 81696 83576
0b003b01 0b000801 10000 100 339 33904604 116660 83509
0b002101 0b004401 10000 100 448 33943279 82576 83596
0b001501 0b004601 10000 100 1734666 32507167 1536701 1537556
0b004701 0b006801 10000 100 504 34063412 81956 83641
0b007801 0b001301 10000 100 254 34118462 82160 83441
0b005701 0b004a01 10000 100 98209 34036559 169883 165568
0b004e01 0b004b01 10000 100 5730 34162415 45746 46414
0b002c01 0b003b01 10000 100 639 34126664 82447 83749
0b001801 0b006f01 10000 100 189 34144765 80948 83389
0b004c01 0b006f01 10000 100 700 34150594 82801 83798
0b003101 0b005301 10000 100 297 34152214 81296 83476
0b007201 0b004101 10000 100 242 34154255 109177 83432
0b001001 0b000c01 10000 100 916 34315337 84462 83971
0b005101 0b006901 10000 100 708012 33694853 709551 676835
0b005f01 0b002701 10000 100 283 34344180 81916 83464
0b002901 0b004001 10000 100 512 34453703 81984 83648
0b006101 0b005d01 10000 100 898 34494402 84422 83956
0b006001 0b001901 10000 100 649 34689703 82420 83757
0b001a01 0b000201 10000 100 5870601 27008279 7860249 5005127
0b002f01 0b004a01 10000 100 362 34792264 82074 83528
0b001001 0b006601 10000 100 845 34802579 83048 83914
0b004101 0b003501 10000 100 54151 34815471 161519 128632
0b002301 0b002701 10000 100 300 35016000 40652 41878
0b005e01 0b000a01 10000 100 300 34962587 129926 83478
0b001301 0b007501 10000 100 1154 35103041 85084 84200
0b003201 0b005901 10000 100 2955245 32481235 2765016 2560906
0b004801 0b004501 10000 100 552 35275663 41056 42080
0b004201 0b005101 10000 100 820 35333855 82968 83894
0b004e01 0b003f01 10000 100 13724 35360824 104810 94716
0b002001 0b001001 10000 100 609 35414910 83013 83725
0b007601 0b003d01 10000 100 1430 35424164 113128 84420
0b007201 0b005d01 10000 100 366 35366729 180117 83531
0b006501 0b004501 10000 100 339 35509241 82004 83509
0b005901 0b006601 10000 100 133 35549756 87931 83344
0b004801 0b003c01 10000 100 27418 35479149 165035 106209
0b003101 0b007a01 10000 100 40836 35313641 343193 117443
0b003e01 0b001f01 10000 100 970 35662195 84569 84014
0b003601 0b003c01 10000 100 472 35743265 41403 42016
0b004101 0b002e01 10000 100 5305 35710886 118638 87674
0b003e01 0b001601 10000 100 732221 34968389 907891 697124
0b001401 0b001501 10000 100 1442755 34634565 1249972 1251215
0b005f01 0b004201 10000 100 483 35887689 82439 83624
0b000401 0b002101 10000 100 929 35923216 83784 83981
0b005a01 0b000f01 10000 100 6990 35954555 88564 89060
0b007901 0b000c01 10000 100 28783020 10027462 26074164 24214921
0b002901 0b005301 10000 100 290 36048464 120162 83470
0b007a01 0b006901 10000 100 2123 36107179 86599 85013
0b005901 0b001901 10000 100 3944 36012612 195650 86508
0b005001 0b007a01 10000 100 804 36189556 82916 83881
0b001201 0b006301 10000 100 2627 36214974 143312 85416
0b005001 0b007801 10000 100 727 36301217 83479 83820
0b002401 0b000d01 10000 100 8781 36293734 93531 90570
0b007f01 0b002c01 10000 100 414 36349120 81668 83569
0b004b01 0b002101 10000 100 985 36465928 84063 84026
0b007801 0b004f01 10000 100 227 36521356 81072 83420
0b007501 0b007701 10000 100 89035 36488744 190480 116284
0b005301 0b000901 10000 100 1638 36617634 92575 84587
0b006201 0b005601 10000 100 239 36695786 88321 83429
0b004601 0b003101 10000 100 1612 36738331 84541 84566
0b000b01 0b005201 10000 100 1406 36783689 83907 84401
0b001c01 0b007501 10000 100 1610396 33762576 3110714 1433379
0b003a01 0b006101 10000 100 8245 36801719 96149 90141
0b007b01 0b006c01 10000 100 100 36810392 146884 83318
0b006e01 0b000601 10000 100 160 36884055 80856 83366
0b006301 0b004301 10000 100 1450 36959423 125780 84436
0b004901 0b001201 10000 100 149 37168926 108347 83357
0b000e01 0b003501 10000 100 345965 36935810 464722 373258
0b007601 0b000b01 10000 100 1149 37355565 83834 84196
0b002701 0b005f01 10000 100 110 37351052 92102 83326
0b007401 0b004e01 10000 100 321687 36754476 701239 352914
0b006d01 0b003601 10000 100 400 37615938 83113 83558
0b001d01 0b000901 10000 100 470 37612901 128996 83614
0b004f01 0b003801 10000 100 1309 37674419 83829 84324
0b004801 0b002401 10000 100 48978 37677246 124528 124264
0b004201 0b007e01 10000 100 147 37722207 80816 83356
0b004701 0b006001 10000 100 443 37648556 250511 83592
0b007b01 0b005f01 10000 100 1673843 34224912 3678298 1486556
0b004401 0b004501 10000 100 37818 37824099 103982 73313
0b000401 0b007701 10000 100 220 37859405 82322 83414
0b004101 0b007f01 10000 100 1129 37893220 84561 84180
0b007f01 0b007901 10000 100 6815 37965532 46652 47320
0b003201 0b005b01 10001 100 7666 37939555 89143 89640
0b001e01 0b000001 10000 100 543 38042291 82571 83672
0b000601 0b005f01 10000 100 1222161 35798078 2507560 1107892
0b006d01 0b000801 10000 100 5710 38231879 90415 87998
0b003801 0b000b01 10000 100 1863 38268237 84272 84767
0b000f01 0b002c01 10000 100 737 38312429 83241 83828
0b007a01 0b005a01 10000 100 402 38333852 81883 83560
0b006401 0b007201 10000 100 339 38363079 81584 83509
0b000c01 0b004c01 10000 100 300 38400418 81332 83478
0b006901 0b000401 10000 100 944 38494731 85746 83993
0b003101 0b001301 10000 100 6875 38517509 92182 88968
0b003501 0b006301 10000 100 156 38559782 81495 83363
0b006301 0b000c01 10000 100 1030 38557791 83825 84100
0b006701 0b005a01 10000 100 3418 38573652 88337 86088
0b002e01 0b000e01 10000 100 260 38641218 82863 83446
0b005701 0b006f01 10000 100 1728 38687767 84164 84659
0b000101 0b004201 10000 100 178 38653023 123706 83380
0b003701 0b002101 10000 100 775 38733197 82824 83858
0b001f01 0b001801 10000 100 177 38844805 40456 41780
0b002b01 0b004901 10000 100 237 38843142 81342 83428
0b001001 0b006801 10000 100 1132 38844436 84944 84182
0b002301 0b005b01 10000 100 6190 38882590 90433 88420
0b000f01 0b005a01 10000 100 123 38843124 152165 83336
0b007301 0b002901 10000 100 3368 39006949 85600 86048
0b006a01 0b003601 10000 100 2248 39104291 135859 85113
0b003601 0b002d01 10000 100 5600959 33261982 6004497 4779045
0b002c01 0b002201 10000 100 1374445 38091506 1192788 1193956
0b005201 0b005801 10000 100 82056 39214134 109733 110432
0b004201 0b002c01 10000 100 593 39241824 82240 83712
0b000601 0b004201 10000 100 692 39292053 82920 83792
0b003e01 0b007601 10000 100 946 39311208 84062 83995
0b005401 0b007b01 10000 100 8533 39224411 296029 90372
0b000901 0b003f01 10000 100 1810 39439667 85522 84724
0b003501 0b002801 10000 100 1645 39555860 112117 84592
0b001001 0b003e01 10000 100 882 39600808 83203 83944
0b004f01 0b006a01 10000 100 6507 39592651 93530 88674
0b006501 0b006201 10000 100 749 39660908 41913 42237
0b007601 0b006f01 10001 100 24065 39646666 103916 103412
0b005101 0b007701 10000 100 8036 39761357 96160 89974
0b005a01 0b002e01 10000 100 1085 39856050 83650 84144
0b004201 0b006d01 10000 100 1535 39888790 84696 84504
0b003201 0b006201 10000 100 167 39900730 81159 83372
0b006001 0b003701 10000 100 1416 39908943 83915 84409
0b003401 0b002f01 10000 100 3571 39979470 85715 86210
0b003201 0b005b01 10000 100 1702277 37432484 2637139 1510416
0b000f01 0b007a01 10000 100 396140 39673238 440435 415356
0b005e01 0b007201 10000 100 205 39946168 200428 83402
0b000501 0b004501 10000 100 229 40082920 105618 83421
0b006e01 0b004501 10000 100 169 40122134 81299 83373
0b006301 0b006e01 10000 100 4005 40344802 44334 44996
0b003f01 0b004101 10000 100 142 40237517 227988 83352
0b004401 0b006f01 10000 100 7835 40252875 243678 89775
0b004301 0b005b01 10000 100 168 40423887 82984 83372
0b005b01 0b002701 10000 100 433 40427092 81728 83584
0b001d01 0b001901 10000 100 1504 40486960 42213 42880
0b006701 0b007401 10001 100 1353123 37686124 2942168 1217692
0b002f01 0b005e01 10000 100 907 40621068 83248 83964
0b003a01 0b000301 10000 100 242 40755866 81396 83432
0b004901 0b006301 10000 100 685 40762145 82536 83786
0b007101 0b005701 10000 100 8456 40696127 180617 90310
0b002801 0b000001 10000 100 175231 40676159 312541 230143
0b007e01 0b006701 10000 100 9012 40889328 105034 90793
0b007001 0b001901 10000 100 214 40962076 81647 83409
0b005301 0b004601 10000 100 135 40980308 126190 83346
0b004701 0b002201 10000 100 131 41057057 80764 83343
0b000201 0b002901 10000 100 1457 41285768 83948 84442
0b002801 0b004701 10001 100 381 41345710 81709 83543
0b003501 0b000801 10000 100 168 41377806 80880 83372
0b006c01 0b007601 10000 100 145542 41294010 211600 205240
0b006a01 0b005e01 10000 100 549 41507938 83010 83677
0b005101 0b007601 10000 100 37346 41448735 143978 114536
0b006101 0b001601 10000 100 3438 41480670 135362 86104
0b005401 0b001f01 10000 100 4082 41548250 88880 86657
0b005701 0b004901 10000 100 6391 41593035 88133 88581
0b003b01 0b005501 10000 100 655 41624376 83162 83762
0b002801 0b000901 10000 100 364 41660719 81508 83529
0b005501 0b001401 10000 100 175375 41521534 285860 230258
0b007a01 0b007401 10000 100 240 41768504 79467 41830
0b001001 0b004f01 10000 100 668 41861580 82905 83772
0b001001 0b006a01 10000 100 7620819 35150185 6841050 6472501
0b004d01 0b006a01 10000 100 203 41851579 153524 83400
0b000a01 0b001601 10000 100 622 41961617 82336 83736
0b003a01 0b001001 10000 100 3140 41971443 86003 85865
0b001e01 0b001c01 10000 100 863 42023161 41552 42328
0b000401 0b000201 10000 100 367 42025161 41306 41932
0b002601 0b004301 10000 100 865 41995207 83252 83930
0b001f01 0b001d01 10000 100 185 42109281 40468 41786
0b000301 0b000501 10000 100 1832 42195501 67193 43142
0b003101 0b003d01 10000 100 1411 42354889 42139 42805
0b001e01 0b003101 10000 100 1430 42382114 83926 84420
0b005d01 0b005a01 10000 100 146 42434108 40564 41755
0b007101 0b000f01 10000 100 914 42461637 85783 83969
0b003201 0b001401 10000 100 58838 42444507 143056 132536
0b004101 0b005901 10000 100 86129 42431379 177786 155444
0b000e01 0b002c01 10000 100 162 42532428 81232 83368
0b007601 0b004501 10000 100 149 42576164 81086 83357
0b005d01 0b004d01 10000 100 933 42693882 95458 83984
0b003801 0b001c01 10000 100 6375 42725824 88072 88568
0b003501 0b002201 10000 100 477 42768685 81872 83620
0b007701 0b000f01 10000 100 530 42776838 82251 83662
0b001e01 0b000001 10001 100 171 42857157 82658 83375
0b005001 0b005201 10000 100 855 43245869 41540 42322
0b002801 0b000701 10000 100 1715 43387096 84154 84648
0b006301 0b004b01 10000 100 1000 43433855 83544 84038
0b004501 0b004a01 10000 100 800 43490088 41639 42278
0b000801 0b003401 10000 100 568 43453413 82160 83692
0b003301 0b007101 10000 100 1598 43572108 85796 84555
0b001001 0b001701 10000 100 7822 43635094 47496 48164
0b006001 0b002001 10000 100 1329 43656308 83845 84340
0b002501 0b003b01 10000 100 510 43735967 82758 83646
0b001c01 0b001f01 10000 100 378 43875539 40776 41940
0b000e01 0b007301 10000 100 1049 43929929 84438 84116
0b000a01 0b006901 10000 100 438 43976773 83314 83588
0b006901 0b000301 10000 100 1011 44054938 130139 84085
0b000301 0b002501 10000 100 686 44122497 82540 83787
0b000301 0b003601 10000 100 609 44133885 82976 83725
0b001001 0b004a01 10000 100 949 44187575 83380 83997
0b002b01 0b000f01 10000 100 5713 44243225 89558 88000
0b002e01 0b004301 10000 100 1473 44273163 83960 84455
0b003201 0b002b01 10000 100 987 44393994 100073 84028
0b004601 0b000601 10000 100 556 44501282 82612 83683
0b002201 0b001a01 10000 100 694 44563849 82564 83793
0b001901 0b001d01 10000 100 307 44696474 40664 41884
0b003d01 0b002001 10000 100 276 44684705 81270 83459
0b005901 0b002201 10000 100 1664 44679420 87406 84608
0b000801 0b007e01 10000 100 380 44706501 82770 83542
0b002001 0b002101 10000 100 436 44760818 40870 41987
0b000a01 0b005a01 10000 100 498 44709963 97678 83636
0b007501 0b006f01 10000 100 17229 44702043 133119 97674
0b003b01 0b000901 10000 100 673 44744476 119593 83776
0b001701 0b005301 10000 100 8077 44825185 89846 90007
0b007701 0b007901 10000 100 7161 44888505 46967 47636
0b002201 0b004401 10000 100 3053 44904674 87163 85796
0b000e01 0b005601 10000 100 178 44913291 81126 83380
0b002401 0b004d01 10000 100 371 44932653 81532 83535
0b007d01 0b006301 10000 100 173 44933055 81564 83376
0b005001 0b000d01 10000 100 431 44974635 120610 83583
0b005f01 0b005401 10000 100 534 45117210 41026 42065
0b000501 0b000201 10000 100 6046 45092590 71760 46705
0b006a01 0b007801 10000 100 427 45172507 81712 83580
0b000301 0b001b01 10000 100 845 45179330 83249 83914
0b002e01 0b007301 10000 100 370 45187374 81795 83534
0b002601 0b007901 10000 100 532 45190027 82533 83664
0b006501 0b007c01 10000 100 29284459 18373116 26954547 24635311
0b000501 0b000701 10000 100 709 45283062 73240 42205
0b000a01 0b001b01 10000 100 402 45336638 81827 83560
0b007c01 0b007901 10001 100 64209 45343647 94771 95463
0b005a01 0b000b01 10000 100 548 45436390 82413 83676
0b007601 0b000f01 10000 100 143 45438866 82571 83352
0b001301 0b000b01 10000 100 356 45452286 81484 83523
0b005a01 0b003501 10000 100 888 45506269 108904 83948
0b000f01 0b000201 10000 100 133 45726484 40384 41744
0b000e01 0b005d01 10000 100 19994546 25347219 20422681 16846644
0b002c01 0b006d01 10000 100 1036 45690114 84029 84105
0b001d01 0b007601 10000 100 1661 45705294 84111 84605
0b002601 0b004a01 10000 100 1776 45813603 84203 84697
0b003201 0b006e01 10000 100 868 45852461 83120 83932
0b006e01 0b000401 10000 100 1727 46022357 86525 84658
0b006201 0b000e01 10000 100 21481 46057411 100727 101229
0b000901 0b000f01 10000 100 794 46128587 41442 42273
0b003501 0b000201 10000 100 862 46166881 83857 83928
0b002001 0b007f01 10000 100 95401 46072947 198709 163207
0b000301 0b002b01 10000 100 688 46226621 84017 83788
0b002801 0b002001 10000 100 32429 46289784 94555 68810
0b000c01 0b004601 10000 100 1800 46455325 86602 84716
0b006901 0b006001 10000 100 1752 46607257 43529 43078
0b002401 0b000e01 10000 100 3065 46575900 85310 85805
0b006201 0b004001 10000 100 1090 46643458 83654 84148
0b002101 0b005601 10000 100 926 46664579 83308 83979
0b005501 0b007d01 10000 100 4360 46727177 89173 86880
0b002801 0b002401 10000 100 317 46782210 41495 41892
0b002801 0b001e01 10000 100 742 46835743 83134 83832
0b006201 0b005901 10000 100 1194 46780212 216163 84232
0b004a01 0b005301 10000 100 1719 46870288 150485 84652
0b002c01 0b007a01 10000 100 160 47069436 84784 83366
0b006701 0b002501 10000 100 220 47263783 81165 83414
0b006701 0b007401 10000 100 12722801 18886068 28462424 10750004
0b001d01 0b000701 10000 100 74919 47181464 171404 146015
0b007e01 0b005201 10000 100 7972 47380861 101832 89884
0b004001 0b000f01 10000 100 406 47465195 81933 83563
0b007b01 0b000901 10000 100 702 47324311 273041 83800
0b004701 0b000501 10000 100 548 47588698 103706 83676
0b003c01 0b004001 10000 100 443 47622046 81760 83592
0b004a01 0b006001 10000 100 108 47736865 80688 83324
0b002401 0b005c01 10000 100 880 47746855 83190 83942
0b004e01 0b000d01 10000 100 1248 47867342 84594 84275
0b005001 0b007a01 10001 100 1438802 45714774 2498900 1289499
0b002b01 0b002201 10000 100 561 48243786 41070 42087
0b001b01 0b007501 10000 100 128 48452825 81617 83340
0b001701 0b002301 10000 100 2252 48587699 84622 85116
0b004901 0b001701 10000 100 984 48664238 83692 84025
0b000801 0b006301 10000 100 7355 48740538 89776 89391
0b003901 0b006601 10000 100 224 48648637 191750 83417
0b007701 0b004f01 10000 100 333 48811517 81408 83504
0b002601 0b002701 10000 100 525 48960160 41012 42058
0b002b01 0b007701 10000 100 5266 48941985 87147 87643
0b000d01 0b003201 10000 100 92950 48882499 160600 161131
0b002201 0b006c01 10000 100 230 49145027 81080 83422
0b001f01 0b007101 10000 100 531 49159703 82729 83663
0b006801 0b007301 10000 100 2701 49270599 85029 85476
0b000601 0b000101 10000 100 801 49386079 41881 42279
0b000d01 0b007a01 10000 100 1250 49393799 84094 84276
0b007601 0b000f01 10001 100 2015 49576981 93326 84927
0b007d01 0b003301 10000 100 1448 49666893 109644 84435
0b003201 0b005b01 10002 100 37221 49724320 113927 114436
0b004c01 0b000a01 10000 100 465 49807407 82382 83610
0b005b01 0b000901 10000 100 122 49730532 185106 83336
0b004701 0b006301 10000 100 1934 49867587 84329 84824
0b004f01 0b004b01 10000 100 364 49919504 40754 41929
0b000601 0b002f01 10000 100 243 49884707 81120 83432
0b007201 0b007c01 10000 100 1019 49882018 148048 42492
0b000d01 0b000601 10000 100 281 49990789 40622 41863
0b001801 0b000b01 10000 100 1223 50066106 83760 84255
0b000f01 0b007201 10000 100 245 49961408 237298 83434
0b006901 0b005101 10000 100 349 50100749 117449 83517
0b007101 0b000101 10000 100 2872 50132480 88472 85612
0b006d01 0b002a01 10000 100 1161902 49385247 1067283 1057342
0b002c01 0b000401 10000 100 9543 50380503 98897 91218
0b002001 0b000c01 10000 100 376 50434791 92616 83539
0b001b01 0b003e01 10000 100 145 50460536 80808 83354
0b002901 0b003401 10000 100 780 50468767 82840 83862
0b000501 0b005701 10000 100 430 50191871 368001 83582
0b000f01 0b001101 10000 100 121 50356644 217758 83335
0b000501 0b006701 10000 100 32241506 21850511 28730529 27114497
0b003201 0b005301 10000 100 248 50539148 102288 83436
0b002d01 0b005001 10000 100 668 50616403 83622 83772
0b002001 0b002d01 10000 100 330 50667978 41111 41902
0b000a01 0b003c01 10000 100 224 50504907 226544 83417
0b001b01 0b006a01 10000 100 86789 50563658 227489 155972
0b000701 0b006c01 10000 100 289 50832384 81268 83469
0b004601 0b007701 10000 100 2864 50840032 88319 85606
0b005101 0b000201 10000 100 1334897 48276968 2768044 1202381
0b007101 0b007d01 10000 100 785 51043794 41744 42266
0b000b01 0b001201 10000 100 943 51066797 83571 83992
0b001801 0b006b01 10000 100 1319 51071754 83914 84332
0b006001 0b003101 10000 100 527 51127010 82032 83660
0b007901 0b001101 10000 100 68409 51073624 140199 140576
0b006301 0b006701 10000 100 705 51193328 41300 42202
0b000301 0b000501 10001 100 81371 51064826 216263 109845
0b001e01 0b000d01 10000 100 112 51261596 82177 83328
0b005001 0b000c01 10000 100 1450 51291611 83942 84436
0b006901 0b004c01 10000 100 240 51299662 82098 83430
0b001301 0b006201 10000 100 618 51376130 82320 83732
0b000301 0b004a01 10000 100 1427 51455307 85720 84418
0b007a01 0b005501 10000 100 192130 51298086 245376 244315
0b000d01 0b001301 10000 100 386 51466923 81580 83547
0b006901 0b006c01 10000 100 160 51522793 40588 41766
0b006101 0b005e01 10000 100 8016 51743728 93822 89958
0b004b01 0b000401 10000 100 233 51754205 89732 83424
0b003801 0b004201 10000 100 354 51988491 81476 83521
0b007d01 0b000901 10000 100 1042 51988615 85738 84110
0b007c01 0b000201 10000 100 191 51841361 248723 83391
0b007001 0b007801 10000 100 99103 51998887 125024 124722
0b002901 0b004e01 10000 100 8364 52109829 100459 90236
0b002601 0b001601 10000 100 829793 51172949 1203183 778906
0b006901 0b007301 10000 100 766 52335261 83514 83851
0b001401 0b002001 10000 100 72765 52328110 145900 144215
0b000a01 0b001401 10000 100 422 52429915 82402 83576
0b001401 0b004401 10001 100 1375 52434991 84696 84376
0b007101 0b004a01 10001 100 101 52263450 301215 83319
0b000701 0b006901 10000 100 6788 52474528 92808 88899
0b005e01 0b007c01 10000 100 971 52483140 89921 84015
0b004201 0b000c01 10000 100 293 52540773 81385 83472
0b007801 0b004301 10000 100 471234 51595690 1110874 478312
0b001101 0b005001 10000 100 123 52615678 125205 83336
0b003601 0b001701 10000 100 1696 52694367 84139 84633
0b004101 0b007001 10000 100 4612 52756103 97014 87081
0b005701 0b005101 10000 100 4996317 48622729 4286271 4230538
0b002b01 0b001601 10000 100 230296 52755273 275866 276307
0b001001 0b002e01 10000 100 1623425 51650705 1473200 1444301
0b001601 0b004a01 10000 100 421 53061397 82612 83575
0b004101 0b003f01 10000 100 1358 53074467 89644 84363
0b001101 0b007e01 10000 100 198 53281974 81342 83396
0b006401 0b006201 10000 100 34491 53298281 69857 70536
0b004601 0b001501 10000 100 2559 53313334 85681 85362
0b005e01 0b007f01 10000 100 1762 53356009 84776 84686
0b001501 0b007f01 10000 100 1146932 50170300 3313223 1044790
0b001501 0b003d01 10000 100 1487998 48476498 5020897 1330737
0b003701 0b006301 10000 100 2654 53402610 107279 85438
0b004701 0b003a01 10000 100 9268 53425004 103649 90998
0b007f01 0b000c01 10000 100 121 53655122 80732 83335
0b001501 0b002c01 10000 100 907819 52564141 1259991 844322
0b005701 0b003601 10000 100 511 53610363 287104 83647
0b007f01 0b007901 10001 100 353 53920644 40736 41920
0b001201 0b006601 10000 100 1571025 52346655 1653353 1400384
0b005801 0b004401 10000 100 6313 53950950 93395 88519
0b003c01 0b003401 10000 100 1715 54057855 42382 43048
0b001d01 0b002501 10000 100 1494 54053478 84503 84472
0b000a01 0b001a01 10001 100 294 54106956 81284 83473
0b001f01 0b001401 10000 100 892 54174135 41600 42352
0b007501 0b003401 10000 100 520 54073113 153987 83654
0b001f01 0b002901 10000 100 1060 54200887 99078 84124
0b003901 0b000601 10000 100 293 54220757 81992 83472
0b003701 0b007401 10000 100 665 54218487 103453 83770
0b000201 0b002401 10000 100 7655 54256870 89182 89631
0b007d01 0b003f01 10000 100 1019 54302295 91511 84092
0b004801 0b004301 10000 100 897 54380721 41608 42356
0b000501 0b000b01 10000 100 190 54409739 41121 41790
0b003201 0b003a01 10000 100 428 54443984 40856 41980
0b003e01 0b004f01 10000 100 810213 52699416 1836496 762512
0b002f01 0b001e01 10000 100 918 54673627 83981 83972
0b007901 0b002101 10000 100 3084 54737089 85562 85820
0b006f01 0b001901 10001 100 177 54856438 81619 83380
0b005401 0b007e01 10000 100 304 54880580 88721 83481
0b001901 0b005d01 10000 100 1960 54873266 100459 84844
0b004201 0b001901 10000 100 96460 54906621 166599 164092
0b000101 0b001301 10000 100 904671 53554322 1636832 841688
0b003801 0b003901 10000 100 654 55159158 41218 42161
0b006101 0b001d01 10000 100 698 55047524 245441 83796
0b003601 0b000e01 10000 100 10254 55273319 91375 91825
0b003001 0b004e01 10000 100 7751570 47588802 7899704 6582132
0b003b01 0b005b01 10000 100 85319 55398977 154229 154757
0b000601 0b006f01 10000 100 972 55516905 84248 84016
0b000b01 0b004301 10000 100 2235 55566242 84608 85103
0b004801 0b002401 10001 100 106 55615598 81513 83323
0b001f01 0b004601 10000 100 410 55616308 81656 83566
0b002501 0b004501 10000 100 146 55624849 80812 83355
0b000401 0b007f01 10000 100 3095 55620468 96091 85829
0b005501 0b002f01 10000 100 567 55761976 88326 83692
0b000901 0b000f01 10001 100 147 55831641 40408 41756
0b000701 0b001001 10000 100 8817 55801349 90102 90599
0b007801 0b002801 10000 100 554 55898997 130242 83681
0b002d01 0b003901 10000 100 506 55910706 126121 83643
0b004001 0b001a01 10000 100 947 55859465 230716 83996
0b003801 0b006301 10000 100 101 56139281 81803 83319
0b000d01 0b000f01 10000 100 4962 56215045 48598 45761
0b003001 0b004401 10000 100 423 56157193 128597 83576
0b007501 0b001801 10000 100 741 56263249 90544 83831
0b001d01 0b000e01 10000 100 437 56302949 82375 83588
0b002c01 0b007801 10000 100 400 56307429 82463 83558
0b001701 0b002601 10000 100 5797 56328419 87572 88068
0b007001 0b004601 10000 100 719533 54203010 2243757 686474
0b003701 0b005e01 10000 100 369 56384382 88584 83533
0b005701 0b006601 10000 100 353 56371383 163399 83520
0b005c01 0b005501 10000 100 360 56587445 41149 41926
0b006f01 0b000101 10000 100 662 56592177 83100 83768
0b006201 0b001c01 10000 100 637406 55383335 1351040 617624
0b004501 0b004001 10000 100 1344 56720936 42448 42752
0b004f01 0b002701 10000 100 7588200 50167083 6614738 6445177
0b003201 0b004401 10000 100 475 56846117 238794 83618
0b004401 0b001f01 10000 100 425 57049773 82358 83578
0b000701 0b001601 10000 100 2049 57060793 84683 84954
0b002101 0b007201 10000 100 206 57077884 129059 83403
0b002d01 0b007901 10000 100 330640 56497905 767278 360422
0b001d01 0b003401 10000 100 612 57338104 129516 83728
0b007101 0b001c01 10000 100 1346 57383798 84774 84353
0b003201 0b003e01 10000 100 345 57541876 40724 41914
0b006101 0b003401 10000 100 2475 57427588 176002 85295
0b000d01 0b006101 10000 100 1743711 54350546 3303061 1545138
0b007a01 0b003601 10000 100 946 57570109 84805 83995
0b003001 0b005601 10000 100 1129 57601282 84315 84180
0b003301 0b007601 10000 100 96071 57551023 193993 163781
0b002e01 0b005401 10000 100 448 57669518 82465 83596
0b006601 0b006c01 10000 100 7066 57752765 46891 47560
0b003c01 0b004d01 10001 100 890 57866447 83192 83950
0b006201 0b007501 10000 100 758 57874607 83416 83844
0b005801 0b006a01 10000 100 45825 57830038 225927 121626
0b005801 0b004e01 10000 100 2402 57975669 158583 85236
0b007701 0b002e01 10000 100 443 58132828 81868 83592
0b005f01 0b006101 10000 100 293 58107028 130340 83472
0b007a01 0b003e01 10000 100 375 58221485 82121 83538
0b006801 0b001c01 10000 100 346 58230120 81795 83515
0b003201 0b001501 10000 100 17903 58237191 97808 98213
0b003c01 0b000c01 10000 100 588 58261578 82224 83708
0b006701 0b004a01 10000 100 750 58376351 82744 83838
0b004701 0b001201 10000 100 1371474 56501457 1958369 1233064
0b003f01 0b001c01 10000 100 807 58228428 238008 83884
0b006201 0b001301 10000 100 7919 58379439 91893 89842
0b005701 0b000201 10000 100 8277 58450656 91608 90167
0b005101 0b002701 10000 100 51555 58502915 125926 126440
0b002f01 0b001301 10000 100 860 58563899 83669 83926
0b006e01 0b001801 10000 100 259051 57928838 828482 300424
0b006f01 0b000501 10000 100 575 58722893 82379 83698
0b003901 0b005001 10000 100 147 58712383 93648 83356
0b007c01 0b004801 10000 100 26888 58872298 136639 105747
0b007301 0b007f01 10000 100 90448 58901925 116750 117452
0b003201 0b001d01 10000 100 1059 59039406 84303 84124
0b001301 0b006801 10000 100 773918 57384734 1738998 732056
0b007501 0b001c01 10000 100 790 58964305 179610 83870
0b001401 0b003e01 10000 100 3620 59092281 86935 86249
0b006101 0b004f01 10000 100 704 59001506 188317 83801
0b006601 0b007901 10000 100 650 59117024 82429 83758
0b002a01 0b005501 10000 100 4988 59207069 89534 87382
0b006001 0b006901 10000 100 1567 59305824 49642 42930
0b004b01 0b004f01 10000 100 462 59360154 40912 42008
0b004801 0b003501 10000 100 476 59185975 223606 83619
0b007d01 0b006101 10000 100 605 59401075 93685 83722
0b005f01 0b007c01 10000 100 1853 59429089 84264 84759
0b002c01 0b005701 10000 100 6220 59432291 93408 88444
0b002b01 0b007701 10001 100 1245 59452963 83868 84272
0b007f01 0b001701 10000 100 857 59482345 83088 83924
0b003201 0b003c01 10000 100 515 59525400 40996 42050
0b003e01 0b004901 10000 100 158 59599295 80848 83364
0b003401 0b004901 10000 100 187 59633765 80944 83388
0b006901 0b006301 10000 100 1751 59672921 59083 43077
0b001d01 0b001501 10000 100 178 59777984 41496 41780
0b003901 0b005901 10000 100 535 59768629 82901 83666
0b000901 0b000501 10000 100 277 59817815 41937 41860
0b001901 0b005801 10000 100 47114 59828889 124530 122734
0b000d01 0b005e01 10000 100 749 59830298 125174 83837
0b000601 0b005201 10000 100 787 59876080 83205 83868
0b007301 0b006101 10000 100 799 59766281 245047 83877
0b000801 0b005901 10000 100 2841079 57450088 2596978 2465196
0b004101 0b005e01 10000 100 671 59727486 322519 83775
0b002201 0b001b01 10000 100 47121 59942227 185930 122740
0b003001 0b001d01 10000 100 9200 60044186 97524 90944
0b006201 0b006701 10000 100 736 60180887 41350 42227
0b005701 0b007401 10000 100 378 60132153 133592 83540
0b005301 0b000201 10000 100 232 60242209 81312 83424
0b002001 0b000c01 10001 100 1163094 59236129 1152718 1058372
0b004b01 0b005b01 10000 100 409 60247620 199032 83565
0b004401 0b006801 10000 100 328 60372985 82562 83500
0b000101 0b006d01 10000 100 1283 60379136 84936 84303
0b002b01 0b006101 10000 100 1484979 57742932 2759984 1328207
0b004e01 0b001c01 10000 100 929 60422418 83330 83981
0b002a01 0b002801 10000 100 1401710 59356112 1279083 1216804
0b004001 0b005501 10000 100 65250 60493815 145794 137934
0b004001 0b000101 10000 100 1540 60570639 84863 84508
0b002601 0b000101 10000 100 2843 60577543 90697 85589
0b004301 0b001101 10000 100 630 60665848 83057 83742
0b003201 0b003601 10000 100 1429 60766237 42153 42820
0b004a01 0b006501 10000 100 594 60719819 102525 83713
0b004001 0b006201 10000 100 1019 60974011 87047 84092
0b002a01 0b003b01 10000 100 1361 61063839 193732 84365
0b006701 0b003c01 10000 100 883 61252183 83168 83944
0b003701 0b007001 10000 100 1552 61252988 84516 84518
0b000f01 0b005301 10000 100 98038 61185420 169897 165432
0b000801 0b007401 10000 100 91089 61132464 335609 159604
0b002301 0b007701 10001 100 797 61392298 82896 83876
0b005901 0b000201 10000 100 270 61538471 81780 83454
0b001101 0b003901 10000 100 1324 61563571 83841 84336
0b006a01 0b006301 10000 100 80052 61563746 111319 108752
0b004e01 0b005001 10000 100 337 61624769 152273 83508
0b007201 0b001e01 10000 100 3951 61756565 117606 86514
0b000a01 0b004701 10000 100 16509 61751658 122581 97060
0b005f01 0b001201 10000 100 258 61857162 81168 83444
0b001001 0b006f01 10000 100 21989 61904455 101133 101636
0b003201 0b004101 10000 100 889743 60428320 1627047 829170
0b006401 0b003a01 10000 100 1265885 59611092 2515097 1144522
0b004701 0b005901 10000 100 310965 61286707 888763 343914
0b006301 0b003e01 10000 100 1869 62118145 84277 84772
0b004801 0b004f01 10000 100 564 62171630 41550 42089
0b001e01 0b001701 10000 100 1707 62172680 42376 43042
0b003d01 0b001d01 10000 100 8832380 53650123 8565543 7488291
0b001801 0b004901 10000 100 222 61921672 315874 83416
0b004a01 0b005901 10000 100 1449 62172706 84063 84436
0b002e01 0b006401 10000 100 1753 62173797 84184 84679
0b007801 0b005c01 10000 100 486 62193849 82611 83627
0b001301 0b004001 10000 100 327 62007721 318515 83500
0b003901 0b002801 10000 100 542 62325028 82080 83672
0b003101 0b002801 10000 100 926 62513653 83425 83979
0b001901 0b006e01 10000 100 177 62629227 85414 83380
0b003901 0b003501 10000 100 1071 62751784 41867 42533
0b003201 0b006b01 10000 100 325 62753655 81831 83498
0b005201 0b004d01 10000 100 1305 62772855 83884 84320
0b002601 0b000601 10000 100 1557 62824686 84836 84522
0b003101 0b004301 10000 100 794 63004226 82884 83873
0b005a01 0b005201 10000 100 458 63055372 40904 42004
0b007601 0b005201 10000 100 63447 62966961 137912 136415
0b000801 0b007701 10000 100 911 62899092 212921 83967
0b001d01 0b004e01 10000 100 709 63034350 97473 83805
0b003301 0b001701 10000 100 3543 63120859 85788 86188
0b002201 0b000601 10000 100 425 63332271 108157 83578
0b003c01 0b003901 10000 100 587 63424913 41112 42108
0b007d01 0b003a01 10000 100 108 63404648 80912 83324
0b003a01 0b006601 10001 100 1068 63640154 84160 84131
0b005601 0b001501 10001 100 517 63669894 98485 83652
0b006101 0b001b01 10000 100 1183 63687205 84129 84223
0b002301 0b004301 10000 100 727 63694828 97233 83820
0b003a01 0b005f01 10000 100 4169 63716125 86369 86727
0b007501 0b001601 10000 100 858 63686204 316511 83924
0b006001 0b007801 10001 100 6419 64097620 88899 88604
0b005901 0b001401 10000 100 40040 63912976 287250 116806
0b003601 0b006201 10000 100 1311 64199888 83831 84325
0b006601 0b007f01 10000 100 1380795 63079038 1239916 1240866
0b004801 0b001201 10000 100 6052 64259710 91883 88310
0b003101 0b005901 10000 100 59847 64303772 137887 133381
0b000601 0b007101 10000 100 2751 64456298 85804 85516
0b002901 0b001a01 10000 100 1866 64478866 86985 84769
0b003801 0b001401 10000 100 2857 64631176 86754 85600
0b000c01 0b001801 10000 100 1232904 62475575 2347784 1116870
0b000e01 0b005601 10001 100 148 64824106 81064 83356
0b006c01 0b000501 10000 100 516 64849752 82595 83651
0b003701 0b002001 10000 100 971 64906825 85043 84015
0b005101 0b007d01 10000 100 902 64964398 83652 83960
0b002701 0b005301 10000 100 750338 63737981 1393909 712308
0b002f01 0b007901 10000 100 171 65051923 80892 83375
0b007601 0b006d01 10000 100 1035 65167962 83610 84104
0b002a01 0b001301 10000 100 330 65005586 253211 83502
0b005101 0b003801 10000 100 1119 65185794 84492 84172
0b005b01 0b000b01 10000 100 187 65086022 198944 83388
0b001c01 0b006201 10000 100 340 65282299 81432 83510
0b007201 0b006701 10000 100 176 65328262 114783 83379
0b007901 0b002a01 10000 100 1033 65365469 83608 84103
0b000a01 0b001e01 10000 100 233 65330565 127336 83424
0b003c01 0b003701 10000 100 413 65420181 40832 41968
0b005301 0b007201 10000 100 752956 63343407 2136430 714480
0b000f01 0b000801 10000 100 9648 65435049 168142 49702
0b006301 0b007401 10000 100 221 65493225 138487 83415
0b006001 0b004001 10000 100 632 65561333 83868 83744
0b006601 0b002601 10000 100 529 65585556 82251 83661
0b004901 0b003701 10000 100 1476 65617156 86507 84457
0b000401 0b001c01 10000 100 368 65649328 136231 83532
0b001601 0b006201 10000 100 448 65720887 81776 83596
0b004701 0b004301 10000 100 6598 65770908 46478 47147
0b003301 0b005501 10000 100 159863 65608061 223828 217234
0b002601 0b006001 10000 100 1891 65838557 85133 84789
0b007a01 0b006101 10000 100 34547 65825678 168567 112181
0b000e01 0b004101 10000 100 1728 66117482 86201 84659
0b003001 0b003801 10000 100 800 66178290 41452 42278
0b006f01 0b007401 10000 100 57208 66024092 208618 131193
0b007701 0b003f01 10000 100 70739 66046243 275415 142517
0b003d01 0b000301 10000 100 223 66262173 101292 83416
0b001e01 0b006001 10000 100 1770740 64101599 2312036 1567798
0b000f01 0b005001 10000 100 68140 66232911 218255 140361
0b007e01 0b007901 10000 100 405 66452497 41508 41962
0b007901 0b006601 10000 100 502 66423068 81952 83640
0b002601 0b002201 10000 100 2282 66537404 44388 43540
0b003301 0b000a01 10000 100 1665 66583446 86049 84608
0b003301 0b007901 10000 100 101 66607016 80668 83319
0b002701 0b001b01 10000 100 69221 66564550 161575 141264
0b005601 0b001501 10000 100 8559087 59485404 7307349 7259173
0b007301 0b002001 10000 100 606 66744047 82284 83723
0b000201 0b002c01 10000 100 610 66792013 218551 83726
0b001901 0b001001 10000 100 1461 67000945 42981 42845
0b004a01 0b002201 10001 100 1224011 65925148 1155650 1109448
0b005901 0b004f01 10000 100 1006 67114927 84638 84081
0b002a01 0b006701 10000 100 2571 67117192 84925 85372
0b000801 0b007601 10000 100 130 67168736 81012 83342
0b000301 0b007d01 10000 100 165 67223847 83671 83370
0b004501 0b002901 10000 100 614 67274578 86368 83729
0b000b01 0b005c01 10000 100 229 67271348 97283 83421
0b004801 0b003101 10000 100 1082 67293375 84332 84142
0b003b01 0b007801 10000 100 1173 67308705 90341 84215
0b004401 0b002f01 10000 100 171 67419292 89416 83375
0b006501 0b006101 10000 100 2037455 63852269 3703431 1749823
0b003601 0b000901 10000 100 974 67449523 123426 84017
0b005901 0b007201 10000 100 5381 67481310 121144 87735
0b002a01 0b006a01 10000 100 1763 67652328 84192 84687
0b006901 0b003501 10000 100 421 67666626 85834 83575
0b006b01 0b003c01 10000 100 337 67678759 118605 83508
0b002701 0b000301 10001 100 1707 67916035 84148 84642
0b006801 0b000d01 10000 100 1005 67920197 83592 84080
0b004601 0b002d01 10000 100 253 67928653 125373 83440
0b005401 0b001001 10000 100 1288 68033356 83812 84307
0b004c01 0b002f01 10000 100 679 68007196 144086 83781
0b003b01 0b003601 10000 100 129 68135328 40378 41741
0b001901 0b000801 10000 100 1172914 64796721 3379303 1066574
0b003601 0b007c01 10000 100 1661 68240098 106438 84605
0b004201 0b007301 10000 100 747455 67624085 731907 709887
0b004a01 0b004001 10000 100 4621 68324645 45026 45488
0b007c01 0b002b01 10000 100 7680 68306631 89661 89651
0b007501 0b003801 10000 100 804 68275329 136095 83881
0b005401 0b007601 10000 100 715 68493604 82632 83810
0b007c01 0b006a01 10000 100 142 68528270 81836 83352
0b003501 0b000b01 10000 100 324 68607475 81380 83497
0b000701 0b002101 10000 100 12204375 58339206 10472128 10315372
0b006d01 0b004401 10000 100 190 68781147 87288 83390
0b000301 0b007201 10000 100 4342 68803289 170919 86865
0b004601 0b006901 10000 100 505 68719162 343631 83642
0b005401 0b006001 10000 100 4352 69028212 86378 86873
0b007501 0b004101 10000 100 304 69039411 83552 83481
0b006901 0b004401 10000 100 644 69069231 83883 83753
0b005601 0b004a01 10000 100 882 69066881 143052 83944
0b007501 0b007401 10000 100 55670814 6983543 62303668 46716017
0b000901 0b007101 10000 100 176 69241097 81677 83379
0b001801 0b002f01 10000 100 277 69248621 83578 83460
0b001101 0b001301 10000 100 443 69294702 41054 41992
0b007d01 0b007501 10000 100 272 69361158 40608 41856
0b002701 0b004d01 10000 100 445 69321621 87890 83594
0b007401 0b000901 10000 100 324312 68439209 1041420 355129
0b000701 0b001d01 10000 100 6970 69589704 94356 89044
0b004e01 0b002b01 10000 100 164 69605809 96618 83369
0b007f01 0b002201 10000 100 436 69574158 199271 83587
0b000101 0b001e01 10000 100 138 69704099 88376 83348
0b006f01 0b006001 10000 100 485 69847580 40948 42026
0b003f01 0b004501 10000 100 13798583 48562294 21425077 11651948
0b001501 0b007b01 10000 100 178 69975776 100093 83380
0b000901 0b004801 10000 100 1098 69996376 99049 84155
0b001701 0b005f01 10000 100 1010 70023292 84315 84084
0b005201 0b001f01 10000 100 536 70029672 82106 83667
0b006f01 0b001801 10000 100 49017 70037295 123923 124333
0b007c01 0b002701 10000 100 1573 70102595 84627 84535
0b002901 0b004801 10000 100 489 70154527 82859 83629
0b004b01 0b006b01 10000 100 150 70220857 82322 83358
0b005701 0b005b01 10000 100 526 70286295 41014 42059
0b005d01 0b000301 10000 100 92803 70049866 360613 161013
0b003501 0b002d01 10000 100 942 70521338 84175 83992
0b005101 0b007101 10000 100 263 70614862 106582 83448
0b005f01 0b000001 10000 100 558 70685168 82161 83684
0b000701 0b004801 10000 100 5860 70647102 148747 88118
0b001601 0b006601 10001 100 261 70721040 82363 83447
0b005d01 0b006501 10000 100 63137 70677914 188014 136167
0b002c01 0b007801 10001 100 250 70819047 81144 83438
0b003b01 0b002a01 10000 100 3011 70961292 85316 85762
0b003c01 0b000901 10000 100 1026 71070945 92306 84097
0b004b01 0b003d01 10000 100 1037 70858837 314814 84106
0b003a01 0b006801 10000 100 225 71156970 81064 83418
0b003e01 0b000201 10000 100 779 71183201 83396 83861
0b005201 0b004d01 10001 100 5395 71240516 91524 87746
0b001301 0b002401 10000 100 749 71260035 82740 83837
0b007c01 0b001201 10000 100 1031 71282508 84469 84101
0b002c01 0b005001 10000 100 1152 71323303 84239 84198
0b003b01 0b006d01 10000 100 27799 71411458 107788 106514
0b003201 0b006401 10000 100 686 71437642 83280 83787
0b002501 0b004a01 10000 100 104 71526124 81506 83321
0b004501 0b001301 10000 100 641 71532888 82557 83751
0b005501 0b006601 10000 100 1499 71554303 84788 84476
0b004801 0b006b01 10000 100 370 71567669 82902 83534
0b004701 0b001101 10000 100 426 71665331 81708 83579
0b000e01 0b007e01 10000 100 743 71715085 92080 83832
0b002601 0b001701 10000 100 300 71727364 82200 83478
0b002a01 0b001f01 10000 100 1905 71806335 85451 84800
0b001701 0b002401 10000 100 953 71820788 83392 84000
0b005201 0b000401 10000 100 3201 71744840 317324 85914
0b007201 0b006f01 10000 100 506 71881529 195479 83643
0b003b01 0b005201 10000 100 153 71837239 293144 83360
0b003901 0b003601 10000 100 1007 72251494 41820 42482
0b005401 0b005901 10001 100 177 72394579 40456 41780
0b003201 0b006301 10000 100 502 72437304 83400 83640
0b001e01 0b004101 10000 100 254 72320781 257497 83441
0b001f01 0b003201 10000 100 8547689 65388004 7248835 7249594
0b000c01 0b000d01 10000 100 141 72611839 40898 41751
0b003401 0b002801 10000 100 1340 72576761 85363 84348
0b002f01 0b005501 10000 100 991 72581544 84717 84031
0b004001 0b006201 10001 100 4576 72585011 86557 87052
0b004001 0b003201 10000 100 706 72409327 291062 83803
0b000801 0b001401 10000 100 7246 72626943 91252 89304
0b006601 0b006701 10000 100 62447 72696294 93286 93976
0b003701 0b002f01 10000 100 665 72760986 82840 83770
0b000001 0b005d01 10000 100 8499 72822383 91045 90344
0b006f01 0b007701 10000 100 63011 72631330 335744 136066
0b006d01 0b007b01 10000 100 13308 72828252 159488 94384
0b005a01 0b003e01 10000 100 494 73067943 136074 83633
0b002401 0b004401 10000 100 685 73176016 253238 83786
0b004801 0b003301 10000 100 2936 73195511 271150 85664
0b002701 0b005f01 10001 100 829 73435612 83795 83901
0b005601 0b005801 10000 100 1004 73482474 42073 42480
0b005001 0b003001 10000 100 4182048 67308809 6274081 3589465
0b001601 0b004e01 10000 100 887 73601395 83924 83948
0b002601 0b000701 10000 100 768 73746895 83135 83852
0b007901 0b001001 10000 100 972 73728668 118744 84016
0b000601 0b000001 10000 100 166 73807156 40438 41771
0b000b01 0b003401 10000 100 437 73569018 294959 83588
0b004b01 0b004101 10000 100 1419 73944800 44221 42812
0b004e01 0b000a01 10000 100 117 74008820 82171 83332
0b003201 0b003b01 10000 100 1146 74096321 41927 42593
0b004901 0b004601 10000 100 1059 74147042 42143 42524
0b007401 0b003701 10000 100 3084 74105156 87309 85820
0b002c01 0b006001 10000 100 730 74167683 82680 83822
0b003301 0b001b01 10000 100 2171138 72375402 1988045 1903515
0b005901 0b005601 10000 100 5387 74394742 50894 46140
0b004b01 0b001901 10000 100 8513 74387291 93710 90356
0b006601 0b003e01 10000 100 254 74408432 81945 83441
0b000b01 0b004701 10000 100 2597 74423346 84898 85392
0b000701 0b005e01 10000 100 633 74493820 83239 83744
0b004001 0b005b01 10000 100 515 74379847 250276 83650
0b000701 0b006a01 10000 100 181 74559001 81355 83383
0b002201 0b002801 10000 100 174 74821825 41491 41777
0b002901 0b004201 10000 100 328 74831092 82137 83500
0b003a01 0b003701 10000 100 793 74976107 41440 42272
0b005d01 0b002701 10001 100 450 74955663 81784 83598
0b006f01 0b002201 10000 100 181 74960596 82181 83383
0b007601 0b005101 10000 100 1542818 72982749 2192879 1376705
0b004001 0b000501 10000 100 9819 75101588 107008 91439
0b007601 0b003b01 10000 100 554 75160340 82163 83681
0b005101 0b005401 10000 100 298 75134988 114464 41876
0b005501 0b003301 10000 100 105549 75019457 231509 171709
0b005001 0b006901 10000 100 962790 73763175 1557531 890411
0b000301 0b002201 10000 100 7044 75259316 94743 89142
0b007101 0b006401 10000 100 1768 75272212 85274 84691
0b006801 0b001f01 10000 100 186 75558714 80940 83387
0b005501 0b000701 10000 100 800 75556134 83739 83878
0b006e01 0b001c01 10000 100 718469 74378509 1285922 685584
0b005601 0b003a01 10000 100 131 75376634 310861 83343
0b007301 0b006101 10001 100 186 75637907 82389 83387
0b003701 0b002d01 10000 100 423 75742119 81967 83576
0b007d01 0b001c01 10000 100 288 75746682 84818 83468
0b001801 0b003101 10000 100 283587 75114846 781942 320975
0b007601 0b003701 10000 100 2962 75708751 216415 85684
0b006101 0b003001 10000 100 4079 75889592 87208 86655
0b002001 0b003a01 10000 100 105 75953595 80680 83322
0b007901 0b007d01 10000 100 1125646 74678554 1413265 985355
0b004601 0b007d01 10000 100 6306 76015787 117361 88513
0b000d01 0b006101 10001 100 545 76092017 82843 83674
0b000a01 0b003f01 10000 100 638 76071677 115593 83748
0b005301 0b000001 10000 100 1139 76189509 117576 84188
0b000d01 0b003c01 10000 100 127 76314650 119104 83340
0b002a01 0b003901 10000 100 443 76419808 81760 83592
0b001401 0b004701 10001 100 1662 76431362 84112 84606
0b005e01 0b005101 10000 100 1268959 73661659 2866630 1105496
0b003e01 0b002501 10000 100 417 76420513 118291 83572
0b006901 0b007e01 10000 100 608 76445472 135114 83724
0b001801 0b004001 10000 100 393 76517936 81600 83552
0b000a01 0b001701 10000 100 603 76530979 82538 83720
0b000a01 0b007501 10000 100 807 76527497 121474 83884
0b006801 0b005101 10000 100 97151 76394894 268456 164684
0b002601 0b000f01 10000 100 69013 76427870 235857 141098
0b002001 0b000301 10000 100 1514 76616499 84711 84488
0b001f01 0b005e01 10000 100 342 76623066 82137 83512
0b004f01 0b003601 10000 100 1027 76621427 83993 84098
0b006f01 0b003001 10000 100 1395 76647669 83898 84392
0b000801 0b001b01 10000 100 526 76662655 82613 83659
0b003101 0b002f01 10000 100 2845 76668324 85868 85591
0b002d01 0b001b01 10000 100 1577853 74110819 2815545 1406077
0b000701 0b004b01 10000 100 103 76932608 80902 83320
0b003401 0b007101 10000 100 4604 76996818 114482 87075
0b006201 0b007b01 10000 100 486 76965764 175292 83627
0b000101 0b001501 10000 100 946 77092587 84029 83995
0b001901 0b001a01 10000 100 13751 77187628 73621 53138
0b006601 0b005801 10000 100 619 77182987 82424 83733
0b004f01 0b005101 10000 100 1796 77217202 89476 84713
0b001e01 0b003f01 10001 100 934 77264558 84025 83985
0b002601 0b000d01 10000 100 890985 75517624 1837585 830202
0b000f01 0b004301 10000 100 6433 77324570 88214 88615
0b005101 0b001a01 10001 100 668 77333220 104565 83772
0b005901 0b003701 10000 100 1277 77358202 105902 84298
0b003701 0b004401 10000 100 561 77419611 83037 83687
0b007901 0b003201 10000 100 1112774 75257900 2356981 1016158
0b001901 0b005901 10000 100 8326 77603389 90350 90206
0b000801 0b007801 10000 100 527 77762321 82523 83660
0b003e01 0b003b01 10000 100 1572 77858740 42268 42934
0b005801 0b002d01 10000 100 963 77925033 90233 84008
0b000b01 0b007001 10000 100 274 77765431 259492 83457
0b007701 0b005c01 10000 100 382 77945979 81568 83544
0b006a01 0b006001 10000 100 3611 78025958 46646 44642
0b001301 0b004701 10000 100 1373 77993386 83880 84375
0b002901 0b002b01 10000 100 113018 78013266 135680 136392
0b006b01 0b007a01 10000 100 1579 78187470 85057 84540
0b001501 0b002401 10000 100 31765 78135100 144982 109840
0b006601 0b007901 10001 100 379 78236773 81585 83541
0b002801 0b007601 10000 100 259 78239688 81982 83445
0b002401 0b004301 10000 100 3231 78169356 238353 85938
0b007001 0b004001 10000 100 63519 78280626 138279 136472
0b007c01 0b000701 10000 100 380461 78028966 419603 402199
0b002a01 0b007c01 10000 100 3058 78558910 86142 85800
0b001b01 0b002701 10000 100 148 78409210 241031 83356
0b004701 0b003e01 10000 100 332634 78358475 371427 362094
0b006f01 0b004601 10000 100 59340 78525509 230722 132976
0b001301 0b001201 10000 100 352 78794227 41385 41920
0b007501 0b003801 10001 100 1644 78760529 84097 84592
0b005a01 0b004e01 10000 100 1202 78806163 90980 84238
0b006c01 0b005401 10000 100 982 78851817 83687 84024
0b005901 0b000301 10000 100 1420 78837610 138948 84412
0b007e01 0b006c01 10000 100 109 78923976 130595 83325
0b007e01 0b000f01 10000 100 5317 78705932 363068 87684
0b002701 0b002e01 10000 100 98140 78984521 123208 123913
0b005901 0b003101 10000 100 21399 78874822 296509 101164
0b007601 0b007b01 10000 100 881 79099851 138229 42343
0b006001 0b002401 10000 100 399 79293068 81620 83557
0b002e01 0b002201 10000 100 506 79339090 41623 42043
0b001f01 0b001001 10000 100 5694 79347091 45717 46385
0b007c01 0b007e01 10000 100 1595 79393397 42437 42952
0b004901 0b004e01 10001 100 871 79406192 43131 42335
0b003e01 0b003b01 10001 100 174 79460817 41189 41777
0b003601 0b002b01 10000 100 70096 79420328 145918 142003
0b000401 0b006a01 10000 100 235 79517164 85485 83426
0b000f01 0b006401 10000 100 647772 79119582 625548 626300
0b005801 0b001301 10000 100 924 79703277 84862 83977
0b007d01 0b004801 10000 100 1156 79585882 283066 84201
0b006201 0b003101 10001 100 293 79822060 81280 83472
0b007d01 0b004b01 10000 100 150 79865662 83053 83358
0b000301 0b005701 10000 100 1398 79945632 88484 84395
0b004901 0b005001 10000 100 251 79978465 131369 83439
0b005801 0b004801 10000 100 29163349 55387227 24778690 24533776
0b002701 0b002601 10000 100 437 80182727 87418 41988
0b003401 0b005a01 10000 100 809 80190036 108246 83885
0b002601 0b000d01 10001 100 451 80362787 182286 83599
0b004401 0b006501 10000 100 8923 80458788 96953 90684
0b003301 0b003d01 10000 100 912 80521428 41632 42368
0b005501 0b004b01 10000 100 6322 80498606 122200 88526
0b001301 0b007901 10000 100 294 80574592 81612 83473
0b006201 0b006e01 10000 100 867 80683022 42331 42332
0b000601 0b004d01 10000 100 780 80579192 230240 83862
0b005b01 0b001b01 10000 100 187857 80619668 272060 240704
0b000801 0b005801 10000 100 2985 80880260 85484 85703
0b002201 0b003201 10000 100 404 80925930 81755 83561
0b003301 0b005b01 10000 100 652 80953196 83148 83760
0b003a01 0b004901 10000 100 827 80983919 83717 83900
0b000901 0b002001 10000 100 1036 80874655 228845 84105
0b001f01 0b005f01 10000 100 749 81046808 144065 83837
0b005a01 0b004701 10000 100 648 81142366 100210 83756
0b000f01 0b007701 10000 100 516 81150032 109404 83651
0b000401 0b000c01 10000 100 2959 81262321 46640 44082
0b007501 0b007c01 10000 100 222 81293337 40528 41816
0b004001 0b005901 10000 100 720 81366129 105267 83814
0b003f01 0b001701 10000 100 4347 81415514 87260 86869
0b001601 0b000501 10000 100 9707 81550949 109927 91349
0b002001 0b007e01 10000 100 2411 81646507 84956 85244
0b001901 0b004401 10000 100 100 81700060 81247 83318
0b001201 0b001701 10000 100 56111 81708057 89669 88677
0b005901 0b007b01 10000 100 438 81692324 133118 83588
0b007701 0b003901 10000 100 2703 81813759 84982 85477
0b006101 0b002301 10000 100 799 81817465 84309 83877
0b005b01 0b003801 10000 100 118 81916228 80720 83332
0b001701 0b004c01 10000 100 251 81921697 81589 83439
0b006c01 0b000d01 10000 100 1597 81792189 244659 84554
0b006501 0b000001 10000 100 110 82000854 81216 83326
0b002a01 0b002501 10000 100 508 82141865 40984 42044
0b006b01 0b007201 10000 100 285 82077924 109787 83466
0b005a01 0b000001 10000 100 403 82283698 92820 83560
0b001501 0b005301 10000 100 1345 82309817 92183 84352
0b007601 0b006301 10000 100 1080 82397636 86374 84140
0b007401 0b000801 10000 100 625 82403712 89400 83738
0b000701 0b007e01 10000 100 2154 82322099 264542 85038
0b004b01 0b001001 10000 100 841 82792463 83053 83911
0b004b01 0b004e01 10000 100 1506 82865098 43932 42881
0b000d01 0b007501 10000 100 904 82780551 143573 83961
0b004001 0b005001 10000 100 133 82833909 91812 83344
0b004c01 0b002f01 10001 100 861 82956600 83349 83927
0b006501 0b002201 10000 100 1762241 81485977 1645117 1560692
0b005401 0b006d01 10000 100 412 83065237 82375 83568
0b005f01 0b003801 10000 100 7924 83203927 89349 89846
0b001601 0b005b01 10000 100 1356060 82068600 1257280 1220156
0b007901 0b001c01 10001 100 1105 83306210 83666 84160
0b007a01 0b003601 10001 100 1999 83318358 87195 84876
0b003001 0b005901 10000 100 295 83313061 102537 83474
0b003001 0b002301 10000 100 994 83335758 84608 84033
0b006801 0b006001 10000 100 434 83506044 40866 41985
0b007601 0b003501 10000 100 126 83468743 80878 83339
0b000401 0b004e01 10000 100 872 83261447 319828 83936
0b003c01 0b000701 10000 100 404 83372329 226316 83561
0b006901 0b004e01 10000 100 1702 83585727 90555 84638
0b000601 0b001401 10000 100 567628 82037952 1749937 559113
0b000701 0b006901 10001 100 3978 83827523 88271 86536
0b007301 0b002001 10001 100 2552 83738182 178549 85356
0b002501 0b003401 10000 100 13457059 63762436 20297695 11365634
0b000001 0b002001 10000 100 99049 83937647 170520 166279
0b007601 0b003601 10000 100 8340986 76087520 8049772 7076283
0b006a01 0b001a01 10000 100 7843737 76735906 7427611 6659399
0b005601 0b003901 10000 100 240 84184902 120036 83430
0b000101 0b000301 10000 100 682 84485502 41799 42184
0b007b01 0b004e01 10000 100 1456 84264263 265395 84441
0b006301 0b004101 10000 100 288 84467088 82863 83468
0b001d01 0b001501 10001 100 510 84603592 40988 42046
0b007d01 0b000401 10000 100 2041 84566267 84687 84948
0b003b01 0b006c01 10000 100 6307 84658337 101546 88514
0b005601 0b006101 10000 100 19233 84846489 160311 99354
0b001901 0b006d01 10000 100 219 84927218 81044 83413
0b000b01 0b002701 10000 100 1321 84960149 83990 84333
0b000f01 0b003e01 10000 100 3100 85024917 130674 85833
0b006a01 0b005f01 10000 100 44280 85097899 157099 120352
0b001c01 0b007901 10000 100 2567 85277853 86427 85368
0b003301 0b001a01 10000 100 522 85305903 82016 83656
0b004801 0b006c01 10000 100 519083 84935756 517732 518434
0b004f01 0b007201 10001 100 83882 85225776 282670 153531
0b006201 0b007301 10000 100 121 85541506 85176 83335
0b006801 0b001601 10000 100 401 85645308 81628 83559
0b004b01 0b006b01 10001 100 1050 85649699 142841 84116
0b004401 0b005201 10000 100 336 85728986 81639 83507
0b001001 0b000901 10000 100 39184 85648899 199511 116083
0b000901 0b005e01 10000 100 1505 86000515 151871 84480
0b004701 0b001801 10000 100 1418 86128391 106938 84411
0b006101 0b007001 10000 100 3082 86179176 86110 85819
0b004801 0b005701 10001 100 107 86172795 97077 83324
0b006c01 0b007c01 10000 100 1685 86267779 84968 84624
0b000001 0b006501 10000 100 359 86282630 82720 83525
0b001f01 0b000401 10000 100 9763 86061518 314741 91394
0b006101 0b005001 10000 100 1750 86230077 206417 84676
0b005101 0b000a01 10000 100 194 86248334 210108 83393
0b005501 0b004401 10000 100 6683 86199373 292975 88815
0b003501 0b001801 10000 100 2073 86517393 85464 84973
0b004001 0b002c01 10000 100 355263 85690694 932288 381080
0b001501 0b002401 10001 100 818440 85805637 824322 769401
0b005401 0b005801 10000 100 2800 86593119 43288 43955
0b007b01 0b000001 10000 100 1062 86509221 208205 84126
0b003e01 0b001601 10001 100 2073 86680749 85518 84973
0b006f01 0b000a01 10000 100 957 86805239 84894 84004
0b006d01 0b007601 10000 100 5733 86855223 87520 88016
0b001401 0b002701 10001 100 76251 86854569 148601 147157
0b001f01 0b006401 10000 100 877 86944778 83152 83940
0b000c01 0b002601 10000 100 35484 86834149 196724 112969
0b000801 0b001a01 10000 100 228 86986795 81779 83420
0b004401 0b000a01 10000 100 1441 86987980 85105 84429
0b007d01 0b005701 10000 100 861 87065082 84145 83927
0b001501 0b006c01 10000 100 787 87185930 83969 83868
0b002201 0b000701 10000 100 254 87192445 88101 83441
0b001801 0b000901 10000 100 31719 87223250 109489 109804
0b002901 0b006d01 10000 100 469 87262421 81844 83613
0b001a01 0b003601 10000 100 1672 87103161 260448 84614
0b003301 0b004101 10000 100 232 87308046 99586 83424
0b006a01 0b004e01 10000 100 386 87158987 257610 83547
0b004d01 0b006d01 10000 100 593 87285189 236803 83712
0b003401 0b004a01 10000 100 1642 87510203 84123 84590
0b006901 0b000801 10000 100 1392 87607869 87256 84390
0b006f01 0b006d01 10000 100 560 87914814 41068 42086
0b000701 0b005e01 10001 100 2410 87939323 148939 85243
0b003e01 0b000101 10000 100 9539 88070491 145630 91215
0b000201 0b005d01 10000 100 365 88084261 132742 83530
0b000c01 0b000601 10000 100 1173 88193640 42124 42615
0b001d01 0b007c01 10000 100 214 88164862 81633 83409
0b007c01 0b000801 10000 100 7316 88261174 91762 89360
0b004e01 0b007101 10000 100 427 88129178 280560 83580
0b005a01 0b003701 10000 100 111 88363249 83482 83327
0b005e01 0b003e01 10000 100 1241 88427848 113206 84269
0b004601 0b005501 10000 100 82700 88267390 290894 152547
0b001301 0b003601 10000 100 161 88486822 80860 83367
0b005e01 0b003001 10000 100 348646 87788064 787743 375518
0b004401 0b007201 10000 100 138 88560114 82536 83348
0b006d01 0b006901 10000 100 496 88606911 42107 42035
0b007c01 0b003701 10000 100 9359 88408135 274973 91071
0b005401 0b005501 10000 100 945037 87896897 940228 833956
0b005a01 0b000301 10000 100 26164 88706887 137990 105168
0b007d01 0b001101 10000 100 413 88950607 82868 83568
0b002e01 0b005e01 10000 100 535 89038027 82899 83666
0b005101 0b006a01 10000 100 9660 89073107 95544 91312
0b005401 0b003401 10000 100 113 89136300 80738 83328
0b001101 0b000f01 10000 100 513 89172779 82159 83648
0b002d01 0b003201 10000 100 529 89281671 82103 83661
0b003c01 0b001201 10000 100 446 89322178 82046 83595
0b005201 0b006001 10000 100 205 89368691 100867 83402
0b001901 0b000e01 10000 100 1003 89495811 85157 84079
0b004901 0b006401 10000 100 647 89596820 83116 83756
0b005901 0b005b01 10000 100 5806 89657128 45807 46475
0b003b01 0b002001 10000 100 843 89745528 83719 83912
0b002d01 0b006b01 10000 100 262 89784573 82864 83448
0b002801 0b003d01 10001 100 122 89885683 81221 83336
0b002d01 0b004901 10000 100 1006 89898358 103816 84081
0b001c01 0b000101 10000 100 339 89960096 139898 83509
0b007f01 0b007a01 10000 100 338 90081524 40712 41908
0b003001 0b007a01 10000 100 231 90344314 82687 83423
0b004c01 0b003d01 10000 100 510 90308981 147587 83646
0b002a01 0b004a01 10000 100 2622 90379522 84966 85412
0b006301 0b005d01 10000 100 290 90470753 81770 83470
0b006e01 0b007001 10000 100 519 90527998 82533 83653
0b001001 0b004201 10000 100 462 90558463 81848 83608
0b002801 0b007601 10001 100 610 90669041 83711 83726
0b007d01 0b007f01 10000 100 535 90723552 41068 42066
0b001d01 0b001a01 10000 100 285 90790559 40628 41866
0b000901 0b007301 10000 100 564 90910848 82148 83689
0b005601 0b005201 10000 100 1064 91040480 41861 42528
0b005b01 0b000d01 10000 100 3185 90845284 245985 85901
0b004401 0b003301 10001 100 2384 91038539 145461 85222
0b001d01 0b000c01 10000 100 886 91134961 83180 83947
0b006901 0b003701 10000 100 4473257 82522379 8699806 3833607
0b003401 0b006f01 10000 100 17448 91147696 97348 97849
0b000001 0b006a01 10000 100 478 91261954 108620 83620
0b003c01 0b000301 10000 100 7405 91278390 104843 89431
0b005c01 0b001101 10000 100 1740 91219955 215639 84668
0b000601 0b005901 10000 100 165 91370278 128352 83370
0b005f01 0b004901 10001 100 272 91763043 83403 83456
0b000001 0b003401 10000 100 198 91832423 80976 83396
0b004701 0b001f01 10000 100 9583 91858267 91136 91250
0b005601 0b003501 10000 100 1391 92052558 83895 84389
0b004601 0b007e01 10000 100 203 92162489 81323 83400
0b003f01 0b003901 10000 100 451 92299981 40894 41999
0b002101 0b005101 10000 100 2281 92461204 85547 85140
0b003c01 0b002a01 10000 100 130 92609507 80760 83342
0b001d01 0b000d01 10000 100 1459 92670596 84252 84444
0b005401 0b006501 10000 100 43219 92634785 186838 119464
0b006901 0b001901 10000 100 396038 92139040 788511 415275
0b005601 0b007b01 10000 100 51975 92839940 197374 126776
0b005301 0b003201 10000 100 81289 92945591 152529 151380
0b001d01 0b005801 10000 100 916 93004263 128574 83971
0b004901 0b002701 10000 100 156672 92966530 386597 214566
0b002601 0b000e01 10000 100 2416847 85714415 7828443 2109490
0b003301 0b007401 10000 100 178 93533730 80912 83380
0b003e01 0b007601 10001 100 1624 93927761 84390 84576
0b005601 0b003a01 10001 100 735 94150370 83120 83826
0b004701 0b004e01 10000 100 1106 94237309 67735 42561
0b002801 0b004b01 10000 100 339 94290728 133628 83509
0b003001 0b001f01 10001 100 355 94486519 82192 83522
0b007901 0b007c01 10001 100 143318 94505294 205474 161784
0b005201 0b004c01 10000 100 260982 94125104 711720 302008
0b000901 0b001e01 10000 100 245479 94559859 374971 289029
0b007701 0b004d01 10000 100 2793 95077295 117339 85549
0b006901 0b006101 10000 100 86946861 11669323 83561398 72937853
0b003a01 0b004201 10000 100 1942 95285884 85017 84830
0b005901 0b001801 10000 100 958 95459661 84597 84004
0b003301 0b000c01 10000 100 886 95510301 83246 83947
0b002a01 0b006201 10000 100 808 95557488 82928 83884
0b007f01 0b006301 10000 100 112 95619229 80955 83328
0b000801 0b003d01 10000 100 1360 96101245 85967 84364
0b004f01 0b001401 10000 100 5290 96200017 87396 87662
0b007901 0b003501 10000 100 2794 96220590 85910 85550
0b007c01 0b001d01 10000 100 375 96052547 283236 83538
0b005001 0b007c01 10000 100 17133528 61679809 34717988 14447968
0b004e01 0b004b01 10001 100 170 96360329 58115 41774
0b002101 0b002f01 10000 100 92973 96577973 118846 119549
0b003a01 0b004401 10000 100 281 96644008 81244 83463
0b005d01 0b005601 10000 100 3877798 93045098 3753284 3292753
0b006e01 0b003001 10000 100 4717 96866141 89807 87165
0b003e01 0b004001 10000 100 20975713 78554056 18421537 17669248
0b000301 0b002e01 10000 100 932 97005898 84062 83984
0b006701 0b004301 10000 100 8457 97085454 89958 90311
0b006301 0b005f01 10000 100 1057 97136419 83962 84122
0b000001 0b002501 10000 100 152 97226214 81195 83360
0b000001 0b003001 10000 100 49905 97134764 185091 125044
0b001401 0b000401 10000 100 4005 97272842 90808 86596
0b000b01 0b000501 10000 100 1271 97320294 57747 42693
0b003a01 0b003c01 10000 100 1242 97726682 42694 42670
0b000901 0b004701 10000 100 148 97774000 82232 83356
0b006e01 0b006601 10000 100 4321 97934558 47644 45248
0b004301 0b000a01 10000 100 7176 98130196 89465 89248
0b001c01 0b002101 10000 100 949 98161282 85643 83997
0b006601 0b000c01 10000 100 601 98363318 83077 83719
0b004401 0b000001 10000 100 9604 98505744 254099 91267
0b004e01 0b000e01 10000 100 6620939 84135408 14660926 5634197
0b006e01 0b000201 10000 100 418 98844789 83224 83572
0b007f01 0b001101 10000 100 245 99153494 81331 83434
0b004f01 0b004b01 10001 100 116 99627693 40358 41731
