0b002601 0b001401 10000 100 1014 1747 83593 84088
0b002401 0b007401 10000 100 277 44141 81232 83460
0b006a01 0b003101 10000 100 848 85024 83056 83916
0b004701 0b000801 10000 100 671 87100 82492 83775
0b003901 0b000201 10000 100 8002 236977 89458 89947
0b003501 0b004001 10000 100 539 376502 82068 83669
0b002701 0b004501 10000 100 1167 384688 83716 84210
0b006701 0b001101 10000 100 137 403827 80784 83348
0b006f01 0b000501 10000 100 505 426420 81960 83642
0b000301 0b007001 10000 100 1345 451576 84435 84352
0b002701 0b007001 10000 100 3122 541928 85356 85851
0b000f01 0b007d01 10000 100 109 601360 80692 83325
0b004d01 0b007301 10000 100 192 719909 80960 83392
0b001f01 0b007801 10000 100 177 849644 80912 83380
0b007d01 0b007601 10000 100 743 989754 41360 42232
0b005001 0b007501 10000 100 790 966512 82872 83870
0b001801 0b003801 10000 100 132 1004798 80768 83344
0b007901 0b001301 10000 100 1079 1097459 83645 84140
0b003e01 0b002301 10000 100 1575 1126815 84042 84536
0b005e01 0b004301 10000 100 753 1165965 82752 83840
0b007e01 0b001701 10000 100 1164610 236877 1058760 1059624
0b005101 0b006301 10000 100 424 1264148 81700 83577
0b007e01 0b004901 10000 100 740 1433159 82712 83830
0b007701 0b002e01 10000 100 7890 1455456 89322 89819
0b001401 0b000901 10000 100 1100 1519308 83681 84156
0b003b01 0b006a01 10000 100 540 1531406 82072 83670
0b007b01 0b003801 10000 100 1525 1598541 84002 84496
0b006d01 0b005701 10000 100 8032 1690204 89474 89971
0b001d01 0b005b01 10000 100 1094982 786077 1001258 1001233
0b003001 0b007701 10000 100 291 1755937 81561 83471
0b004301 0b003501 10000 100 797 1778608 82896 83876
0b001d01 0b005d01 10000 100 1642 1948121 84679 84590
0b003101 0b007101 10000 100 4556 2125934 90017 87036
0b005101 0b003f01 10000 100 561 2233500 82140 83687
0b003001 0b002101 10000 100 1562 2237060 84032 84526
0b007301 0b001601 10000 100 9318 2308845 90540 91038
0b000201 0b007101 10000 100 1230879 1286382 1118022 1115173
0b001801 0b004c01 10000 100 1050 2455134 83622 84116
0b000f01 0b000101 10000 100 976 2681976 41734 42419
0b005a01 0b007101 10000 100 657 2699926 82448 83764
0b003101 0b001701 10000 100 484 2747193 81892 83625
0b005201 0b000401 10000 100 1800 2771774 84945 84716
0b000901 0b001f01 10000 100 9821 3016254 98876 91440
0b002f01 0b006501 10000 100 430 3176645 82079 83582
0b003001 0b000601 10000 100 1080 3246133 83646 84140
0b005201 0b006e01 10000 100 734477 2665713 699734 699005
0b006501 0b003d01 10000 100 154 3341316 80836 83361
0b004f01 0b004801 10000 100 1176 3448734 41951 42617
0b002801 0b004601 10000 100 9569 3426505 90741 91239
0b007801 0b004301 10000 100 1067 3470679 83801 84130
0b007101 0b000901 10000 100 312 3567361 81344 83488
0b005f01 0b002d01 10000 100 488 3577819 81904 83628
0b005b01 0b006401 10000 100 105 3690064 80680 83322
0b002001 0b005301 10000 100 1081717 2961182 989578 990122
0b004801 0b004101 10000 100 496 4049758 40966 42035
0b006b01 0b007a01 10000 100 1258 4035546 83788 84283
0b000501 0b002301 10000 100 225 4106299 81064 83418
0b000d01 0b006801 10000 100 270 4141469 81208 83454
0b003501 0b000401 10000 100 7182 4172250 88756 89252
0b006601 0b005701 10000 100 500 4239916 81944 83638
0b002c01 0b004c01 10000 100 81521 4232887 151039 151565
0b001501 0b004801 10000 100 936 4428754 83340 83987
0b005f01 0b002901 10000 100 792 4575191 82880 83872
0b003801 0b000401 10000 100 884 4577412 83172 83945
0b005801 0b003401 10000 100 414540 4505812 430108 430768
0b002001 0b007c01 10000 100 1055 5001436 84290 84120
0b006801 0b005b01 10000 100 4443 5012028 86450 86946
0b004c01 0b002a01 10000 100 982 5043263 83488 84024
0b000001 0b003b01 10000 100 305 5110554 81320 83482
0b003c01 0b004101 10000 100 876 5427322 83148 83939
0b004601 0b000a01 10000 100 695 5450776 82568 83794
0b003d01 0b000801 10000 100 471 5559602 81852 83615
0b002701 0b007801 10000 100 940 5654465 84949 83990
0b007a01 0b005701 10000 100 8359 5661168 89735 90232
0b002601 0b002d01 10000 100 1033 5799767 41836 42503
0b006901 0b000601 10000 100 500 5799590 81944 83638
0b006f01 0b005701 10000 100 1130 6224196 84261 84180
0b003301 0b005001 10000 100 1042 6371450 83616 84110
0b002e01 0b005801 10000 100 388 6554242 81584 83548
0b005801 0b000e01 10000 100 343 6670030 81440 83512
0b004201 0b003801 10000 100 414 6676634 81668 83569
0b006201 0b002401 10000 100 273 6708302 81216 83456
0b006201 0b004b01 10000 100 922 6787443 83296 83976
0b007a01 0b005001 10000 100 962 7213154 83424 84008
0b001a01 0b006301 10000 100 1634 7263688 92041 84584
0b000201 0b007301 10000 100 128 7304562 81085 83340
0b001c01 0b006f01 10000 100 1841 7325012 84255 84749
0b006d01 0b005801 10000 100 16315 7401493 96404 96904
0b002201 0b003301 10000 100 526 7450497 82028 83659
0b003001 0b007101 10000 100 164 7465185 81843 83369
0b007a01 0b002a01 10000 100 463 7653141 81824 83608
0b000601 0b004a01 10000 100 328 7977088 81392 83500
0b007301 0b002401 10000 100 72335 7930480 143348 143871
0b006601 0b003b01 10000 100 1566 8074111 84157 84529
0b001b01 0b004901 10000 100 905 8103323 83240 83962
0b002e01 0b003101 10000 100 1800 8148360 84222 84716
0b003001 0b004d01 10000 100 226798 7979806 272866 273355
0b007501 0b001f01 10000 100 758 8207918 82768 83844
0b002c01 0b006c01 10000 100 1951 8295287 85768 84837
0b006b01 0b002a01 10000 100 218 8339386 81040 83412
0b004d01 0b000801 10000 100 935 8402858 83336 83986
0b004601 0b007501 10000 100 205 8405440 81000 83402
0b006101 0b002401 10000 100 1481 8482316 83967 84461
0b000301 0b006201 10000 100 152 8529959 80832 83360
0b006f01 0b006d01 10000 100 2800 8658972 43288 43955
0b005d01 0b007001 10000 100 52002 8655716 126330 126836
0b002501 0b001d01 10000 100 2826 8752370 85081 85576
0b007101 0b003401 10000 100 351 8806241 81468 83519
0b003d01 0b000001 10000 100 340 9024817 81432 83510
0b002301 0b000701 10000 100 352 9060417 81472 83520
0b000501 0b005e01 10000 100 269 9106216 81204 83453
0b000901 0b002401 10000 100 2748 9123871 85018 85513
0b005a01 0b004b01 10000 100 148 9140834 80816 83356
0b001c01 0b001b01 10000 100 519 9188587 41002 42053
0b005c01 0b002501 10000 100 475 9195110 81864 83618
0b007d01 0b003001 10000 100 331 9257191 82262 83503
0b003101 0b007201 10000 100 2246 9281225 84617 85112
0b006401 0b002e01 10000 100 268 9294846 81850 83452
0b000001 0b002501 10000 100 1198 9397234 83740 84235
0b006601 0b003701 10000 100 1029 9571934 83605 84100
0b004b01 0b005601 10000 100 961 9572128 83670 84007
0b003701 0b000c01 10000 100 647 9578798 82416 83756
0b007001 0b000a01 10000 100 647 9586232 82416 83756
0b002601 0b003201 10000 100 936 9677267 83740 83987
0b006b01 0b002701 10000 100 681 9772451 82524 83783
0b001301 0b001e01 10000 100 613 9867535 41152 42128
0b005801 0b005101 10000 100 107 10090919 40344 41724
0b006f01 0b000501 10001 100 72366 9989665 143373 143896
0b006101 0b002101 10000 100 2719 10178000 84995 85490
0b005701 0b007a01 10000 100 118 10238343 106280 83332
0b003901 0b002301 10000 100 140 10371296 80792 83350
0b001e01 0b001701 10000 100 2247 10444512 44237 43512
0b007301 0b006601 10000 100 467 10436547 81840 83612
0b000201 0b004701 10000 100 216384 10301404 366332 264640
0b005d01 0b006c01 10000 100 1541183 9276264 1417100 1375359
0b002501 0b003f01 10000 100 2025 10693007 85316 84935
0b000101 0b005b01 10000 100 402 10813637 81632 83560
0b001401 0b007301 10000 100 1011 10818362 83592 84085
0b005201 0b003d01 10000 100 204 10851881 80996 83401
0b001501 0b005601 10000 100 1367145 9779988 1228643 1229447
0b007801 0b007c01 10000 100 394 10969303 40903 41953
0b005201 0b007001 10000 100 420 10963906 81688 83574
0b003101 0b001601 10000 100 84884 10917371 189037 154371
0b003201 0b000d01 10000 100 79060 10898417 229865 149520
0b006e01 0b004201 10000 100 1064 11118557 83758 84128
0b003901 0b006c01 10000 100 654 11355102 82526 83761
0b001d01 0b002f01 10000 100 101 11452227 80668 83319
0b003401 0b001001 10000 100 1036 11648768 133791 84105
0b001e01 0b000801 10000 100 72362 11693839 165575 143892
0b001101 0b001201 10000 100 2335 11958241 42916 43583
0b004401 0b001801 10000 100 443 11990701 121454 83592
0b001901 0b004301 10000 100 381 12083218 81920 83543
0b003501 0b005901 10000 100 6426 12099514 88113 88609
0b007c01 0b006401 10000 100 1037 12261145 83612 84106
0b002501 0b007d01 10000 100 481 12277064 81884 83623
0b000101 0b002001 10000 100 3378 12360978 89022 86056
0b006a01 0b001801 10000 100 567 12497505 82160 83692
0b004b01 0b006601 10000 100 7698 12583795 89456 89665
0b005f01 0b007401 10000 100 2627 12629789 84970 85416
0b003001 0b000101 10000 100 7684 12627968 89157 89654
0b003201 0b005701 10000 100 7287 12628399 93871 89336
0b003901 0b000501 10000 100 2249 12740796 84619 85114
0b004101 0b002d01 10000 100 128 12763054 80753 83340
0b001d01 0b002401 10000 100 238 12942169 140428 83428
0b003201 0b006701 10000 100 21599 13043533 135839 101324
0b002001 0b000201 10000 100 2011273 10246167 3229522 1769479
0b000801 0b004701 10000 100 748 13569407 82736 83836
0b004c01 0b002a01 10001 100 4308 13580962 88999 86838
0b000901 0b004601 10000 100 469 13627564 81844 83613
0b007901 0b006701 10000 100 1622 13699011 84080 84574
0b001101 0b003301 10000 100 444 13799998 82661 83593
0b006e01 0b006c01 10000 100 3517854 10894098 2990389 2990974
0b004d01 0b005101 10000 100 523 13819703 82016 83656
0b007601 0b002b01 10000 100 212 13849974 81589 83408
0b005301 0b000501 10000 100 866 13898454 83116 83931
0b004301 0b002001 10000 100 7837 14081387 95557 89776
0b005a01 0b000401 10000 100 1725715 11953345 2293276 1530050
0b004201 0b002501 10000 100 534 14178286 82052 83665
0b007501 0b004a01 10000 100 2874 14516953 85119 85614
0b001a01 0b002501 10000 100 179 14542008 98730 83381
0b004d01 0b007101 10000 100 145 14649602 80808 83354
0b000401 0b007a01 10000 100 258 14769457 81978 83444
0b007c01 0b007501 10000 100 169 14840080 40442 41773
0b007201 0b005501 10000 100 1203 14813331 83744 84239
0b007a01 0b005801 10000 100 349 14819931 81460 83517
0b007f01 0b006301 10000 100 65505 14794769 137618 138138
0b002401 0b006a01 10000 100 1678 14908102 84127 84619
0b005301 0b007f01 10000 100 108 15050947 80688 83324
0b001501 0b005601 10001 100 1806 15206690 84227 84721
0b002001 0b000901 10000 100 301 15209410 81949 83479
0b006401 0b001501 10000 100 17652 15297597 113148 98012
0b001501 0b005301 10000 100 538 15454127 82064 83668
0b004b01 0b007d01 10000 100 177 15455003 81708 83380
0b001d01 0b007201 10000 100 759 15497519 82772 83845
0b007601 0b006b01 10000 100 255 15538497 81160 83442
0b001501 0b002801 10000 100 500 15621003 82564 83638
0b001e01 0b007a01 10000 100 47178 15583132 196225 122785
0b003101 0b001701 10001 100 144 15910299 82665 83353
0b007f01 0b006901 10000 100 1410 15928465 83910 84404
0b001d01 0b001201 10000 100 716 15996449 41318 42211
0b003701 0b007e01 10000 100 137699 15922639 198109 198658
0b001101 0b005b01 10000 100 4499 16058880 86495 86991
0b005b01 0b000601 10000 100 8322 16069720 90042 90203
0b007d01 0b006701 10000 100 3040 16160561 85290 85785
0b005701 0b005b01 10000 100 470 16346138 40924 42014
0b002c01 0b004d01 10000 100 366 16519014 81516 83531
0b007301 0b003a01 10000 100 900 16588681 201934 83958
0b002601 0b001001 10000 100 2908 16806096 85146 85641
0b004c01 0b005f01 10000 100 1632754 15509834 1450963 1452110
0b006701 0b003e01 10000 100 6448 16910547 88130 88627
0b006101 0b004c01 10000 100 373 16917685 82024 83536
0b001a01 0b002001 10000 100 7495285 9387033 7832907 6367274
0b006601 0b005101 10000 100 177 17158242 80912 83380
0b007901 0b002301 10000 100 437 17057530 234418 83588
0b004a01 0b001801 10000 100 3411 17182666 144273 86082
0b002301 0b001501 10000 100 645 17262107 82408 83754
0b003501 0b002d01 10000 100 8007 17386675 89458 89951
0b006001 0b001701 10000 100 14715816 5005481 12484460 12420947
0b007601 0b001e01 10000 100 189 17496733 80948 83389
0b006201 0b006d01 10000 100 798 17548339 41448 42276
0b003301 0b003a01 10000 100 148 17652397 40408 41756
0b000501 0b003601 10000 100 189 17764320 80948 83389
0b005501 0b004f01 10000 100 212189 17631999 354327 261130
0b004b01 0b002901 10000 100 1859754 15077786 2919651 1642427
0b006f01 0b007b01 10000 100 7108 18122615 88984 89193
0b007c01 0b000101 10000 100 758 18202078 82768 83844
0b006501 0b000d01 10000 100 855 18345229 83080 83922
0b003801 0b005b01 10000 100 1203423 16416111 2037713 1092172
0b003401 0b006c01 10000 100 801 18409330 83627 83879
0b001d01 0b001801 10000 100 300 18486386 40652 41878
0b007801 0b007901 10000 100 310 18569463 40668 41886
0b007501 0b005501 10000 100 902648 17447952 1394553 839993
0b007401 0b001601 10000 100 544 18785850 82084 83673
0b003c01 0b006c01 10000 100 154670 18630575 342292 212888
0b005f01 0b005801 10000 100 9673 18935861 49052 49722
0b003101 0b003e01 10000 100 1289 18961763 42041 42708
0b004c01 0b003e01 10000 100 1472 18987412 84239 84454
0b006c01 0b001201 10000 100 37359 18966883 115681 114546
0b003801 0b005401 10000 100 861 19032531 83100 83927
0b002201 0b003401 10000 100 469 19282860 82845 83613
0b002d01 0b007d01 10000 100 34330 19442298 113084 112008
0b005c01 0b004b01 10000 100 358 19539203 82265 83524
0b005201 0b005901 10000 100 164 19943535 40434 41769
0b005601 0b007501 10000 100 347 19949326 81456 83516
0b004901 0b004301 10000 100 2619 20104891 43143 43810
0b001c01 0b007201 10000 100 1259 20074617 83789 84284
0b002b01 0b003a01 10000 100 405 20238165 81640 83562
0b004b01 0b007101 10000 100 827 20298333 82992 83900
0b004c01 0b002a01 10002 100 256 20353965 81803 83443
0b007c01 0b003101 10000 100 991 20354649 83516 84031
0b005701 0b003901 10000 100 1329548 19284714 1197208 1197910
0b004001 0b005601 10000 100 2369 20546885 85268 85210
0b000901 0b006601 10000 100 168 20573617 81104 83372
0b002801 0b006b01 10000 100 1247 20573848 84103 84274
0b005501 0b004601 10000 100 1745 20630720 84665 84672
0b003701 0b004b01 10000 100 690 20743901 82552 83790
0b002701 0b001601 10000 100 789 20811081 83184 83869
0b004c01 0b000d01 10000 100 2889 20842493 85179 85626
0b003601 0b007801 10000 100 1000 20669145 263020 84038
0b006001 0b002101 10000 100 396 20884029 82305 83555
0b001b01 0b001501 10000 100 746 20954022 41366 42235
0b006f01 0b003c01 10000 100 1670 20956144 85645 84612
0b000f01 0b001501 10000 100 213 20995500 81024 83408
0b004d01 0b000501 10000 100 1778 21154666 84204 84699
0b001c01 0b001e01 10000 100 1036 21211623 41839 42505
0b004101 0b004701 10000 100 1072 21241187 41868 42534
0b003201 0b002c01 10000 100 143 21214967 81168 83352
0b002a01 0b003201 10000 100 512 21232799 83028 83648
0b005401 0b000201 10000 100 651 21271208 82428 83759
0b004d01 0b007801 10000 100 104 21370538 81185 83321
0b005401 0b001401 10000 100 1316 21615782 83835 84329
0b001a01 0b001701 10000 100 7802 21665876 47480 48148
0b002d01 0b002e01 10000 100 1656 21702529 42335 43001
0b004101 0b000901 10000 100 747 21737696 83229 83836
0b004f01 0b007201 10000 100 1735 21840788 84184 84664
0b004901 0b007701 10000 100 964 21866493 83428 84009
0b006a01 0b005201 10000 100 2966 21891118 85193 85688
0b003f01 0b003801 10000 100 6476 21943239 46381 47049
0b004601 0b003c01 10000 100 2890069 19409765 2612845 2506269
0b007101 0b000201 10000 100 245857 21656467 395860 289332
0b001401 0b000c01 10000 100 100 22072831 80664 83318
0b007c01 0b007101 10000 100 653 22214421 41216 42160
0b006701 0b005901 10000 100 191 22213329 80956 83391
0b006901 0b001f01 10000 100 960 22257590 83416 84006
0b007701 0b001e01 10000 100 371 22516157 81532 83535
0b001e01 0b007501 10000 100 186 22584152 80940 83387
0b007a01 0b001601 10000 100 954 22671756 83396 84001
0b007e01 0b000d01 10000 100 308640 22192315 675908 341977
0b007a01 0b005b01 10000 100 480 22810374 81880 83622
0b004801 0b007201 10000 100 189 22898074 80948 83389
0b001501 0b006201 10000 100 77112 22846334 147360 147884
0b001a01 0b001001 10000 100 1525 22958901 42698 42896
0b003501 0b007001 10000 100 177 23036370 80912 83380
0b003701 0b002501 10000 100 177 23056113 81197 83380
0b002401 0b001a01 10000 100 6412 23129705 93112 88598
0b003301 0b004101 10000 100 322 23143922 81769 83496
0b004f01 0b007801 10000 100 2130 23272060 85203 85019
0b004f01 0b003e01 10000 100 166 23291606 80876 83371
0b005901 0b004701 10000 100 463 23393158 81824 83608
0b001e01 0b000201 10000 100 45244 23400652 158746 121161
0b000c01 0b001001 10000 100 175 23500248 80904 83378
0b001701 0b007f01 10000 100 42549 23552419 118379 118890
0b006301 0b006901 10000 100 166 23761428 40438 41771
0b001001 0b002501 10000 100 363 23695322 121279 83528
0b003901 0b007d01 10000 100 1081 23785262 84317 84141
0b002f01 0b003b01 10000 100 308793 23735579 341578 342100
0b000b01 0b005d01 10000 100 443 24099549 81760 83592
0b001e01 0b000801 10001 100 183 24146439 80928 83384
0b006601 0b005601 10000 100 576 24310363 82188 83699
0b004301 0b000c01 10000 100 4374 24377353 86443 86891
0b003d01 0b006101 10000 100 156 24422337 80905 83363
0b007401 0b007501 10000 100 76469 24454685 105035 105732
0b007e01 0b004001 10000 100 1651 24517201 84103 84597
0b003d01 0b006801 10000 100 739 24522899 83139 83829
0b000d01 0b005901 10000 100 461 24534632 82390 83607
0b002a01 0b002601 10000 100 8824 24613878 48335 49004
0b005801 0b000301 10000 100 102 24642661 80672 83320
0b004501 0b005001 10000 100 9224 24713347 91214 90963
0b000e01 0b000401 10000 100 594 24777793 41122 42113
0b001601 0b001701 10000 100 1631 24779506 42315 42981
0b003801 0b005401 10001 100 172 24832327 80896 83376
0b007f01 0b005201 10000 100 1864 24869384 84273 84768
0b006701 0b001b01 10000 100 51361 25035366 128321 126285
0b005b01 0b007501 10000 100 315 25109690 104368 83490
0b002e01 0b007c01 10000 100 390 25153960 82168 83550
0b002301 0b000a01 10000 100 1644 25194536 84097 84592
0b007d01 0b003b01 10000 100 995 25270750 83528 84034
0b001d01 0b001701 10000 100 973 25463955 41728 42416
0b006601 0b003401 10000 100 547 25440539 82096 83676
0b005d01 0b004901 10000 100 1823 25491890 84240 84735
0b007001 0b000f01 10000 100 514265 24453128 1257986 514388
0b001501 0b003201 10000 100 342 25786612 81715 83512
0b007d01 0b000801 10000 100 563 25848022 82144 83688
0b002801 0b005801 10000 100 958 25910134 90540 84004
0b004301 0b001701 10000 100 776 26018152 82843 83859
0b001401 0b006701 10000 100 4414 26251766 86427 86923
0b005701 0b007401 10000 100 485 26379637 81896 83626
0b007a01 0b001201 10000 100 175 26414528 80904 83378
0b000901 0b003801 10000 100 56601 26420511 177076 130669
0b000401 0b004e01 10000 100 6209 26506218 98698 88436
0b006701 0b002401 10000 100 155 26606190 80840 83362
0b003701 0b006a01 10000 100 613 26667224 82304 83728
0b003c01 0b007c01 10000 100 130 26849568 80760 83342
0b003f01 0b004301 10000 100 1678 26912015 84124 84619
0b005301 0b006c01 10000 100 106 27045421 80905 83323
0b000101 0b000a01 10000 100 163 27316639 40432 41768
0b006401 0b007401 10000 100 102 27287153 80672 83320
0b005301 0b001901 10000 100 50938 27403243 128333 125908
0b002701 0b006601 10000 100 147 27563194 80816 83356
0b005b01 0b007d01 10000 100 379 27681617 81556 83541
0b004401 0b004d01 10000 100 263 27727677 41237 41848
0b000201 0b001501 10000 100 283 27695236 81711 83464
0b000a01 0b004801 10000 100 5721 27779270 87511 88007
0b004101 0b005d01 10000 100 252 27838553 81152 83440
0b003701 0b006001 10000 100 7534 27828730 91643 89534
0b004901 0b002b01 10000 100 1774 28106155 85033 84696
0b003201 0b004501 10000 100 9970452 12154861 16199788 8442448
0b001401 0b003b01 10000 100 831 28314103 119207 83903
0b004701 0b003601 10000 100 212 28389412 81057 83408
0b000c01 0b006d01 10000 100 5489 28426926 88197 87821
0b004801 0b001b01 10000 100 188 28470022 81049 83388
0b003c01 0b002401 10000 100 1474 28482026 90773 84456
0b004e01 0b004d01 10000 100 155 28595311 40426 41762
0b000401 0b002f01 10000 100 216 28569992 81036 83411
0b001401 0b005e01 10000 100 322 28576887 81376 83496
0b003401 0b002a01 10000 100 889 28589809 83188 83949
0b004e01 0b003801 10000 100 164 28706823 80868 83369
0b004801 0b006001 10000 100 733 28775787 82688 83824
0b000c01 0b006701 10000 100 52894 28670548 211756 127550
0b006201 0b006101 10000 100 316 28845056 40678 41891
0b007c01 0b006701 10000 100 433 28850105 83594 83584
0b003201 0b002201 10000 100 36493 28623638 316120 113815
0b007401 0b004901 10000 100 274 28994098 81220 83457
0b007c01 0b002a01 10000 100 100 29135441 81469 83318
0b003401 0b006501 10000 100 297810 28921415 499194 332891
0b006601 0b002601 10000 100 643 29402292 82400 83752
0b003701 0b005c01 10000 100 335205 28539186 966567 364266
0b002501 0b001c01 10000 100 2179 29429310 84563 85058
0b003a01 0b001301 10000 100 8015 29464064 89460 89957
0b006201 0b001601 10000 100 229 29519634 112757 83421
0b004401 0b005a01 10000 100 968 29629811 83544 84012
0b003701 0b003001 10000 100 156 29805922 40422 41763
0b007a01 0b002f01 10000 100 182 29948661 80928 83384
0b002701 0b004c01 10000 100 54484 29974300 128383 128899
0b005a01 0b004501 10000 100 167 30053259 80880 83372
0b005001 0b002901 10000 100 39415 30200292 115758 116268
0b007101 0b001701 10000 100 220 30251778 81048 83414
0b004401 0b000501 10000 100 409 30430292 81652 83565
0b006001 0b004e01 10000 100 2468 30557039 86402 85289
0b001801 0b004901 10000 100 174 30575147 83320 83377
0b007e01 0b004001 10001 100 5041 30655035 90503 87463
0b007d01 0b004f01 10000 100 171 30805717 80892 83375
0b003801 0b000901 10000 100 4145 30963147 86951 86708
0b003701 0b001701 10000 100 1095232 29456225 1775706 1001472
0b003401 0b007001 10000 100 232 31200152 81088 83424
0b001e01 0b006501 10000 100 354 31232746 81476 83521
0b005001 0b007701 10000 100 560 31329696 82136 83686
0b007c01 0b000a01 10000 100 106 31481975 81243 83323
0b005601 0b004001 10000 100 6382 31625541 88078 88574
0b002a01 0b004001 10000 100 1027 31642655 83744 84098
0b004c01 0b003401 10000 100 597 31703495 82256 83716
0b006b01 0b002b01 10000 100 423 31722746 81696 83576
0b007001 0b000901 10000 100 1838 31727509 86395 84747
0b002001 0b006601 10000 100 4847 31772253 92981 87269
0b005c01 0b004501 10000 100 1590718 30556331 1419999 1416868
0b004601 0b006001 10000 100 383 32067619 84115 83544
0b006401 0b005501 10000 100 283 32157928 81538 83464
0b007801 0b004701 10000 100 171 32184895 83591 83375
0b000e01 0b001001 10000 100 39787 32336838 131978 116565
0b005401 0b007501 10000 100 59108 32263310 224734 132790
0b006601 0b005401 10000 100 929 32513805 83316 83981
0b006001 0b005901 10000 100 1069 32622025 83637 84132
0b007601 0b006501 10000 100 950 32850334 83384 83998
0b000401 0b005401 10000 100 229 33019897 82304 83421
0b004601 0b007401 10000 100 109 33232525 80692 83325
0b005101 0b006801 10000 100 911 33373348 83260 83967
0b006601 0b002d01 10000 100 2610 33378192 84908 85403
0b006501 0b000201 10000 100 257 33484164 81615 83444
0b000401 0b006a01 10000 100 314 33485502 81348 83489
0b007901 0b002301 10001 100 900 33514215 83886 83958
0b005301 0b005f01 10000 100 894 33570390 41754 42353
0b007c01 0b002f01 10000 100 393 33626162 123962 83552
0b005301 0b000f01 10000 100 1161 33668796 83711 84205
0b005f01 0b006c01 10000 100 1027868 31535870 2228242 944969
0b003001 0b000601 10001 100 491 33998619 81916 83631
0b001c01 0b002b01 10000 100 386 34008643 86423 83547
0b003b01 0b001c01 10000 100 3598 34023135 85736 86232
0b000101 0b001b01 10000 100 1060 34025592 83630 84124
0b000801 0b002601 10000 100 6305 34083051 88016 88512
0b007801 0b007901 10001 100 329 34149761 40698 41901
0b006901 0b007201 10000 100 656 34252851 82444 83763
0b003601 0b005801 10000 100 201 34475603 80988 83399
0b003a01 0b002501 10000 100 95740 34399656 162946 163478
0b002c01 0b002e01 10000 100 623 34556672 41168 42136
0b003301 0b007101 10000 100 166 34557808 80876 83371
0b006501 0b003a01 10000 100 219 34612180 83573 83413
0b007e01 0b006001 10000 100 1370 34693626 83878 84372
0b004c01 0b006901 10000 100 273 34778939 81216 83456
0b002d01 0b001c01 10000 100 526 34826427 82716 83659
0b001401 0b003b01 10001 100 941 34863795 83356 83991
0b000d01 0b006501 10000 100 253 34959279 81987 83440
0b005801 0b000f01 10000 100 221 35182164 81589 83415
0b006301 0b000701 10000 100 661 35274667 82681 83767
0b004201 0b007f01 10000 100 178022 35144112 240422 232491
0b002701 0b000101 10000 100 1703 35373584 85384 84639
0b002301 0b002701 10000 100 36995 35392281 71936 72616
0b000101 0b005101 10000 100 1292 35338476 134779 84310
0b000001 0b001d01 10000 100 2794 35413404 85749 85550
0b001601 0b003a01 10000 100 527 35534353 82157 83660
0b005601 0b002501 10000 100 194 35593393 81209 83393
0b007101 0b001401 10000 100 1323 35717467 83840 84335
0b007401 0b004d01 10000 100 151 35909637 81229 83359
0b004801 0b001401 10000 100 7472 35935382 88988 89484
0b002601 0b004f01 10000 100 289566 35663878 540946 325988
0b005701 0b004401 10000 100 2155875 32033398 4216998 1890690
0b007301 0b000f01 10000 100 270 36178552 81208 83454
0b007a01 0b006a01 10000 100 1031 36194261 84171 84101
0b002b01 0b005701 10000 100 477 36384375 81911 83620
0b005e01 0b004201 10000 100 135 36394457 80776 83346
0b003a01 0b000101 10000 100 188 36554213 81612 83388
0b004301 0b006601 10000 100 4680 36691501 86640 87136
0b000401 0b006401 10000 100 3358 36812948 85640 86040
0b002701 0b006301 10000 100 532 36871822 85480 83664
0b002601 0b002e01 10000 100 106 36937974 40620 41723
0b005701 0b001601 10000 100 1783229 33061023 4107009 1578288
0b007e01 0b000501 10000 100 365384 36794177 389329 389561
0b005801 0b004d01 10000 100 172 37103323 81869 83376
0b001f01 0b006901 10000 100 403 37201514 81910 83560
0b002201 0b003c01 10000 100 269 37262653 83302 83453
0b001c01 0b005501 10000 100 1016 37268186 84135 84089
0b007a01 0b004001 10000 100 593 37308435 85270 83712
0b006c01 0b001901 10000 100 319 37329517 160423 83493
0b001501 0b005d01 10000 100 1383 37411094 83888 84383
0b004f01 0b002d01 10000 100 2179 37421503 91263 85058
0b007001 0b004d01 10000 100 1334 37514293 84515 84344
0b005001 0b005201 10000 100 922 37575187 41648 42376
0b003701 0b004801 10000 100 1678 37562546 84594 84619
0b006d01 0b007401 10000 100 750917 36988739 711978 712772
0b006001 0b005601 10000 100 242 37631014 81120 83432
0b004701 0b000e01 10000 100 6335 37671439 88771 88536
0b000701 0b007f01 10000 100 1000 37793614 83544 84038
0b007801 0b003e01 10000 100 376 37942546 81548 83539
0b004e01 0b000901 10000 100 295 37962197 83041 83474
0b004401 0b005a01 10001 100 137 38302862 80784 83348
0b000701 0b007601 10000 100 850 38452037 84019 83918
0b001801 0b003101 10000 100 548 38545204 82096 83676
0b002001 0b001201 10000 100 254 38570103 84345 83441
0b007c01 0b005e01 10000 100 566 38663334 82575 83691
0b005e01 0b005c01 10000 100 660177 38263253 594242 595124
0b005101 0b004501 10000 100 937 38805604 83344 83988
0b004001 0b000c01 10000 100 944 38808222 84099 83993
0b003001 0b006401 10000 100 323 38910702 81376 83496
0b006301 0b006201 10000 100 151 39159401 40414 41759
0b005701 0b000801 10000 100 1382 39156281 84568 84382
0b003201 0b000201 10000 100 27540718 5454233 33820588 23173348
0b003301 0b000f01 10000 100 507 39275873 81968 83644
0b001301 0b007a01 10000 100 4985 39305971 86884 87380
0b005f01 0b003f01 10000 100 161 39406178 82591 83367
0b002801 0b004901 10000 100 310 39408541 87791 83486
0b002101 0b004801 10000 100 1070581 38521891 1032685 980791
0b007601 0b002e01 10000 100 3963 39592807 90336 86524
0b002f01 0b005801 10000 100 372 39782791 84664 83536
0b002f01 0b006601 10000 100 1146 39848376 84491 84193
0b000901 0b002b01 10000 100 9027 39815628 124345 90805
0b007f01 0b001601 10000 100 2624 39879410 84919 85414
0b005301 0b000d01 10000 100 29977 39854974 133679 108333
0b005b01 0b004801 10000 100 64673 39944000 136914 137434
0b000601 0b005601 10000 100 825 40016929 83918 83898
0b004e01 0b004301 10000 100 1678 40091415 42352 43019
0b003b01 0b000101 10000 100 2543 40083603 84854 85349
0b001b01 0b001801 10000 100 1093 40177910 41884 42551
0b006401 0b000901 10000 100 16058 40213027 109219 96699
0b002801 0b004d01 10000 100 543 40384354 84238 83672
0b003c01 0b003d01 10000 100 1764496 38981403 1519601 1520972
0b005a01 0b006201 10000 100 1060 40435395 84158 84124
0b000701 0b004701 10000 100 662 40490311 97546 83768
0b001101 0b004601 10000 100 462 40541312 81824 83608
0b000601 0b003801 10000 100 140 40547178 83417 83350
0b007901 0b000a01 10000 100 265 40652455 95075 83450
0b004a01 0b003601 10000 100 962 40679233 83424 84008
0b004701 0b000d01 10000 100 450 40684170 82485 83598
0b001d01 0b004501 10000 100 411 40692109 81660 83567
0b001c01 0b000401 10000 100 289 40687343 107852 83469
0b005a01 0b000401 10001 100 4428 40740084 115658 86934
0b000101 0b003301 10000 100 475 40756559 108365 83618
0b001301 0b000701 10000 100 23326 40826071 102279 102782
0b001901 0b002001 10000 100 1332 40877225 85882 84342
0b004701 0b005601 10000 100 384 40945494 81572 83545
0b005701 0b006401 10000 100 2233 40950274 87388 85101
0b006c01 0b002001 10000 100 4030 41021247 146679 86616
0b004e01 0b003d01 10000 100 688 41405540 83155 83788
0b003d01 0b004f01 10000 100 242 41550640 81849 83432
0b006b01 0b007501 10000 100 2169 41582241 85151 85050
0b004501 0b000c01 10000 100 3214 41583101 104562 85924
0b003801 0b002001 10000 100 725 41600437 89951 83818
0b004001 0b004f01 10000 100 269 41828983 40602 41853
0b000901 0b004f01 10000 100 1380 42005977 114415 84380
0b006201 0b006e01 10000 100 878 42122198 41576 42340
0b004101 0b007201 10000 100 264733 41935644 327122 305162
0b001301 0b002501 10000 100 396 42292466 84724 83555
0b001501 0b005001 10000 100 6677 42274565 206714 88810
0b006901 0b002b01 10000 100 2343 42432667 84918 85189
0b004e01 0b006c01 10000 100 544 42578390 180867 83673
0b003a01 0b004001 10000 100 155735 42599719 343167 213778
0b000301 0b001e01 10000 100 523707 41875406 1098952 522287
0b002601 0b000601 10000 100 452 42961063 153233 83600
0b001501 0b002401 10000 100 479 43037040 81876 83621
0b005501 0b001801 10000 100 1336416 40450109 2735410 1203673
0b000701 0b005a01 10000 100 1039259 42316702 989825 954543
0b005e01 0b002001 10000 100 312 43249098 82106 83488
0b000601 0b006601 10000 100 241 43348826 82289 83431
0b005701 0b007601 10000 100 9599446 32547681 10941489 8131396
0b003001 0b007001 10000 100 716 43492514 103921 83811
0b003b01 0b000e01 10000 100 515 43522971 81992 83650
0b004f01 0b006d01 10000 100 3830 43598583 88426 86417
0b004801 0b005301 10000 100 886 43608010 83678 83947
0b003c01 0b006001 10000 100 382 43860113 82274 83544
0b002601 0b003301 10000 100 231 43892659 81217 83423
0b001801 0b001c01 10000 100 824 43956425 41490 42297
0b005101 0b006801 10001 100 83911 44081932 155541 153554
0b000a01 0b007701 10000 100 19181 44275291 122939 99312
0b001c01 0b001f01 10000 100 518 44548198 41000 42052
0b004301 0b002a01 10000 100 6996 44542494 91083 89065
0b003901 0b007201 10000 100 639 44567342 83960 83749
0b006401 0b004501 10000 100 120 44572544 95085 83334
0b000f01 0b002a01 10000 100 304192 43900503 847028 338265
0b002501 0b007501 10000 100 158 44743819 85517 83364
0b006601 0b003601 10000 100 1084 44852448 83649 84144
0b002201 0b006701 10000 100 79957 44709268 298531 150237
0b002901 0b007f01 10000 100 990 44896553 133433 84030
0b002701 0b000b01 10000 100 684260 43337551 1763055 656912
0b002401 0b000f01 10000 100 5760 45129498 87553 88038
0b000d01 0b000501 10000 100 2776 45518419 43403 43936
0b007e01 0b002d01 10000 100 21314 45560327 102270 101096
0b003201 0b005101 10000 100 479 45735437 81876 83621
0b001001 0b004b01 10000 100 254 45831151 81441 83441
0b001901 0b007c01 10000 100 489 45769280 144911 83629
0b006701 0b000301 10000 100 1640 45839085 87757 84588
0b002f01 0b001c01 10000 100 111 45853688 80900 83327
0b001601 0b003201 10000 100 126 45972376 80748 83339
0b007201 0b004a01 10000 100 107 45987314 80688 83324
0b000701 0b002001 10000 100 252 45963652 115168 83440
0b007e01 0b000e01 10000 100 5271 46070915 120909 87647
0b001701 0b001501 10000 100 901 46158834 41614 42359
0b000c01 0b006701 10001 100 6344502 39937792 6263383 5402449
0b000101 0b005001 10000 100 3075 46130690 111843 85813
0b004f01 0b006d01 10001 100 3507 46487766 85738 86159
0b007f01 0b006f01 10000 100 1055 46684345 84366 84120
0b000301 0b003901 10000 100 142 46706184 83431 83352
0b006401 0b003401 10000 100 112 46851010 80704 83328
0b006501 0b004501 10000 100 136 46865199 82924 83347
0b002701 0b004701 10000 100 15503 46887006 101582 96216
0b003b01 0b005c01 10000 100 531 47065505 82044 83663
0b002a01 0b006001 10000 100 917 47079864 85975 83972
0b001901 0b000e01 10000 100 202 47290480 128243 83400
0b007701 0b000c01 10000 100 464 47412114 216313 83609
0b002b01 0b003c01 10000 100 133 47596938 82963 83344
0b001901 0b002001 10001 100 757 47527346 155099 83844
0b001e01 0b004f01 10000 100 256810 47386706 390938 298516
0b002e01 0b004601 10000 100 2097 47717055 85564 84992
0b004201 0b003c01 10000 100 697 47744387 82576 83796
0b004801 0b002001 10000 100 211 47766632 81550 83407
0b004a01 0b006d01 10000 100 222 47809451 82932 83416
0b007501 0b003201 10000 100 524 47892493 82690 83657
0b003901 0b001801 10000 100 77075 47774660 218715 147855
0b005201 0b006801 10000 100 1586 47938283 84051 84545
0b003a01 0b000301 10000 100 4997 47975050 86894 87389
0b000a01 0b006d01 10000 100 535 48034888 82755 83666
0b002a01 0b005601 10000 100 6734 48127930 103681 88856
0b003c01 0b000a01 10000 100 427 48237901 82443 83580
0b002401 0b000f01 10001 100 136 48183306 158562 83347
0b005401 0b004b01 10000 100 628 48459785 82352 83740
0b001701 0b006c01 10000 100 231 48422258 140007 83423
0b003e01 0b000d01 10000 100 157 48467077 101859 83364
0b002101 0b003b01 10000 100 732 48491729 82838 83824
0b007f01 0b001101 10000 100 22593 48457159 143238 102157
0b001c01 0b002801 10000 100 1319767 45824004 2994283 1189701
0b000b01 0b000401 10000 100 8352 48767694 56983 48627
0b005f01 0b004b01 10000 100 1584 48792727 84049 84544
0b006a01 0b007101 10000 100 1790 48784585 235168 84708
0b007c01 0b007d01 10000 100 1394 48979684 42125 42792
0b006f01 0b001c01 10000 100 1157 49081851 84632 84202
0b000e01 0b007201 10000 100 177 49108814 80912 83380
0b003401 0b005c01 10000 100 203 49204733 81669 83400
0b003401 0b006801 10000 100 563 49226450 82489 83688
0b004b01 0b002701 10000 100 164122 49024074 360491 220833
0b004701 0b003101 10000 100 214 49279673 115088 83409
0b004901 0b001401 10000 100 917 49312297 246684 83972
0b006c01 0b000101 10000 100 1593500 44921019 4649601 1419209
0b004101 0b000301 10000 100 612 49530074 82772 83728
0b007f01 0b004d01 10000 100 1644 49574576 85466 84592
0b002601 0b002301 10000 100 99467 49551858 124308 125013
0b003c01 0b007f01 10000 100 331 49607909 82163 83503
0b001001 0b006001 10000 100 816 49752345 82956 83891
0b003c01 0b004f01 10000 100 49287 49744485 141399 124549
0b003b01 0b001901 10000 100 120 49959712 90851 83334
0b000901 0b004001 10000 100 4391 50061193 89653 86904
0b006001 0b006601 10000 100 457 50152238 41281 42004
0b004801 0b000b01 10000 100 9551878 40518910 9742207 8091499
0b000901 0b006101 10000 100 55381 50143296 184289 129655
0b005d01 0b004301 10000 100 368 50320338 82401 83532
0b005201 0b004701 10000 100 2491 50321735 85338 85308
0b006601 0b006701 10000 100 1254717 49346317 1092446 1093565
0b007701 0b007901 10000 100 1229 50545407 41993 42660
0b000201 0b007101 10001 100 1761 50521283 84191 84685
0b005401 0b005901 10000 100 1157 50573458 42908 42602
0b002b01 0b003001 10000 100 157 50542110 128841 83364
0b004701 0b003801 10000 100 496 50685010 81932 83635
0b000301 0b007301 10000 100 573 50887400 82278 83696
0b002701 0b003d01 10000 100 382 50950058 106089 83544
0b004d01 0b001c01 10000 100 6992 50973928 91122 89062
0b001401 0b000b01 10000 100 8008 51029772 98150 89952
0b001e01 0b002b01 10000 100 126 51065550 106564 83339
0b001d01 0b005101 10000 100 1627 51106929 85384 84578
0b007801 0b002601 10000 100 813945 50117039 1090619 765613
0b007101 0b004401 10000 100 144 51138007 80804 83353
0b002801 0b006101 10000 100 600 51268072 82842 83718
0b007401 0b007601 10000 100 980 51352699 42708 42422
0b000e01 0b007701 10000 100 6436 51373174 88121 88617
0b000101 0b001c01 10000 100 615 51448569 82312 83730
0b005301 0b003b01 10000 100 97088 51313424 247622 164633
0b004101 0b004001 10000 100 411 51731065 40830 41967
0b002701 0b006701 10000 100 206 51715665 85366 83403
0b006101 0b003701 10000 100 399 51750996 81620 83557
0b006c01 0b006901 10000 100 9902242 40671935 11282366 8343668
0b001b01 0b002701 10000 100 944 51927737 98861 83993
0b006a01 0b005501 10000 100 380 52074157 83259 83542
0b005301 0b004a01 10000 100 1503 52257691 85088 84479
0b004801 0b007c01 10000 100 1073 52272616 83640 84135
0b003e01 0b006a01 10000 100 1248 52292325 83780 84275
0b000201 0b005b01 10000 100 136 52366533 87899 83347
0b003401 0b006101 10000 100 775 52373309 82824 83858
0b000d01 0b006101 10000 100 2357 52381486 88798 85200
0b006101 0b000b01 10000 100 2311 52236155 275317 85164
0b001701 0b002e01 10000 100 38375 52697781 166941 115397
0b005901 0b005f01 10000 100 448 52911767 41397 41996
0b000001 0b004701 10000 100 6923 52879746 94057 89007
0b001801 0b007101 10000 100 296 52918917 83091 83475
0b002701 0b004101 10000 100 2111 52787958 216780 85004
0b003701 0b002101 10000 100 529 52977841 82294 83661
0b001c01 0b007f01 10000 100 768 53058960 82888 83852
0b001701 0b000d01 10000 100 300 53085301 81683 83478
0b005901 0b003201 10000 100 649 53249142 89550 83757
0b004801 0b007201 10001 100 161 53267596 81464 83367
0b007801 0b003901 10000 100 382 53263845 89670 83544
0b006e01 0b001401 10000 100 991 53292168 84380 84031
0b005201 0b007301 10000 100 228 53324425 81447 83420
0b000501 0b000301 10000 100 9248 53390927 52669 49382
0b005e01 0b000a01 10000 100 446 53372579 88517 83595
0b003901 0b007701 10000 100 1779 53446323 86184 84700
0b003901 0b006c01 10001 100 656 53481583 83089 83763
0b006601 0b001801 10000 100 1421662 52394634 1274951 1275134
0b006101 0b003101 10000 100 575714 53078222 606737 565889
0b002201 0b007501 10000 100 9810 53577762 128793 91432
0b004c01 0b001f01 10000 100 263 53598202 137744 83448
0b006001 0b005401 10000 100 1143 53672882 86121 84191
0b005101 0b006d01 10000 100 8203 53864536 96497 90108
0b001901 0b005901 10000 100 414 53946836 122361 83569
0b000f01 0b002401 10000 100 294 54070939 130692 83473
0b004701 0b006801 10000 100 9443 54242479 91216 91138
0b006301 0b007601 10000 100 116 54090964 252699 83331
0b003b01 0b002001 10000 100 325 54276356 109658 83498
0b006c01 0b004401 10000 100 1044 54305598 87009 84112
0b003301 0b001e01 10000 100 786 54406258 97595 83867
0b006201 0b007a01 10000 100 343309 53512185 992547 371056
0b005d01 0b001f01 10000 100 613 54424416 82594 83728
0b002301 0b005501 10000 100 105463 54286973 221687 171640
0b000501 0b003801 10000 100 5787 54296852 236022 88060
0b005c01 0b004f01 10000 100 585 54464852 82854 83706
0b007201 0b006b01 10000 100 181 54570580 80924 83383
0b005c01 0b007501 10000 100 737 54623414 82704 83828
0b005901 0b003a01 10000 100 486 54493907 225059 83627
0b004601 0b007001 10000 100 160 54646708 86448 83366
0b002c01 0b000b01 10000 100 6641 54533879 201477 88781
0b007101 0b005d01 10000 100 267 54831028 81592 83452
0b007c01 0b005001 10000 100 2446 54861782 85615 85272
0b007401 0b007101 10000 100 345 55107350 41638 41914
0b003701 0b003a01 10000 100 1445 55119326 42166 42832
0b006701 0b000501 10000 100 392 55045166 130595 83552
0b000e01 0b007d01 10000 100 932 55130823 100978 83984
0b007701 0b007901 10001 100 7859 55213157 47525 48194
0b006d01 0b004601 10000 100 767 55303952 82800 83852
0b004f01 0b001b01 10000 100 9804 55454195 91121 91427
0b001301 0b002801 10000 100 400 55465977 82459 83558
0b002a01 0b007b01 10000 100 8744 55302734 247280 90540
0b003301 0b006301 10000 100 554695 54194516 1444955 548268
0b005001 0b002801 10000 100 401 55654359 119025 83559
0b001701 0b006d01 10000 100 986 55732682 83500 84027
0b007401 0b002001 10000 100 148 55943146 81969 83356
0b001801 0b000d01 10000 100 3157 56006168 216316 85879
0b006c01 0b007401 10000 100 3657149 49781752 6440959 3149386
0b002801 0b001101 10000 100 622 56030236 250852 83736
0b005a01 0b002701 10000 100 843 56200626 83050 83912
0b002c01 0b006d01 10000 100 215 56201198 89096 83410
0b007201 0b006801 10000 100 1311 56072007 257050 84325
0b005f01 0b007d01 10000 100 446 56264438 82505 83595
0b002c01 0b002501 10000 100 848 56326957 41528 42316
0b000801 0b003501 10000 100 568 56306568 82321 83692
0b006901 0b007c01 10000 100 51069 56253330 177042 126052
0b006b01 0b004601 10000 100 5875 56343242 87634 88130
0b001b01 0b006501 10000 100 1372 56494569 85143 84374
0b007b01 0b003101 10000 100 1087 56484043 110846 84146
0b007c01 0b007b01 10000 100 2104 56553977 42731 43398
0b004801 0b004f01 10000 100 10601 56594687 54023 50503
0b006801 0b005b01 10001 100 862 56607358 84109 83928
0b001901 0b002b01 10000 100 1110 56619152 93115 84164
0b004c01 0b006901 10001 100 289 56689418 82244 83469
0b002b01 0b004b01 10000 100 9735 56789314 94869 91372
0b004601 0b000201 10000 100 136 56682804 261346 83347
0b001101 0b007401 10000 100 1081 56858961 150150 84141
0b005b01 0b000501 10000 100 609 56976845 89564 83725
0b006001 0b000b01 10000 100 750 57110036 110475 83838
0b002b01 0b003801 10000 100 95184 57133597 169944 163033
0b004c01 0b007d01 10000 100 618 57231649 82320 83732
0b002a01 0b000601 10000 100 882 57505163 91575 83944
0b005b01 0b002901 10000 100 386 57598147 89993 83547
0b004401 0b004701 10000 100 4600 57822805 44804 45472
0b000201 0b002801 10000 100 432 57901130 92238 83584
0b004801 0b007f01 10000 100 166452 57888378 224902 222774
0b004b01 0b005f01 10000 100 1502217 56841381 1370821 1342688
0b007e01 0b001201 10000 100 819 58132341 82964 83893
0b000301 0b007501 10000 100 1386 58330897 90671 84385
0b007501 0b004701 10000 100 8442 58465904 103959 90299
0b001a01 0b006101 10000 100 161 58496465 80860 83367
0b007001 0b004501 10000 100 1498 58543686 83980 84475
0b006f01 0b000201 10000 100 318 58380265 259005 83492
0b001901 0b006801 10000 100 165 58559356 81220 83370
0b004c01 0b001e01 10000 100 493 58587489 202848 83632
0b002901 0b004a01 10000 100 666 58816063 83815 83771
0b001101 0b005d01 10000 100 90491 58701188 262271 159087
0b001501 0b000a01 10000 100 463 58954393 83381 83608
0b001301 0b007701 10000 100 2563 58789684 286530 85365
0b006101 0b001401 10000 100 330 59025923 81837 83502
0b006901 0b003d01 10000 100 806 59026637 83242 83883
0b003001 0b000801 10000 100 699 59174130 82634 83797
0b003901 0b000a01 10000 100 16566 59156627 136638 97105
0b001401 0b003601 10000 100 217 59224948 81294 83412
0b005a01 0b007b01 10000 100 153172 59133491 214504 211651
0b003601 0b001801 10000 100 1365 59360997 83874 84368
0b000901 0b002801 10000 100 47250466 14879583 44676729 39698011
0b007801 0b007201 10000 100 251 59576150 40574 41839
0b005a01 0b005501 10000 100 2900 59579946 43368 44035
0b004b01 0b005c01 10000 100 1630 59586117 84725 84580
0b003601 0b007b01 10000 100 675 59449090 234259 83778
0b004001 0b000f01 10000 100 184 59613111 81435 83385
0b000d01 0b007e01 10000 100 60549 59561428 178754 133981
0b005a01 0b007001 10000 100 9777 59744902 91100 91405
0b006601 0b000101 10000 100 173 59844670 88176 83376
0b003401 0b003f01 10000 100 1330 60098886 42698 42740
0b001b01 0b003001 10000 100 239 60164292 81739 83429
0b000b01 0b001101 10001 100 403552 59194462 1055435 421555
0b002601 0b002901 10000 100 3136 60243924 43595 44262
0b005f01 0b005e01 10000 100 199 60248562 40490 41797
0b003f01 0b000401 10000 100 73862 60085406 213737 145131
0b005401 0b004a01 10000 100 10932079 50961571 9577051 9248690
0b006c01 0b005f01 10000 100 2012 60348925 251413 84924
0b003501 0b004d01 10000 100 30158571 27696000 33152138 25368162
0b004e01 0b004901 10000 100 848 61073814 41528 42316
0b005901 0b006801 10000 100 344 61288319 82739 83513
0b007c01 0b002901 10000 100 353 61276558 123869 83520
0b000101 0b004d01 10000 100 780 61343951 82840 83862
0b000401 0b005201 10000 100 5224 61373784 87113 87609
0b006a01 0b005d01 10000 100 826 61417937 83507 83899
0b002501 0b001101 10000 100 5348 61293084 240431 87708
0b004601 0b000101 10000 100 132 61683617 80768 83344
0b004d01 0b005401 10000 100 788 61860343 83051 83868
0b004a01 0b000501 10000 100 7155 61893178 94113 89231
0b000e01 0b000201 10000 100 765 61970809 41396 42250
0b006301 0b004d01 10000 100 572 61788414 228997 83696
0b005901 0b005501 10000 100 1793 61888508 166454 43111
0b007e01 0b000e01 10001 100 489 61993541 82730 83629
0b005a01 0b003a01 10000 100 5998 62020329 115357 88228
0b007501 0b005001 10000 100 484 62074140 81892 83625
0b000701 0b000c01 10000 100 475 62156407 40932 42018
0b001201 0b002601 10000 100 534 62131346 83168 83665
0b002401 0b000701 10000 100 536 62188720 130539 83667
0b006f01 0b002701 10000 100 1082503 60024114 2314517 990789
0b004601 0b004e01 10000 100 378 62736876 40776 41940
0b006d01 0b001901 10000 100 121 62753818 81839 83335
0b002501 0b005601 10000 100 4190 62794911 86392 86744
0b001601 0b006701 10000 100 1554558 59564310 3353379 1386558
0b003b01 0b006201 10000 100 743 62890241 82782 83832
0b004701 0b001b01 10000 100 493 63210860 82284 83632
0b007101 0b005001 10000 100 138 63251572 80784 83348
0b002e01 0b004501 10000 100 62229 63147186 281912 135402
0b001f01 0b003601 10000 100 289 63308947 189911 83469
0b001501 0b004601 10000 100 1202 63906540 83744 84238
0b000701 0b005d01 10000 100 5950 64065082 93899 88190
0b001301 0b006d01 10000 100 9101 64161639 97375 90864
0b007f01 0b003501 10000 100 176 64183048 80908 83379
0b006701 0b003901 10000 100 203 64257012 163324 83400
0b002e01 0b007001 10000 100 20779 64371552 112566 100629
0b000201 0b005001 10000 100 177 64443778 87174 83380
0b003401 0b001101 10000 100 65220 64193583 363807 137910
0b006601 0b001301 10000 100 1552 64625415 85329 84518
0b000101 0b002801 10000 100 314 64539674 182104 83489
0b003c01 0b002301 10000 100 72602 64587830 209078 144084
0b002301 0b003501 10000 100 128 64788156 137730 83340
0b001901 0b003701 10000 100 323 64860038 81855 83496
0b001801 0b007701 10000 100 871 65385789 83132 83935
0b004501 0b006901 10000 100 1312 65414207 84328 84326
0b002001 0b002701 10000 100 97835 65357117 204111 123631
0b006601 0b000301 10000 100 1234 65361609 214689 84264
0b002d01 0b003901 10000 100 743 65524968 83387 83832
0b007d01 0b006101 10000 100 127 65498413 146683 83340
0b007401 0b007e01 10000 100 141 65680557 40398 41751
0b006301 0b001901 10000 100 209 65769536 82637 83405
0b005301 0b002601 10000 100 166324 65705860 368333 222672
0b000b01 0b006101 10000 100 202 65997352 81849 83400
0b004001 0b003901 10000 100 438 66006536 82041 83588
0b004f01 0b005b01 10000 100 388 66084431 81660 83548
0b000901 0b005b01 10000 100 398 66361116 81961 83556
0b001a01 0b005801 10000 100 9354 66522874 94322 91067
0b007101 0b001501 10000 100 689 66535447 82548 83789
0b004801 0b003101 10000 100 167 66623728 80880 83372
0b001001 0b006301 10000 100 969 66613229 282153 84013
0b006b01 0b007901 10000 100 1443 66943400 113461 84431
0b005601 0b004d01 10000 100 1071 66991109 83639 84133
0b003c01 0b001e01 10000 100 66473 66988314 138430 138951
0b000201 0b006001 10000 100 303452 66625197 537946 337635
0b006801 0b001201 10000 100 147 67228339 100872 83356
0b007301 0b003301 10000 100 822 67377164 82976 83896
0b002801 0b001601 10000 100 129 67587701 96623 83341
0b000b01 0b004001 10000 100 1582 67737598 101069 84542
0b003f01 0b004401 10000 100 390 67823830 81592 83550
0b005401 0b001901 10000 100 307 68025422 82309 83484
0b007b01 0b007e01 10000 100 742 68092727 41360 42232
0b003301 0b001101 10000 100 3155 68115440 88521 85877
0b005001 0b006001 10000 100 1095 68056380 155870 84152
0b000d01 0b000201 10000 100 46603 68147049 137920 80687
0b005a01 0b006901 10000 100 75702 68239122 213061 146680
0b007501 0b004001 10000 100 682 68456647 82528 83784
0b000b01 0b001b01 10000 100 1436 68482316 85090 84425
0b003f01 0b005601 10000 100 7100 68556933 91396 89187
0b006e01 0b002f01 10000 100 953 68599216 83542 84000
0b002501 0b002701 10000 100 3781 68730312 44448 44778
0b003001 0b002001 10000 100 1083 68801440 84287 84143
0b005601 0b003501 10000 100 39157 68774600 117424 116061
0b004c01 0b005301 10000 100 1609 68826197 85718 84564
0b006901 0b006b01 10000 100 1755 68939235 43560 43080
0b003801 0b000701 10000 100 157 68925503 80848 83364
0b006701 0b006b01 10000 100 6394 69018415 46315 46984
0b006a01 0b004201 10000 100 5995 68858977 212598 88226
0b004601 0b000601 10000 100 910 69013314 98123 83966
0b001d01 0b005501 10000 100 32243 69032712 151049 110261
0b002f01 0b006201 10000 100 5087 69220691 94761 87500
0b003701 0b005c01 10001 100 1559351 67212572 2164476 1390584
0b000901 0b002b01 10001 100 956 69456324 83587 84003
0b006701 0b005301 10000 100 1336 69568665 85407 84345
0b002301 0b003d01 10000 100 1425 69638746 87898 84416
0b005c01 0b000e01 10000 100 414 69748354 98474 83569
0b004d01 0b001701 10000 100 2326000 62451894 7445149 2033318
0b003b01 0b004e01 10000 100 1010 69942420 83887 84084
0b007101 0b002f01 10000 100 815 69978562 86175 83890
0b002001 0b006101 10000 100 149 70014650 251053 83357
0b005301 0b001801 10000 100 1386162 68436706 1917205 1245390
0b004901 0b006f01 10000 100 70163 70237579 141534 142056
0b004f01 0b007401 10000 100 130 70349564 80883 83342
0b007201 0b000201 10000 100 477281 69972078 493831 483380
0b004701 0b001401 10000 100 1072 70553024 83753 84134
0b005601 0b003a01 10000 100 806 70661456 82924 83883
0b005501 0b000e01 10000 100 537 70741328 82530 83668
0b005f01 0b007601 10000 100 1736 70758803 84193 84665
0b002e01 0b006001 10000 100 923 70821253 84177 83976
0b001c01 0b004d01 10000 100 167814 70636805 327222 223902
0b006b01 0b004301 10000 100 152 71124119 81834 83360
0b003a01 0b004f01 10000 100 943 71158978 85299 83992
0b000d01 0b002c01 10000 100 135 71149296 116230 83346
0b001701 0b003701 10000 100 245 71192978 81964 83434
0b004101 0b003401 10000 100 695 71194122 82568 83794
0b002201 0b004101 10000 100 4930425 61777433 9532045 4216890
0b002d01 0b003c01 10000 100 437 71247262 85348 83588
0b007501 0b004601 10000 100 8606 71295236 91850 90430
0b006d01 0b001e01 10000 100 574 72023318 82180 83697
0b006301 0b007701 10000 100 1429363 69599246 2541408 1281602
0b005c01 0b005401 10000 100 601 72250630 41134 42119
0b006801 0b000d01 10000 100 1050 72199931 133904 84116
0b006001 0b002601 10000 100 868 72373237 84753 83932
0b007501 0b006801 10000 100 374862 72336278 419598 397489
0b007901 0b002301 10002 100 325 72912584 81602 83498
0b000701 0b003201 10000 100 903 73167749 83471 83960
0b006c01 0b003f01 10000 100 832 73157135 252973 83904
0b006201 0b004101 10000 100 1437773 71994190 1464159 1288637
0b005801 0b001901 10000 100 1519 73486337 86102 84492
0b006401 0b001a01 10000 100 569 73554152 82631 83693
0b005e01 0b006c01 10000 100 723270 72034087 1804617 689617
0b006001 0b003201 10000 100 3564 73782560 88007 86204
0b001b01 0b005701 10000 100 132 73900188 80768 83344
0b003c01 0b007601 10000 100 700 73966299 82584 83798
0b006801 0b000201 10000 100 1739 73967759 84173 84668
0b005001 0b004501 10000 100 1047 74033925 83620 84114
0b007101 0b001f01 10000 100 9812 74299539 92612 91433
0b001c01 0b000201 10000 100 6886 74355198 98942 88977
0b001401 0b001701 10000 100 876 74413798 42214 42339
0b007c01 0b004501 10000 100 1659 74436467 84109 84604
0b002001 0b006301 10000 100 442 74327948 264771 83592
0b004301 0b005101 10000 100 924 74559554 83300 83977
0b002701 0b003801 10000 100 1276 74556035 123941 84297
0b007d01 0b007401 10000 100 622 74744953 41279 42136
0b001801 0b002501 10000 100 765 74863419 82792 83850
0b006901 0b001501 10000 100 471 74894517 186079 83615
0b007501 0b002801 10000 100 3442 75063611 87735 86107
0b004501 0b003f01 10000 100 318632 74831911 350585 350355
0b002b01 0b000d01 10000 100 130 75106117 111912 83342
0b000a01 0b001101 10000 100 6220454 55767138 19550157 5298449
0b000e01 0b007b01 10000 100 374 75271345 81540 83537
0b001f01 0b005f01 10000 100 833 75610045 83765 83904
0b004601 0b006301 10000 100 4683376 66342523 9384749 4009766
0b004d01 0b006f01 10000 100 83448 75602408 158416 153184
0b004901 0b005401 10000 100 1236 75754937 83771 84265
0b006801 0b002501 10000 100 1030 75755111 83606 84100
0b003801 0b002f01 10000 100 48398 75639565 210236 123800
0b006301 0b005e01 10000 100 103 75903283 81753 83320
0b000f01 0b006d01 10000 100 75545 75891763 211029 146554
0b000501 0b006c01 10000 100 257 76075775 89197 83444
0b001101 0b006601 10000 100 877 76222741 85948 83940
0b005201 0b005301 10000 100 1386 76601861 42119 42785
0b003201 0b007401 10000 100 1566 76580754 84035 84529
0b001101 0b007401 10001 100 754 76582767 200636 83841
0b007801 0b001101 10000 100 78088 76538419 293018 148704
0b001701 0b004c01 10000 100 625 76881237 82344 83738
0b003601 0b004901 10000 100 703 76884642 82592 83800
0b005f01 0b000801 10000 100 659 76954575 83076 83765
0b005201 0b006e01 10001 100 976 77125394 84132 84019
0b002501 0b001201 10000 100 185 77204506 86619 83386
0b001d01 0b004101 10000 100 68336 77148849 143549 140518
0b006001 0b002b01 10000 100 419 77221529 85397 83573
0b004101 0b001d01 10000 100 859 77288051 87693 83925
0b001d01 0b007e01 10000 100 469 77301412 89975 83613
0b003f01 0b004401 10001 100 482 77351745 83754 83624
0b002d01 0b001701 10000 100 2711 77328783 132901 85484
0b003001 0b005601 10000 100 1386 77410796 83891 84385
0b001101 0b005901 10000 100 824 77416270 175183 83897
0b000601 0b002d01 10000 100 214 77524017 174855 83409
0b007501 0b003e01 10000 100 131 77682509 80764 83343
0b007c01 0b002501 10000 100 4655 77793146 138008 87116
0b006201 0b005601 10000 100 138 77883125 81334 83348
0b005601 0b005f01 10000 100 3047 78001946 43524 44191
0b004101 0b005b01 10000 100 1630 78080975 84599 84580
0b005501 0b003c01 10000 100 161 78085505 81167 83367
0b002301 0b004001 10000 100 714 78236395 131060 83809
0b000e01 0b004301 10000 100 329 78293257 96175 83501
0b003001 0b005301 10000 100 969 78428778 84259 84013
0b000801 0b003301 10000 100 3901 78525779 88717 86474
0b004001 0b001501 10000 100 828 78623232 82992 83900
0b006601 0b004901 10000 100 1062 78668592 84312 84126
0b001401 0b007001 10000 100 173 78577924 206708 83376
0b001301 0b005801 10000 100 283 78734066 81994 83464
0b000401 0b000901 10000 100 931 78783916 42097 42383
0b002d01 0b000201 10000 100 89874 78518888 310419 158555
0b001101 0b005f01 10000 100 1619 78762054 84905 84572
0b002001 0b004601 10000 100 349 78898750 101952 83517
0b003e01 0b002d01 10000 100 788 78926534 83482 83868
0b000c01 0b003401 10000 100 737181 78416041 700495 701284
0b001901 0b003b01 10000 100 1650 79033066 85156 84596
0b003d01 0b005e01 10000 100 302 79084021 81312 83480
0b002e01 0b006501 10000 100 43464161 35216296 43987690 36523584
0b006201 0b005801 10000 100 326 79170457 82726 83499
0b004401 0b002b01 10000 100 2477 79029618 226707 85296
0b003801 0b007f01 10000 100 226 79247351 83513 83419
0b003801 0b002b01 10000 100 534 79595700 83025 83665
0b002101 0b004001 10000 100 128 79623675 80752 83340
0b004e01 0b007101 10000 100 1579 79562892 145051 84540
0b004501 0b000501 10000 100 533 79747293 82169 83664
0b000b01 0b002301 10000 100 82631 79517187 356299 152492
0b004201 0b002201 10000 100 515 79792107 94433 83650
0b000101 0b002f01 10000 100 1482 79874955 84807 84462
0b004f01 0b007601 10000 100 156 80032482 81252 83363
0b003c01 0b007601 10001 100 2765 80107891 89301 85527
0b003501 0b001b01 10000 100 1680 80167972 107429 84620
0b002701 0b006201 10000 100 13706713 67853267 12476629 11574919
0b006301 0b004b01 10000 100 245540 79838513 546225 289078
0b005e01 0b003b01 10000 100 7183 80410246 88900 89253
0b003501 0b003801 10000 100 50862 80430646 83562 84248
0b002601 0b002701 10000 100 410 80529176 40828 41966
0b002801 0b006701 10000 100 7723 80547638 94831 89685
0b006f01 0b002c01 10000 100 903 80614817 83954 83960
0b004601 0b004501 10000 100 2997 81027903 43446 44112
0b005601 0b006001 10000 100 1293 81113136 83816 84311
0b003f01 0b006d01 10000 100 373 81158405 81536 83536
0b000701 0b006b01 10000 100 31991 81083271 253389 110021
0b001201 0b005201 10000 100 257082 81419053 321505 298772
0b006001 0b001001 10000 100 9786 81670950 119981 91412
0b005701 0b007601 10001 100 656 81764324 82444 83763
0b003001 0b001501 10000 100 718 81787727 87677 83812
0b006601 0b000601 10000 100 8764 81925205 107976 90556
0b007301 0b005401 10000 100 701 82133610 83951 83799
0b000401 0b007d01 10000 100 130 82171801 81694 83342
0b002b01 0b000801 10000 100 949 82686213 120841 83997
0b006d01 0b007b01 10000 100 3693 82729530 85908 86308
0b005501 0b006001 10000 100 673 82841990 83168 83776
0b003701 0b004001 10000 100 446 82914131 81772 83595
0b003601 0b001d01 10000 100 339 82969052 87635 83509
0b004d01 0b000201 10000 100 744 82941827 172585 83833
0b005d01 0b003801 10000 100 1281 83166787 83807 84301
0b004301 0b007101 10000 100 718 83183025 108314 83812
0b002901 0b002f01 10000 100 7531 83253007 47263 47932
0b006001 0b004601 10000 100 6378 83255950 92595 88571
0b002601 0b007201 10000 100 870 83270370 177463 83934
0b003101 0b007201 10001 100 129 83435300 80756 83341
0b001101 0b003901 10000 100 774 83461520 83605 83857
0b006e01 0b001e01 10000 100 3946860 80240900 3410773 3392252
0b004201 0b004001 10000 100 142 83640994 40400 41752
0b001701 0b006b01 10000 100 772 83609944 83762 83856
0b003f01 0b005c01 10000 100 72254 83526118 183366 143806
0b004801 0b003601 10000 100 349 83650976 81460 83517
0b006301 0b005f01 10000 100 94247 83393089 341979 162245
0b004301 0b006601 10001 100 19499772 61334977 22457613 16431817
0b002401 0b002f01 10000 100 146 83896527 40406 41755
0b000e01 0b001c01 10000 100 497 83868963 81936 83636
0b002501 0b003c01 10000 100 386 83843648 111135 83547
0b000901 0b003801 10001 100 753 83883199 82752 83840
0b000301 0b001601 10000 100 305 83928461 81711 83482
0b002301 0b005e01 10000 100 1243 83699682 321644 84271
0b000401 0b001b01 10000 100 437 84017270 82965 83588
0b002c01 0b003601 10000 100 900 83984174 120701 83958
0b006501 0b006401 10000 100 9298 84131645 48752 49422
0b007d01 0b007c01 10000 100 473 84637901 40928 42016
0b002101 0b007501 10000 100 669 84522266 334563 83773
0b006601 0b003301 10000 100 965 84798107 83432 84010
0b005e01 0b006c01 10001 100 1783 84888567 86393 84703
0b004101 0b000c01 10000 100 7796 84924020 89487 89744
0b006701 0b004601 10000 100 9332 84928605 90696 91049
0b006801 0b006101 10000 100 288 85072267 40632 41868
0b001c01 0b000201 10001 100 252889 84949560 306103 295226
0b002e01 0b004601 10001 100 175 85227942 80904 83378
0b001701 0b003401 10000 100 994 85317302 83900 84033
0b000501 0b000d01 10000 100 332389 84822582 810788 320298
0b003c01 0b002901 10000 100 457 85578816 81840 83604
0b006801 0b005001 10000 100 318 85663833 82955 83492
0b007f01 0b000001 10000 100 829 86021482 86210 83901
0b005001 0b000901 10000 100 170 86149382 106494 83374
0b005101 0b007101 10000 100 1830795 82627675 3639715 1618146
0b007001 0b002f01 10000 100 1399 86149093 126191 84396
0b002d01 0b006701 10000 100 8459 86249573 140363 90312
0b004501 0b005d01 10000 100 747 86334573 83855 83836
0b007201 0b007901 10000 100 954 86394509 41698 42401
0b005301 0b007101 10000 100 3131468 81628323 4817279 2708643
0b006401 0b006101 10000 100 129 86532268 40378 41741
0b006001 0b002a01 10000 100 369 86609444 92890 83533
0b007c01 0b003d01 10000 100 121 86880703 80732 83335
0b007f01 0b002201 10000 100 548 86844475 139105 83676
0b005101 0b007a01 10000 100 638 87235603 82384 83748
0b002001 0b005601 10000 100 6354 87308416 92326 88552
0b002001 0b006c01 10000 100 76689530 17538052 70048952 64379720
0b007901 0b006101 10000 100 142 87488010 174759 83352
0b003d01 0b000d01 10000 100 1826 87418370 274331 84737
0b001901 0b002101 10000 100 88143049 10487791 77247220 73982368
0b002201 0b004d01 10000 100 1283 87776257 84570 84303
0b006e01 0b007201 10000 100 2811 87776656 85069 85564
0b001801 0b003d01 10000 100 854 87856466 83076 83921
0b007201 0b003f01 10000 100 2784 87903802 85047 85542
0b004401 0b005b01 10000 100 503 88044163 83485 83640
0b005801 0b001301 10000 100 173 88076276 80896 83376
0b007101 0b005801 10000 100 810 88129979 83036 83886
0b004d01 0b003f01 10000 100 157 88272223 80848 83364
0b002001 0b006201 10000 100 25377 88297506 140782 104500
0b001701 0b002701 10000 100 481 88409932 82547 83623
0b005701 0b004001 10000 100 133 88607312 81508 83344
0b000f01 0b000e01 10000 100 296 88944708 40908 41875
0b001a01 0b005201 10000 100 160020 88700456 292054 217398
0b007501 0b001001 10000 100 107 88832616 182515 83324
0b006201 0b000201 10000 100 1414 89017720 83913 84408
0b001401 0b001f01 10000 100 600 89202555 127329 42118
0b000101 0b003801 10000 100 77047 89354172 326836 147832
0b005101 0b002601 10000 100 452 90099580 87072 83600
0b000501 0b003401 10000 100 270 90374413 81208 83454
0b005101 0b003601 10000 100 1350 90395105 83862 84356
0b007e01 0b003a01 10000 100 1107796 89573068 1011047 1011984
0b000d01 0b005401 10000 100 275 90554471 142639 83458
0b002801 0b002e01 10000 100 120 91278677 41179 41734
0b005101 0b004201 10000 100 963 91450138 84664 84008
0b005601 0b007501 10001 100 375806 91531442 414546 398283
0b001901 0b000d01 10000 100 120667 91591218 378575 184380
0b007501 0b004d01 10000 100 2281 91956224 84693 85140
0b007801 0b005101 10000 100 769729 91069050 1071329 728551
0b002201 0b004401 10000 100 781 92146594 82926 83863
0b006301 0b005d01 10000 100 18793704 61862116 30485406 15839852
0b004501 0b001a01 10000 100 163 93153307 82114 83368
0b006101 0b007201 10000 100 367 93201381 81520 83532
0b004601 0b004c01 10000 100 742 93652123 41360 42232
0b000e01 0b002d01 10000 100 844 93659897 103390 83913
0b005001 0b005401 10000 100 162 93905182 40432 41768
0b004b01 0b004301 10000 100 264848 93682393 275824 263654
0b007201 0b002901 10000 100 1842 94024055 101621 84750
0b002701 0b006c01 10000 100 560 94148625 83339 83686
0b003d01 0b001001 10000 100 301 94210217 81308 83479
0b007f01 0b005a01 10000 100 66232 94220761 142235 138758
0b000601 0b002a01 10000 100 94010 94215476 268813 162056
0b000301 0b004301 10000 100 2275 94498133 87209 85135
0b007501 0b002301 10000 100 1649 94839832 84715 84596
0b002701 0b003601 10000 100 9470 94883317 98185 91160
0b002901 0b000d01 10000 100 600 95027721 144795 83718
0b003701 0b001001 10000 100 1023 95602511 83600 84095
0b002f01 0b007801 10000 100 1751 95589652 115668 84677
0b007b01 0b001701 10000 100 579 95811291 82531 83701
0b006e01 0b005401 10000 100 842767 94101542 1826514 789784
0b000201 0b005401 10000 100 8309 95909370 89935 90192
0b002901 0b003301 10000 100 587 96313403 82536 83708
0b005601 0b007401 10000 100 696 96510645 83785 83795
0b002501 0b006401 10000 100 124 96721093 113525 83337
0b004501 0b002c01 10000 100 532 96671390 179292 83664
0b003101 0b002901 10000 100 852 96970296 83867 83920
0b002b01 0b003301 10000 100 1058 97650301 84796 84123
0b006101 0b001b01 10000 100 3077703 95570054 2661832 2663557
0b006301 0b002f01 10000 100 235 98171704 81102 83426
0b000b01 0b001101 10000 100 53546371 44172329 54333882 44976501
0b003a01 0b003501 10000 100 251 98962616 40574 41839
