0b000c01 0b000101 10000 5010 40000 5000000 95212 28784
0b000d01 0b000101 10000 5011 40000 5000000 95421 28784
0b000e01 0b000101 10000 5012 40000 5000000 95630 28784
0b000f01 0b000101 10000 5013 40000 5000000 95839 28784
0b001001 0b000101 10000 5014 40000 5000000 96048 28784
0b001101 0b000101 10000 5015 40000 5000000 96257 28784
0b001201 0b000101 10000 5016 40000 5000000 96466 28784
0b000c01 0b000101 10001 5017 40000 8000000 90809 28784
0b000d01 0b000101 10001 5018 40000 8000000 91018 28784
0b000e01 0b000101 10001 5019 40000 8000000 91227 28784
0b000f01 0b000101 10001 5020 40000 8000000 91436 28784
0b001001 0b000101 10001 5021 40000 8000000 91645 28784
0b001101 0b000101 10001 5022 40000 8000000 91854 28784
0b001201 0b000101 10001 5023 40000 8000000 92063 28784
0b000701 0b000101 10000 5005 6000000 0 9521414 1278000
0b000a01 0b000101 10000 5008 6000000 0 9560497 1278000
0b000901 0b000101 10000 5007 6000000 0 11617648 1278000
0b000601 0b000101 10000 5004 6000000 0 12273221 1278000
0b000501 0b000101 10000 5003 6000000 0 12644868 1278000
0b000b01 0b000101 10000 5009 6000000 0 12667006 1278000
0b000801 0b000101 10000 5006 6000000 0 12969409 1278000
0b000201 0b000101 10000 5000 6000000 0 12986783 1278000
0b000301 0b000101 10000 5001 6000000 0 13119596 1278000
0b000401 0b000101 10000 5002 6000000 0 13470474 1278000
0
40836 1278000
